4   0   2   0   1   0   0   0   12  0   1   0   0   0   0   0   1   0   1   0   1   0   0   0   3   0   0   0   0   0   0   0   
1   0   0   0   0   0   0   0   1   0   0   0   0   0   0   0   0   0   0   0   0   0   255 255 0   0   1   0   0   0   255 255 
0   0   0   0   0   0   255 255 1   0   0   0   0   0   255 255 0   0   255 255 0   0   0   0   0   0   0   0   0   0   255 255 
0   0   0   0   0   0   255 255 0   0   0   0   0   0   255 255 255 255 255 255 255 255 254 255 0   0   255 255 255 255 255 255 
4   0   2   0   1   0   0   0   13  0   1   0   0   0   0   0   1   0   1   0   1   0   0   0   3   0   0   0   0   0   0   0   
1   0   0   0   0   0   0   0   1   0   0   0   0   0   0   0   0   0   0   0   0   0   255 255 1   0   1   0   0   0   255 255 
0   0   0   0   0   0   0   0   1   0   0   0   0   0   255 255 0   0   255 255 0   0   0   0   0   0   0   0   0   0   255 255 
0   0   0   0   0   0   255 255 0   0   0   0   0   0   255 255 255 255 255 255 255 255 254 255 0   0   255 255 255 255 255 255 
4   0   2   0   1   0   0   0   13  0   1   0   0   0   0   0   1   0   1   0   1   0   0   0   3   0   0   0   255 255 0   0   
1   0   0   0   0   0   0   0   1   0   0   0   0   0   0   0   0   0   0   0   0   0   255 255 1   0   1   0   0   0   255 255 
0   0   0   0   0   0   0   0   1   0   0   0   0   0   255 255 0   0   255 255 0   0   0   0   0   0   0   0   0   0   255 255 
0   0   0   0   0   0   255 255 0   0   0   0   0   0   255 255 255 255 255 255 255 255 254 255 0   0   255 255 255 255 255 255 
4   0   2   0   1   0   255 255 13  0   1   0   0   0   0   0   1   0   1   0   1   0   0   0   3   0   0   0   255 255 0   0   
1   0   0   0   0   0   255 255 1   0   0   0   0   0   0   0   0   0   0   0   0   0   255 255 1   0   1   0   0   0   255 255 
0   0   0   0   0   0   255 255 1   0   0   0   0   0   255 255 0   0   255 255 0   0   0   0   0   0   255 255 0   0   255 255 
0   0   0   0   0   0   255 255 0   0   0   0   255 255 255 255 255 255 255 255 255 255 254 255 0   0   255 255 255 255 255 255 
4   0   2   0   1   0   255 255 13  0   1   0   0   0   0   0   1   0   1   0   1   0   0   0   3   0   0   0   255 255 0   0   
1   0   0   0   0   0   255 255 1   0   0   0   0   0   0   0   0   0   0   0   0   0   255 255 1   0   1   0   0   0   255 255 
0   0   0   0   0   0   255 255 1   0   0   0   0   0   255 255 0   0   0   0   0   0   0   0   0   0   255 255 0   0   255 255 
0   0   0   0   0   0   255 255 0   0   0   0   255 255 255 255 255 255 255 255 255 255 255 255 0   0   255 255 255 255 255 255 
4   0   2   0   1   0   255 255 13  0   1   0   0   0   0   0   1   0   1   0   1   0   255 255 3   0   0   0   255 255 0   0   
1   0   0   0   0   0   255 255 1   0   0   0   0   0   0   0   0   0   0   0   0   0   255 255 1   0   1   0   0   0   255 255 
0   0   0   0   0   0   0   0   1   0   0   0   0   0   255 255 0   0   0   0   0   0   0   0   0   0   255 255 0   0   255 255 
0   0   0   0   0   0   255 255 255 255 0   0   255 255 255 255 255 255 255 255 255 255 255 255 0   0   255 255 255 255 255 255 
4   0   2   0   1   0   255 255 13  0   1   0   0   0   0   0   1   0   1   0   1   0   255 255 3   0   0   0   255 255 0   0   
1   0   0   0   0   0   255 255 1   0   0   0   0   0   0   0   0   0   0   0   0   0   255 255 1   0   1   0   0   0   255 255 
0   0   0   0   0   0   255 255 1   0   0   0   0   0   255 255 0   0   0   0   0   0   0   0   0   0   255 255 0   0   255 255 
0   0   255 255 0   0   255 255 255 255 0   0   255 255 255 255 255 255 255 255 255 255 255 255 0   0   255 255 255 255 255 255 
4   0   2   0   1   0   0   0   13  0   1   0   0   0   0   0   1   0   1   0   1   0   255 255 3   0   0   0   255 255 0   0   
1   0   0   0   0   0   255 255 1   0   0   0   0   0   0   0   0   0   0   0   0   0   255 255 1   0   1   0   0   0   255 255 
0   0   0   0   0   0   255 255 0   0   0   0   255 255 255 255 0   0   0   0   0   0   0   0   0   0   255 255 0   0   255 255 
0   0   255 255 0   0   255 255 255 255 0   0   255 255 255 255 255 255 255 255 255 255 255 255 0   0   255 255 255 255 255 255 
4   0   2   0   1   0   0   0   13  0   1   0   0   0   0   0   1   0   1   0   1   0   255 255 3   0   0   0   255 255 0   0   
1   0   0   0   0   0   255 255 1   0   0   0   0   0   0   0   0   0   0   0   0   0   255 255 1   0   1   0   0   0   255 255 
0   0   0   0   0   0   255 255 1   0   0   0   0   0   255 255 0   0   0   0   0   0   0   0   0   0   255 255 0   0   255 255 
0   0   0   0   0   0   255 255 255 255 0   0   255 255 255 255 255 255 255 255 255 255 255 255 0   0   255 255 255 255 255 255 
4   0   2   0   1   0   0   0   13  0   1   0   0   0   0   0   1   0   1   0   1   0   255 255 3   0   0   0   255 255 0   0   
1   0   0   0   0   0   255 255 1   0   0   0   0   0   0   0   0   0   0   0   0   0   255 255 1   0   1   0   0   0   255 255 
0   0   0   0   0   0   255 255 1   0   0   0   0   0   255 255 0   0   0   0   0   0   0   0   0   0   255 255 0   0   255 255 
0   0   0   0   0   0   255 255 255 255 0   0   255 255 255 255 255 255 255 255 255 255 255 255 0   0   255 255 255 255 255 255 
4   0   2   0   1   0   0   0   13  0   1   0   0   0   0   0   1   0   1   0   1   0   255 255 3   0   0   0   255 255 0   0   
1   0   0   0   0   0   255 255 1   0   0   0   0   0   0   0   0   0   0   0   0   0   255 255 1   0   1   0   0   0   255 255 
0   0   0   0   0   0   255 255 1   0   0   0   0   0   255 255 0   0   0   0   0   0   0   0   0   0   255 255 0   0   255 255 
0   0   0   0   0   0   255 255 255 255 0   0   0   0   255 255 255 255 255 255 255 255 255 255 0   0   255 255 255 255 255 255 
4   0   2   0   1   0   0   0   13  0   1   0   0   0   0   0   1   0   1   0   1   0   255 255 3   0   0   0   0   0   0   0   
1   0   0   0   0   0   255 255 1   0   0   0   0   0   0   0   0   0   0   0   0   0   255 255 1   0   1   0   0   0   255 255 
0   0   0   0   0   0   255 255 1   0   0   0   0   0   255 255 0   0   0   0   0   0   0   0   0   0   255 255 0   0   255 255 
0   0   0   0   0   0   255 255 255 255 0   0   0   0   255 255 255 255 255 255 255 255 255 255 0   0   255 255 255 255 255 255 
4   0   2   0   1   0   0   0   13  0   1   0   0   0   0   0   1   0   1   0   1   0   255 255 3   0   0   0   0   0   255 255 
1   0   0   0   255 255 255 255 1   0   0   0   0   0   0   0   0   0   0   0   0   0   255 255 1   0   1   0   0   0   255 255 
0   0   0   0   0   0   255 255 1   0   0   0   0   0   255 255 0   0   0   0   0   0   0   0   0   0   255 255 0   0   255 255 
0   0   0   0   0   0   255 255 255 255 0   0   0   0   255 255 255 255 255 255 255 255 255 255 0   0   255 255 255 255 255 255 
4   0   2   0   1   0   0   0   13  0   1   0   0   0   0   0   1   0   1   0   1   0   255 255 3   0   0   0   0   0   255 255 
1   0   0   0   0   0   255 255 1   0   0   0   0   0   0   0   0   0   0   0   0   0   255 255 0   0   0   0   255 255 255 255 
0   0   0   0   0   0   255 255 1   0   0   0   0   0   255 255 0   0   0   0   0   0   0   0   0   0   255 255 0   0   255 255 
0   0   0   0   0   0   255 255 255 255 0   0   0   0   255 255 255 255 255 255 255 255 255 255 0   0   255 255 255 255 255 255 
4   0   2   0   1   0   0   0   13  0   1   0   0   0   0   0   1   0   1   0   1   0   255 255 3   0   0   0   0   0   255 255 
1   0   0   0   0   0   255 255 1   0   0   0   0   0   0   0   0   0   0   0   0   0   255 255 0   0   0   0   255 255 255 255 
0   0   0   0   0   0   255 255 0   0   0   0   0   0   255 255 0   0   0   0   0   0   0   0   0   0   255 255 0   0   255 255 
0   0   0   0   0   0   255 255 255 255 0   0   0   0   255 255 255 255 255 255 255 255 255 255 255 255 255 255 255 255 255 255 
4   0   2   0   1   0   0   0   13  0   1   0   0   0   0   0   1   0   1   0   1   0   255 255 3   0   0   0   0   0   255 255 
1   0   0   0   0   0   255 255 1   0   0   0   0   0   0   0   0   0   0   0   0   0   255 255 1   0   0   0   0   0   255 255 
0   0   0   0   0   0   255 255 0   0   0   0   0   0   255 255 0   0   0   0   0   0   0   0   0   0   255 255 0   0   255 255 
0   0   255 255 0   0   254 255 255 255 0   0   0   0   255 255 255 255 255 255 255 255 255 255 255 255 255 255 255 255 255 255 
4   0   2   0   1   0   0   0   13  0   1   0   0   0   0   0   1   0   1   0   1   0   255 255 3   0   0   0   0   0   0   0   
1   0   0   0   0   0   255 255 1   0   0   0   0   0   0   0   0   0   0   0   0   0   255 255 1   0   0   0   0   0   255 255 
0   0   0   0   0   0   255 255 0   0   0   0   0   0   255 255 0   0   0   0   0   0   0   0   0   0   255 255 0   0   255 255 
0   0   0   0   0   0   254 255 255 255 0   0   0   0   255 255 255 255 255 255 255 255 255 255 255 255 255 255 0   0   255 255 
4   0   2   0   1   0   0   0   13  0   1   0   0   0   0   0   1   0   1   0   1   0   255 255 3   0   0   0   0   0   0   0   
1   0   0   0   255 255 255 255 1   0   0   0   0   0   0   0   0   0   0   0   0   0   255 255 1   0   0   0   0   0   255 255 
0   0   0   0   0   0   255 255 0   0   0   0   0   0   255 255 0   0   0   0   0   0   0   0   0   0   0   0   0   0   255 255 
0   0   0   0   0   0   255 255 255 255 0   0   0   0   255 255 255 255 255 255 255 255 255 255 255 255 255 255 0   0   255 255 
4   0   2   0   1   0   0   0   13  0   1   0   0   0   0   0   1   0   1   0   1   0   255 255 3   0   0   0   0   0   0   0   
1   0   0   0   255 255 255 255 1   0   0   0   0   0   0   0   0   0   0   0   0   0   255 255 1   0   0   0   0   0   255 255 
0   0   0   0   0   0   255 255 0   0   0   0   0   0   255 255 0   0   255 255 0   0   0   0   0   0   0   0   0   0   255 255 
0   0   0   0   0   0   255 255 255 255 0   0   0   0   255 255 255 255 255 255 255 255 255 255 0   0   0   0   0   0   255 255 
4   0   2   0   1   0   0   0   14  0   1   0   0   0   0   0   1   0   1   0   1   0   255 255 3   0   0   0   0   0   0   0   
1   0   0   0   255 255 255 255 1   0   0   0   0   0   0   0   0   0   0   0   0   0   255 255 1   0   0   0   0   0   255 255 
0   0   255 255 0   0   255 255 0   0   0   0   0   0   255 255 0   0   255 255 0   0   0   0   0   0   0   0   0   0   255 255 
0   0   0   0   0   0   255 255 255 255 0   0   255 255 255 255 255 255 255 255 255 255 255 255 0   0   0   0   0   0   255 255 
4   0   2   0   1   0   0   0   14  0   1   0   0   0   0   0   1   0   1   0   1   0   255 255 3   0   0   0   0   0   0   0   
1   0   0   0   255 255 255 255 1   0   0   0   0   0   0   0   0   0   0   0   0   0   255 255 1   0   0   0   0   0   255 255 
0   0   255 255 0   0   255 255 0   0   0   0   0   0   255 255 0   0   255 255 0   0   0   0   0   0   0   0   0   0   255 255 
0   0   0   0   0   0   255 255 0   0   0   0   255 255 255 255 0   0   255 255 255 255 255 255 0   0   0   0   0   0   255 255 
4   0   2   0   1   0   0   0   13  0   1   0   0   0   0   0   1   0   1   0   1   0   255 255 3   0   0   0   0   0   0   0   
1   0   0   0   255 255 255 255 1   0   0   0   0   0   0   0   0   0   0   0   0   0   255 255 1   0   0   0   0   0   255 255 
0   0   255 255 0   0   255 255 0   0   0   0   0   0   255 255 0   0   255 255 0   0   0   0   0   0   0   0   0   0   255 255 
0   0   0   0   0   0   255 255 0   0   0   0   255 255 255 255 0   0   255 255 255 255 255 255 0   0   0   0   0   0   255 255 
4   0   2   0   1   0   0   0   13  0   1   0   0   0   0   0   1   0   1   0   1   0   255 255 3   0   0   0   0   0   0   0   
1   0   0   0   255 255 255 255 1   0   0   0   0   0   0   0   0   0   0   0   0   0   255 255 1   0   0   0   0   0   255 255 
0   0   255 255 0   0   255 255 0   0   0   0   0   0   255 255 0   0   255 255 0   0   0   0   0   0   0   0   0   0   255 255 
0   0   0   0   0   0   255 255 0   0   0   0   0   0   255 255 0   0   0   0   0   0   255 255 0   0   0   0   0   0   255 255 
4   0   2   0   1   0   0   0   13  0   1   0   0   0   0   0   1   0   1   0   1   0   255 255 3   0   0   0   0   0   0   0   
1   0   0   0   255 255 255 255 1   0   0   0   0   0   0   0   0   0   0   0   0   0   255 255 1   0   0   0   0   0   255 255 
0   0   255 255 0   0   255 255 0   0   0   0   0   0   255 255 0   0   255 255 0   0   0   0   0   0   0   0   0   0   255 255 
0   0   0   0   0   0   255 255 0   0   0   0   0   0   255 255 0   0   0   0   0   0   255 255 0   0   0   0   0   0   255 255 
5   0   2   0   1   0   0   0   13  0   1   0   0   0   0   0   1   0   1   0   1   0   255 255 3   0   0   0   0   0   0   0   
1   0   0   0   255 255 255 255 1   0   0   0   0   0   0   0   0   0   0   0   0   0   255 255 1   0   0   0   0   0   255 255 
0   0   255 255 0   0   255 255 0   0   0   0   0   0   255 255 0   0   255 255 0   0   0   0   0   0   0   0   0   0   255 255 
0   0   0   0   0   0   255 255 0   0   0   0   0   0   255 255 0   0   0   0   0   0   255 255 0   0   255 255 0   0   255 255 
5   0   2   0   1   0   0   0   14  0   1   0   0   0   0   0   1   0   1   0   1   0   255 255 3   0   0   0   0   0   0   0   
1   0   0   0   255 255 255 255 0   0   0   0   0   0   255 255 0   0   0   0   0   0   255 255 1   0   0   0   0   0   255 255 
0   0   255 255 0   0   255 255 0   0   0   0   0   0   255 255 0   0   255 255 0   0   0   0   0   0   0   0   0   0   255 255 
0   0   0   0   0   0   255 255 0   0   0   0   0   0   255 255 0   0   0   0   0   0   255 255 0   0   255 255 0   0   255 255 
5   0   2   0   1   0   0   0   13  0   1   0   0   0   0   0   1   0   1   0   1   0   255 255 3   0   0   0   255 255 255 255 
1   0   0   0   255 255 255 255 0   0   0   0   0   0   0   0   0   0   0   0   0   0   255 255 1   0   0   0   0   0   255 255 
0   0   255 255 0   0   255 255 0   0   0   0   0   0   255 255 0   0   255 255 0   0   0   0   0   0   0   0   0   0   255 255 
0   0   0   0   0   0   255 255 0   0   0   0   0   0   255 255 0   0   255 255 0   0   255 255 0   0   255 255 0   0   255 255 
5   0   2   0   1   0   0   0   14  0   1   0   0   0   0   0   2   0   1   0   1   0   255 255 3   0   0   0   255 255 255 255 
1   0   0   0   255 255 255 255 0   0   0   0   0   0   0   0   0   0   0   0   0   0   255 255 1   0   0   0   0   0   255 255 
0   0   255 255 0   0   255 255 0   0   0   0   0   0   255 255 0   0   255 255 0   0   0   0   0   0   0   0   0   0   255 255 
0   0   0   0   0   0   255 255 0   0   0   0   0   0   255 255 0   0   255 255 0   0   255 255 0   0   255 255 255 255 255 255 
5   0   2   0   1   0   0   0   14  0   1   0   0   0   0   0   2   0   1   0   1   0   255 255 3   0   0   0   255 255 0   0   
1   0   0   0   0   0   255 255 0   0   0   0   0   0   0   0   0   0   0   0   0   0   255 255 1   0   0   0   0   0   255 255 
0   0   255 255 0   0   255 255 0   0   0   0   0   0   255 255 0   0   255 255 0   0   0   0   0   0   0   0   0   0   255 255 
0   0   0   0   0   0   255 255 0   0   0   0   0   0   255 255 0   0   255 255 0   0   255 255 255 255 255 255 255 255 255 255 
5   0   2   0   1   0   0   0   14  0   1   0   0   0   0   0   2   0   1   0   1   0   255 255 3   0   0   0   255 255 0   0   
1   0   0   0   0   0   255 255 0   0   0   0   0   0   0   0   0   0   0   0   0   0   255 255 1   0   0   0   0   0   255 255 
0   0   255 255 0   0   255 255 0   0   0   0   0   0   255 255 0   0   255 255 0   0   0   0   0   0   0   0   0   0   255 255 
0   0   0   0   0   0   255 255 0   0   0   0   0   0   255 255 0   0   255 255 0   0   255 255 255 255 255 255 255 255 255 255 
5   0   2   0   1   0   0   0   14  0   1   0   0   0   0   0   2   0   1   0   1   0   255 255 3   0   0   0   255 255 0   0   
1   0   0   0   0   0   255 255 0   0   0   0   0   0   0   0   0   0   0   0   0   0   255 255 1   0   0   0   0   0   255 255 
0   0   255 255 0   0   255 255 0   0   0   0   0   0   255 255 0   0   255 255 0   0   0   0   0   0   0   0   0   0   255 255 
0   0   0   0   0   0   255 255 0   0   0   0   0   0   255 255 0   0   255 255 0   0   255 255 0   0   0   0   255 255 255 255 
5   0   2   0   1   0   255 255 14  0   1   0   0   0   0   0   2   0   1   0   1   0   255 255 3   0   0   0   255 255 0   0   
1   0   0   0   255 255 255 255 0   0   0   0   0   0   0   0   0   0   0   0   0   0   255 255 1   0   0   0   0   0   255 255 
0   0   255 255 0   0   255 255 0   0   0   0   0   0   255 255 0   0   255 255 0   0   0   0   0   0   0   0   0   0   255 255 
0   0   0   0   0   0   255 255 255 255 0   0   0   0   255 255 0   0   255 255 0   0   255 255 255 255 255 255 255 255 255 255 
5   0   2   0   1   0   255 255 14  0   1   0   0   0   0   0   2   0   1   0   1   0   255 255 3   0   0   0   255 255 0   0   
1   0   0   0   255 255 255 255 1   0   0   0   0   0   0   0   0   0   0   0   0   0   255 255 1   0   0   0   0   0   255 255 
0   0   0   0   0   0   255 255 0   0   0   0   0   0   255 255 0   0   255 255 0   0   0   0   0   0   0   0   0   0   255 255 
0   0   0   0   0   0   255 255 255 255 0   0   0   0   255 255 0   0   255 255 0   0   255 255 255 255 255 255 255 255 255 255 
5   0   2   0   1   0   255 255 14  0   1   0   0   0   0   0   2   0   1   0   1   0   255 255 3   0   0   0   255 255 0   0   
1   0   0   0   255 255 255 255 1   0   0   0   0   0   0   0   0   0   0   0   0   0   255 255 1   0   0   0   0   0   255 255 
0   0   0   0   0   0   255 255 0   0   0   0   0   0   255 255 0   0   255 255 0   0   0   0   0   0   0   0   1   0   0   0   
0   0   0   0   0   0   255 255 255 255 0   0   0   0   255 255 0   0   255 255 0   0   255 255 0   0   0   0   255 255 255 255 
5   0   2   0   1   0   255 255 14  0   1   0   0   0   0   0   2   0   1   0   1   0   255 255 3   0   0   0   0   0   0   0   
1   0   0   0   255 255 255 255 1   0   0   0   0   0   0   0   0   0   0   0   0   0   255 255 1   0   1   0   0   0   0   0   
0   0   0   0   0   0   255 255 0   0   0   0   0   0   255 255 0   0   255 255 0   0   0   0   0   0   0   0   0   0   0   0   
0   0   0   0   0   0   255 255 255 255 0   0   0   0   255 255 0   0   255 255 0   0   255 255 0   0   0   0   255 255 255 255 
5   0   2   0   1   0   255 255 14  0   1   0   0   0   0   0   2   0   1   0   1   0   255 255 3   0   0   0   0   0   0   0   
1   0   0   0   255 255 255 255 1   0   0   0   0   0   0   0   0   0   0   0   0   0   255 255 1   0   1   0   0   0   0   0   
0   0   0   0   0   0   255 255 0   0   0   0   0   0   255 255 0   0   255 255 0   0   0   0   0   0   0   0   0   0   255 255 
0   0   0   0   0   0   255 255 255 255 0   0   0   0   255 255 0   0   255 255 0   0   255 255 0   0   0   0   0   0   255 255 
5   0   2   0   1   0   255 255 14  0   1   0   0   0   0   0   2   0   1   0   1   0   255 255 3   0   0   0   0   0   0   0   
1   0   0   0   255 255 255 255 1   0   0   0   0   0   0   0   0   0   0   0   0   0   255 255 1   0   1   0   0   0   0   0   
0   0   0   0   0   0   255 255 1   0   0   0   0   0   255 255 0   0   255 255 0   0   0   0   0   0   0   0   0   0   255 255 
0   0   0   0   0   0   255 255 255 255 0   0   0   0   255 255 0   0   255 255 0   0   255 255 255 255 255 255 255 255 255 255 
5   0   2   0   1   0   255 255 14  0   1   0   0   0   0   0   2   0   1   0   1   0   255 255 3   0   0   0   0   0   0   0   
1   0   0   0   255 255 255 255 1   0   0   0   0   0   0   0   0   0   0   0   0   0   255 255 1   0   1   0   0   0   0   0   
0   0   0   0   0   0   255 255 1   0   0   0   0   0   255 255 0   0   255 255 0   0   0   0   0   0   0   0   0   0   255 255 
0   0   0   0   0   0   255 255 255 255 0   0   0   0   255 255 0   0   0   0   0   0   255 255 255 255 255 255 255 255 255 255 
5   0   2   0   1   0   255 255 14  0   1   0   0   0   0   0   2   0   1   0   1   0   0   0   3   0   0   0   0   0   0   0   
1   0   0   0   255 255 255 255 1   0   0   0   0   0   0   0   0   0   0   0   0   0   255 255 1   0   1   0   0   0   255 255 
0   0   0   0   0   0   255 255 1   0   0   0   0   0   255 255 0   0   0   0   0   0   0   0   0   0   0   0   0   0   255 255 
0   0   0   0   0   0   255 255 255 255 0   0   0   0   255 255 255 255 255 255 0   0   255 255 255 255 255 255 255 255 255 255 
5   0   2   0   1   0   255 255 14  0   1   0   0   0   0   0   2   0   1   0   1   0   0   0   3   0   0   0   0   0   0   0   
1   0   0   0   255 255 255 255 1   0   0   0   0   0   0   0   0   0   0   0   0   0   255 255 1   0   1   0   0   0   255 255 
0   0   0   0   0   0   255 255 1   0   0   0   0   0   255 255 0   0   255 255 0   0   0   0   0   0   0   0   0   0   255 255 
0   0   0   0   0   0   255 255 255 255 0   0   0   0   255 255 0   0   0   0   0   0   255 255 255 255 255 255 255 255 255 255 
5   0   2   0   1   0   255 255 14  0   1   0   0   0   0   0   2   0   1   0   1   0   0   0   3   0   0   0   0   0   0   0   
1   0   0   0   0   0   255 255 1   0   0   0   0   0   0   0   0   0   0   0   255 255 254 255 1   0   1   0   0   0   255 255 
0   0   0   0   0   0   0   0   1   0   0   0   0   0   255 255 0   0   0   0   0   0   0   0   0   0   0   0   0   0   255 255 
0   0   0   0   0   0   255 255 255 255 0   0   0   0   255 255 255 255 255 255 0   0   255 255 255 255 255 255 255 255 255 255 
5   0   2   0   1   0   255 255 14  0   1   0   0   0   0   0   2   0   1   0   1   0   255 255 3   0   0   0   0   0   0   0   
1   0   0   0   255 255 255 255 1   0   0   0   0   0   0   0   0   0   0   0   0   0   255 255 1   0   1   0   0   0   255 255 
0   0   0   0   0   0   0   0   1   0   0   0   0   0   255 255 0   0   255 255 0   0   0   0   0   0   0   0   0   0   255 255 
0   0   0   0   0   0   255 255 255 255 0   0   0   0   255 255 255 255 255 255 0   0   255 255 255 255 255 255 255 255 255 255 
5   0   2   0   1   0   255 255 13  0   1   0   0   0   0   0   2   0   1   0   1   0   255 255 3   0   0   0   0   0   0   0   
1   0   0   0   255 255 255 255 1   0   0   0   0   0   0   0   0   0   0   0   0   0   255 255 1   0   1   0   0   0   255 255 
0   0   0   0   0   0   0   0   1   0   0   0   0   0   255 255 0   0   255 255 0   0   0   0   0   0   0   0   0   0   255 255 
0   0   0   0   0   0   255 255 255 255 0   0   0   0   255 255 255 255 255 255 0   0   255 255 255 255 255 255 255 255 255 255 
5   0   2   0   1   0   255 255 13  0   1   0   0   0   0   0   2   0   1   0   1   0   255 255 3   0   0   0   0   0   0   0   
1   0   0   0   255 255 255 255 1   0   0   0   0   0   0   0   0   0   0   0   0   0   255 255 1   0   1   0   0   0   255 255 
0   0   0   0   0   0   0   0   1   0   0   0   0   0   255 255 0   0   255 255 0   0   0   0   0   0   0   0   0   0   255 255 
0   0   0   0   0   0   255 255 255 255 0   0   0   0   255 255 255 255 255 255 0   0   255 255 255 255 255 255 255 255 255 255 
5   0   2   0   1   0   255 255 14  0   1   0   0   0   0   0   2   0   1   0   1   0   255 255 3   0   0   0   0   0   0   0   
1   0   0   0   255 255 255 255 1   0   0   0   0   0   0   0   0   0   0   0   0   0   255 255 1   0   1   0   0   0   255 255 
0   0   0   0   0   0   255 255 1   0   0   0   0   0   255 255 0   0   255 255 255 255 0   0   0   0   0   0   0   0   255 255 
0   0   0   0   0   0   255 255 255 255 0   0   0   0   255 255 255 255 255 255 0   0   254 255 255 255 255 255 255 255 255 255 
5   0   2   0   1   0   255 255 14  0   1   0   0   0   0   0   2   0   1   0   1   0   255 255 3   0   0   0   0   0   255 255 
1   0   0   0   255 255 255 255 1   0   0   0   0   0   0   0   0   0   0   0   0   0   255 255 1   0   1   0   0   0   255 255 
0   0   0   0   0   0   255 255 1   0   0   0   0   0   255 255 0   0   255 255 255 255 0   0   0   0   0   0   0   0   255 255 
0   0   0   0   0   0   255 255 255 255 0   0   255 255 255 255 255 255 255 255 0   0   255 255 0   0   255 255 255 255 255 255 
5   0   2   0   1   0   0   0   14  0   1   0   0   0   0   0   2   0   1   0   1   0   255 255 3   0   0   0   0   0   255 255 
1   0   0   0   255 255 255 255 1   0   0   0   0   0   0   0   0   0   0   0   0   0   255 255 1   0   1   0   0   0   255 255 
0   0   0   0   0   0   255 255 1   0   0   0   0   0   255 255 0   0   255 255 255 255 0   0   0   0   0   0   0   0   255 255 
0   0   0   0   0   0   255 255 255 255 0   0   255 255 255 255 255 255 255 255 0   0   255 255 255 255 255 255 255 255 255 255 
5   0   2   0   1   0   255 255 14  0   1   0   0   0   0   0   2   0   1   0   1   0   255 255 3   0   0   0   255 255 255 255 
1   0   0   0   255 255 255 255 1   0   0   0   0   0   0   0   0   0   0   0   0   0   255 255 1   0   1   0   0   0   255 255 
0   0   0   0   0   0   255 255 1   0   0   0   0   0   255 255 0   0   255 255 0   0   0   0   0   0   0   0   0   0   255 255 
0   0   0   0   0   0   255 255 255 255 0   0   255 255 255 255 255 255 255 255 0   0   255 255 255 255 255 255 255 255 255 255 
5   0   3   0   1   0   255 255 14  0   1   0   0   0   0   0   2   0   1   0   1   0   255 255 3   0   0   0   255 255 255 255 
1   0   0   0   255 255 255 255 1   0   0   0   0   0   0   0   0   0   0   0   0   0   255 255 1   0   1   0   0   0   255 255 
0   0   0   0   0   0   255 255 1   0   0   0   0   0   255 255 0   0   255 255 0   0   0   0   0   0   0   0   0   0   255 255 
0   0   0   0   0   0   255 255 255 255 0   0   255 255 255 255 255 255 255 255 0   0   255 255 255 255 255 255 255 255 255 255 
5   0   3   0   1   0   255 255 14  0   1   0   0   0   0   0   2   0   1   0   1   0   255 255 3   0   0   0   255 255 255 255 
1   0   0   0   255 255 255 255 1   0   0   0   0   0   0   0   0   0   0   0   0   0   255 255 1   0   1   0   0   0   255 255 
0   0   0   0   0   0   255 255 1   0   0   0   0   0   255 255 0   0   255 255 0   0   0   0   0   0   0   0   0   0   255 255 
0   0   0   0   0   0   255 255 255 255 0   0   255 255 255 255 255 255 255 255 0   0   255 255 255 255 255 255 255 255 255 255 
5   0   3   0   1   0   255 255 14  0   1   0   0   0   0   0   2   0   1   0   1   0   255 255 3   0   0   0   255 255 255 255 
1   0   0   0   255 255 255 255 1   0   0   0   0   0   0   0   0   0   0   0   0   0   255 255 1   0   1   0   0   0   255 255 
0   0   0   0   0   0   255 255 1   0   0   0   0   0   255 255 0   0   255 255 0   0   0   0   0   0   0   0   0   0   255 255 
0   0   0   0   0   0   255 255 255 255 0   0   255 255 255 255 255 255 255 255 0   0   255 255 0   0   255 255 255 255 255 255 
5   0   3   0   1   0   255 255 14  0   1   0   0   0   0   0   2   0   1   0   1   0   255 255 3   0   0   0   255 255 255 255 
1   0   0   0   255 255 255 255 1   0   0   0   0   0   0   0   0   0   0   0   0   0   255 255 1   0   1   0   0   0   255 255 
0   0   255 255 0   0   255 255 1   0   0   0   0   0   255 255 0   0   255 255 0   0   0   0   0   0   0   0   0   0   255 255 
0   0   0   0   0   0   255 255 255 255 0   0   255 255 255 255 255 255 255 255 0   0   255 255 255 255 255 255 255 255 255 255 
5   0   3   0   1   0   255 255 14  0   1   0   0   0   0   0   2   0   1   0   1   0   255 255 3   0   0   0   255 255 0   0   
1   0   0   0   255 255 255 255 1   0   0   0   0   0   0   0   0   0   0   0   0   0   255 255 1   0   1   0   0   0   255 255 
0   0   255 255 0   0   255 255 0   0   0   0   0   0   255 255 0   0   0   0   0   0   0   0   0   0   0   0   0   0   255 255 
0   0   0   0   0   0   255 255 255 255 0   0   255 255 255 255 255 255 255 255 0   0   255 255 255 255 255 255 255 255 255 255 
5   0   3   0   1   0   0   0   13  0   1   0   0   0   0   0   2   0   1   0   1   0   255 255 3   0   0   0   255 255 0   0   
1   0   0   0   255 255 255 255 1   0   0   0   0   0   0   0   0   0   0   0   0   0   255 255 1   0   1   0   0   0   255 255 
0   0   255 255 0   0   255 255 0   0   0   0   0   0   255 255 0   0   255 255 0   0   0   0   0   0   0   0   0   0   255 255 
0   0   0   0   0   0   255 255 255 255 0   0   255 255 255 255 255 255 255 255 0   0   255 255 255 255 255 255 255 255 255 255 
5   0   3   0   1   0   0   0   13  0   1   0   0   0   0   0   2   0   1   0   1   0   255 255 3   0   0   0   0   0   0   0   
1   0   0   0   255 255 255 255 1   0   0   0   0   0   0   0   0   0   0   0   0   0   255 255 1   0   1   0   0   0   255 255 
0   0   255 255 0   0   255 255 0   0   0   0   0   0   255 255 1   0   0   0   0   0   0   0   0   0   0   0   0   0   255 255 
0   0   0   0   0   0   255 255 255 255 0   0   255 255 255 255 0   0   0   0   0   0   255 255 0   0   255 255 255 255 255 255 
5   0   3   0   1   0   255 255 13  0   1   0   0   0   0   0   2   0   1   0   1   0   255 255 3   0   0   0   0   0   0   0   
1   0   0   0   255 255 255 255 1   0   0   0   0   0   0   0   0   0   0   0   0   0   255 255 1   0   1   0   0   0   255 255 
0   0   255 255 0   0   255 255 0   0   0   0   0   0   255 255 0   0   0   0   0   0   0   0   0   0   0   0   0   0   255 255 
0   0   0   0   0   0   255 255 255 255 0   0   255 255 255 255 0   0   0   0   0   0   255 255 0   0   255 255 255 255 255 255 
5   0   2   0   1   0   255 255 13  0   1   0   0   0   0   0   2   0   1   0   1   0   255 255 3   0   0   0   0   0   0   0   
1   0   0   0   255 255 255 255 1   0   0   0   0   0   0   0   0   0   0   0   0   0   255 255 1   0   1   0   0   0   255 255 
0   0   255 255 0   0   255 255 0   0   0   0   0   0   255 255 0   0   0   0   0   0   0   0   0   0   0   0   0   0   255 255 
0   0   0   0   0   0   255 255 255 255 0   0   0   0   255 255 0   0   0   0   0   0   255 255 0   0   255 255 255 255 255 255 
5   0   2   0   1   0   255 255 13  0   1   0   0   0   0   0   2   0   1   0   1   0   255 255 3   0   0   0   0   0   0   0   
1   0   0   0   255 255 255 255 1   0   0   0   0   0   0   0   0   0   0   0   0   0   255 255 1   0   1   0   0   0   255 255 
0   0   255 255 0   0   255 255 1   0   0   0   0   0   255 255 0   0   0   0   0   0   0   0   0   0   0   0   0   0   255 255 
0   0   0   0   0   0   255 255 255 255 0   0   255 255 255 255 0   0   0   0   0   0   255 255 0   0   255 255 255 255 255 255 
5   0   2   0   1   0   255 255 13  0   1   0   0   0   0   0   2   0   1   0   1   0   0   0   3   0   0   0   0   0   0   0   
1   0   0   0   255 255 255 255 1   0   0   0   0   0   0   0   0   0   0   0   0   0   255 255 1   0   1   0   0   0   255 255 
0   0   255 255 0   0   255 255 1   0   0   0   0   0   255 255 0   0   0   0   0   0   0   0   0   0   0   0   0   0   255 255 
0   0   0   0   0   0   255 255 0   0   0   0   0   0   255 255 0   0   0   0   0   0   255 255 0   0   255 255 255 255 255 255 
5   0   2   0   1   0   255 255 13  0   1   0   0   0   0   0   2   0   1   0   1   0   255 255 3   0   0   0   0   0   0   0   
1   0   0   0   255 255 255 255 1   0   0   0   0   0   0   0   0   0   0   0   0   0   255 255 1   0   1   0   0   0   255 255 
0   0   255 255 0   0   255 255 1   0   0   0   0   0   255 255 0   0   255 255 0   0   0   0   0   0   0   0   0   0   255 255 
0   0   0   0   0   0   255 255 0   0   0   0   0   0   255 255 255 255 255 255 0   0   255 255 0   0   255 255 255 255 255 255 
5   0   2   0   1   0   255 255 13  0   1   0   0   0   0   0   2   0   1   0   1   0   255 255 3   0   0   0   0   0   0   0   
1   0   0   0   255 255 255 255 1   0   0   0   0   0   0   0   0   0   0   0   0   0   255 255 1   0   1   0   0   0   255 255 
0   0   255 255 0   0   255 255 1   0   0   0   0   0   255 255 0   0   255 255 0   0   0   0   0   0   0   0   0   0   255 255 
0   0   0   0   0   0   255 255 0   0   0   0   0   0   255 255 255 255 255 255 0   0   255 255 0   0   255 255 255 255 255 255 
5   0   2   0   1   0   0   0   13  0   1   0   0   0   0   0   2   0   1   0   1   0   255 255 3   0   0   0   0   0   0   0   
1   0   0   0   255 255 255 255 1   0   0   0   0   0   0   0   0   0   0   0   0   0   255 255 1   0   1   0   0   0   255 255 
0   0   0   0   0   0   255 255 1   0   0   0   0   0   255 255 0   0   255 255 0   0   0   0   0   0   0   0   0   0   255 255 
0   0   0   0   0   0   255 255 0   0   0   0   0   0   255 255 255 255 255 255 0   0   255 255 0   0   255 255 255 255 255 255 
5   0   2   0   1   0   0   0   13  0   1   0   0   0   0   0   2   0   1   0   1   0   255 255 3   0   0   0   0   0   0   0   
1   0   0   0   255 255 255 255 1   0   0   0   0   0   0   0   0   0   0   0   0   0   255 255 1   0   1   0   0   0   255 255 
0   0   0   0   0   0   255 255 1   0   0   0   0   0   255 255 0   0   255 255 0   0   0   0   0   0   0   0   0   0   255 255 
0   0   0   0   0   0   255 255 0   0   0   0   0   0   255 255 255 255 255 255 0   0   255 255 0   0   255 255 255 255 255 255 
4   0   2   0   1   0   255 255 13  0   1   0   0   0   0   0   2   0   1   0   1   0   255 255 3   0   0   0   0   0   0   0   
1   0   0   0   255 255 255 255 1   0   0   0   0   0   0   0   0   0   0   0   0   0   255 255 1   0   1   0   0   0   255 255 
0   0   0   0   0   0   0   0   1   0   0   0   0   0   255 255 0   0   255 255 0   0   0   0   0   0   0   0   0   0   255 255 
0   0   0   0   0   0   255 255 0   0   0   0   0   0   255 255 255 255 255 255 0   0   254 255 0   0   255 255 255 255 255 255 
4   0   2   0   1   0   255 255 13  0   1   0   0   0   0   0   2   0   1   0   1   0   255 255 3   0   0   0   0   0   0   0   
1   0   0   0   255 255 255 255 1   0   0   0   0   0   0   0   0   0   0   0   0   0   255 255 1   0   1   0   0   0   255 255 
0   0   0   0   0   0   255 255 1   0   0   0   0   0   255 255 0   0   255 255 0   0   0   0   0   0   0   0   0   0   255 255 
0   0   0   0   0   0   255 255 0   0   0   0   0   0   255 255 0   0   255 255 0   0   255 255 0   0   255 255 255 255 255 255 
4   0   2   0   1   0   255 255 13  0   1   0   0   0   0   0   2   0   1   0   1   0   255 255 3   0   0   0   0   0   0   0   
1   0   0   0   255 255 255 255 1   0   0   0   0   0   0   0   0   0   0   0   0   0   255 255 1   0   1   0   0   0   255 255 
0   0   0   0   0   0   255 255 1   0   0   0   0   0   255 255 0   0   255 255 0   0   0   0   0   0   0   0   0   0   255 255 
0   0   0   0   0   0   255 255 0   0   0   0   0   0   255 255 0   0   255 255 0   0   255 255 255 255 255 255 255 255 255 255 
4   0   2   0   1   0   255 255 13  0   1   0   0   0   0   0   2   0   1   0   1   0   255 255 3   0   0   0   0   0   0   0   
1   0   0   0   0   0   255 255 1   0   0   0   0   0   0   0   0   0   0   0   0   0   255 255 1   0   1   0   0   0   255 255 
0   0   0   0   0   0   255 255 1   0   0   0   0   0   255 255 0   0   255 255 0   0   0   0   0   0   0   0   0   0   255 255 
0   0   0   0   0   0   255 255 0   0   0   0   0   0   255 255 0   0   255 255 0   0   255 255 255 255 255 255 255 255 255 255 
4   0   2   0   1   0   255 255 13  0   1   0   0   0   0   0   2   0   1   0   1   0   255 255 3   0   0   0   0   0   0   0   
1   0   0   0   0   0   255 255 1   0   0   0   0   0   0   0   0   0   0   0   0   0   255 255 1   0   1   0   0   0   255 255 
0   0   0   0   0   0   255 255 1   0   0   0   0   0   255 255 0   0   255 255 0   0   0   0   1   0   0   0   0   0   255 255 
0   0   0   0   0   0   255 255 0   0   0   0   0   0   255 255 0   0   255 255 0   0   255 255 255 255 255 255 255 255 255 255 
4   0   2   0   1   0   255 255 13  0   1   0   0   0   0   0   2   0   1   0   1   0   0   0   3   0   0   0   0   0   0   0   
1   0   0   0   0   0   255 255 1   0   0   0   0   0   0   0   0   0   0   0   0   0   255 255 1   0   1   0   0   0   255 255 
0   0   0   0   0   0   255 255 1   0   0   0   0   0   255 255 0   0   255 255 0   0   0   0   0   0   0   0   0   0   255 255 
0   0   0   0   0   0   255 255 255 255 0   0   255 255 255 255 0   0   0   0   0   0   255 255 0   0   255 255 0   0   255 255 
4   0   2   0   1   0   255 255 13  0   1   0   0   0   0   0   2   0   1   0   1   0   0   0   3   0   1   0   0   0   0   0   
1   0   0   0   0   0   255 255 1   0   0   0   0   0   0   0   0   0   0   0   0   0   255 255 1   0   1   0   0   0   255 255 
0   0   0   0   0   0   255 255 1   0   0   0   0   0   255 255 0   0   0   0   0   0   0   0   0   0   0   0   0   0   255 255 
0   0   0   0   0   0   255 255 255 255 0   0   255 255 255 255 0   0   0   0   0   0   255 255 0   0   255 255 0   0   255 255 
4   0   2   0   1   0   255 255 13  0   1   0   0   0   0   0   2   0   1   0   1   0   255 255 3   0   1   0   0   0   0   0   
1   0   0   0   0   0   255 255 1   0   0   0   0   0   0   0   0   0   0   0   0   0   255 255 1   0   1   0   0   0   255 255 
0   0   0   0   0   0   255 255 1   0   0   0   0   0   255 255 0   0   0   0   0   0   0   0   0   0   0   0   0   0   255 255 
0   0   0   0   0   0   255 255 255 255 0   0   255 255 255 255 0   0   0   0   0   0   255 255 0   0   255 255 0   0   255 255 
5   0   2   0   1   0   255 255 13  0   1   0   0   0   0   0   2   0   1   0   1   0   255 255 3   0   1   0   0   0   0   0   
1   0   0   0   0   0   255 255 1   0   0   0   0   0   0   0   0   0   0   0   0   0   255 255 1   0   1   0   0   0   255 255 
0   0   0   0   0   0   255 255 1   0   0   0   0   0   255 255 0   0   0   0   0   0   0   0   0   0   0   0   0   0   255 255 
0   0   0   0   0   0   255 255 255 255 0   0   255 255 255 255 0   0   0   0   0   0   255 255 0   0   255 255 0   0   255 255 
5   0   2   0   1   0   255 255 13  0   1   0   0   0   0   0   2   0   1   0   1   0   255 255 3   0   1   0   0   0   0   0   
1   0   0   0   255 255 255 255 1   0   0   0   0   0   0   0   0   0   0   0   0   0   255 255 1   0   1   0   0   0   255 255 
0   0   0   0   0   0   255 255 1   0   0   0   0   0   255 255 0   0   0   0   0   0   0   0   0   0   0   0   0   0   255 255 
0   0   0   0   0   0   255 255 0   0   0   0   255 255 255 255 0   0   0   0   0   0   255 255 255 255 255 255 255 255 255 255 
5   0   2   0   1   0   255 255 13  0   1   0   0   0   0   0   2   0   1   0   1   0   255 255 3   0   1   0   0   0   0   0   
1   0   0   0   255 255 255 255 1   0   0   0   0   0   255 255 0   0   0   0   0   0   255 255 1   0   1   0   0   0   255 255 
0   0   0   0   0   0   255 255 1   0   0   0   0   0   255 255 0   0   0   0   0   0   0   0   0   0   0   0   0   0   255 255 
0   0   0   0   0   0   255 255 0   0   0   0   255 255 255 255 0   0   0   0   0   0   255 255 255 255 255 255 255 255 255 255 
5   0   2   0   0   0   255 255 13  0   1   0   0   0   0   0   2   0   1   0   1   0   255 255 3   0   1   0   0   0   0   0   
1   0   0   0   255 255 255 255 1   0   0   0   0   0   0   0   0   0   0   0   0   0   255 255 1   0   1   0   0   0   255 255 
0   0   0   0   0   0   255 255 1   0   0   0   0   0   255 255 0   0   255 255 0   0   0   0   0   0   0   0   0   0   255 255 
0   0   0   0   0   0   255 255 0   0   0   0   255 255 255 255 0   0   0   0   0   0   255 255 255 255 255 255 255 255 255 255 
5   0   2   0   1   0   255 255 13  0   1   0   0   0   0   0   2   0   1   0   1   0   255 255 3   0   1   0   0   0   0   0   
1   0   0   0   255 255 255 255 1   0   0   0   0   0   0   0   0   0   0   0   0   0   255 255 1   0   1   0   0   0   255 255 
0   0   0   0   0   0   255 255 1   0   0   0   0   0   255 255 0   0   255 255 0   0   0   0   0   0   0   0   0   0   255 255 
0   0   0   0   0   0   255 255 0   0   0   0   255 255 255 255 0   0   0   0   0   0   255 255 255 255 255 255 255 255 255 255 
5   0   2   0   1   0   255 255 13  0   1   0   0   0   0   0   2   0   1   0   1   0   255 255 3   0   1   0   0   0   0   0   
1   0   0   0   255 255 255 255 1   0   0   0   0   0   0   0   0   0   0   0   0   0   255 255 1   0   1   0   0   0   255 255 
0   0   0   0   0   0   255 255 1   0   0   0   0   0   255 255 0   0   255 255 0   0   0   0   0   0   0   0   0   0   255 255 
0   0   0   0   0   0   255 255 0   0   0   0   255 255 255 255 0   0   0   0   0   0   255 255 255 255 255 255 255 255 255 255 
5   0   2   0   1   0   255 255 14  0   1   0   0   0   0   0   2   0   1   0   1   0   255 255 3   0   1   0   0   0   0   0   
1   0   0   0   255 255 255 255 1   0   0   0   0   0   0   0   0   0   0   0   0   0   255 255 1   0   1   0   0   0   255 255 
0   0   0   0   0   0   255 255 1   0   0   0   0   0   255 255 0   0   255 255 0   0   0   0   0   0   0   0   0   0   255 255 
0   0   0   0   0   0   255 255 0   0   0   0   255 255 255 255 0   0   0   0   0   0   255 255 255 255 255 255 255 255 255 255 
5   0   2   0   1   0   255 255 14  0   1   0   0   0   0   0   2   0   1   0   1   0   255 255 3   0   1   0   0   0   0   0   
1   0   0   0   255 255 255 255 1   0   0   0   0   0   0   0   0   0   0   0   0   0   255 255 1   0   1   0   0   0   255 255 
0   0   0   0   0   0   255 255 0   0   0   0   0   0   255 255 0   0   255 255 0   0   0   0   0   0   0   0   0   0   255 255 
0   0   0   0   0   0   255 255 0   0   0   0   255 255 255 255 0   0   0   0   0   0   255 255 255 255 255 255 255 255 255 255 
5   0   2   0   1   0   255 255 14  0   1   0   0   0   1   0   2   0   1   0   1   0   255 255 3   0   1   0   0   0   0   0   
1   0   0   0   0   0   255 255 1   0   0   0   0   0   0   0   0   0   0   0   0   0   255 255 1   0   1   0   0   0   255 255 
0   0   0   0   0   0   255 255 0   0   0   0   0   0   255 255 0   0   255 255 0   0   0   0   0   0   0   0   0   0   255 255 
0   0   0   0   0   0   255 255 0   0   0   0   255 255 255 255 0   0   0   0   0   0   255 255 255 255 255 255 255 255 255 255 
5   0   2   0   1   0   255 255 14  0   1   0   0   0   1   0   2   0   1   0   1   0   255 255 3   0   1   0   0   0   0   0   
1   0   0   0   0   0   255 255 1   0   0   0   0   0   0   0   0   0   0   0   0   0   255 255 1   0   1   0   0   0   255 255 
0   0   0   0   0   0   255 255 0   0   0   0   0   0   255 255 0   0   255 255 0   0   0   0   0   0   0   0   0   0   255 255 
0   0   0   0   0   0   255 255 0   0   0   0   255 255 255 255 0   0   0   0   0   0   255 255 255 255 255 255 255 255 255 255 
5   0   2   0   1   0   255 255 14  0   1   0   0   0   0   0   2   0   1   0   1   0   255 255 3   0   1   0   0   0   0   0   
1   0   0   0   0   0   255 255 1   0   0   0   0   0   0   0   0   0   0   0   0   0   255 255 1   0   1   0   0   0   255 255 
0   0   0   0   0   0   255 255 0   0   0   0   0   0   255 255 0   0   255 255 0   0   0   0   0   0   255 255 0   0   255 255 
0   0   0   0   0   0   255 255 0   0   0   0   255 255 255 255 0   0   255 255 0   0   254 255 255 255 255 255 255 255 255 255 
5   0   2   0   1   0   0   0   14  0   1   0   0   0   0   0   2   0   1   0   1   0   255 255 3   0   1   0   0   0   0   0   
1   0   0   0   255 255 255 255 1   0   0   0   0   0   0   0   0   0   0   0   0   0   255 255 1   0   1   0   0   0   255 255 
0   0   0   0   0   0   255 255 0   0   0   0   0   0   255 255 0   0   255 255 0   0   0   0   0   0   255 255 0   0   255 255 
0   0   0   0   0   0   255 255 0   0   0   0   255 255 255 255 0   0   255 255 0   0   254 255 0   0   255 255 255 255 255 255 
5   0   2   0   1   0   0   0   14  0   1   0   0   0   0   0   2   0   1   0   1   0   255 255 3   0   1   0   0   0   0   0   
1   0   0   0   255 255 255 255 1   0   0   0   0   0   0   0   0   0   0   0   0   0   255 255 1   0   1   0   0   0   255 255 
0   0   0   0   0   0   255 255 0   0   0   0   0   0   255 255 0   0   255 255 0   0   0   0   0   0   255 255 0   0   255 255 
0   0   0   0   0   0   255 255 0   0   0   0   255 255 255 255 0   0   255 255 0   0   254 255 0   0   255 255 255 255 255 255 
5   0   2   0   1   0   0   0   14  0   1   0   0   0   0   0   2   0   1   0   1   0   255 255 3   0   1   0   0   0   0   0   
1   0   0   0   255 255 255 255 1   0   0   0   0   0   0   0   0   0   0   0   0   0   255 255 1   0   1   0   0   0   255 255 
0   0   0   0   0   0   255 255 0   0   0   0   0   0   255 255 0   0   255 255 0   0   0   0   0   0   0   0   0   0   255 255 
0   0   0   0   0   0   255 255 0   0   0   0   255 255 255 255 255 255 255 255 0   0   254 255 255 255 255 255 255 255 255 255 
5   0   2   0   1   0   0   0   14  0   1   0   0   0   0   0   2   0   1   0   1   0   255 255 3   0   0   0   0   0   0   0   
1   0   0   0   255 255 255 255 1   0   0   0   0   0   0   0   0   0   0   0   0   0   255 255 1   0   1   0   0   0   255 255 
0   0   0   0   0   0   255 255 0   0   0   0   0   0   255 255 0   0   255 255 0   0   0   0   0   0   0   0   0   0   255 255 
0   0   0   0   0   0   255 255 0   0   0   0   255 255 255 255 255 255 255 255 0   0   254 255 255 255 255 255 255 255 255 255 
5   0   2   0   1   0   0   0   14  0   1   0   0   0   0   0   2   0   1   0   0   0   255 255 3   0   0   0   0   0   0   0   
1   0   0   0   255 255 255 255 1   0   0   0   0   0   0   0   0   0   0   0   255 255 255 255 1   0   1   0   0   0   255 255 
0   0   0   0   0   0   255 255 0   0   0   0   0   0   255 255 0   0   255 255 0   0   0   0   0   0   0   0   0   0   255 255 
0   0   0   0   0   0   255 255 0   0   0   0   255 255 255 255 255 255 255 255 0   0   254 255 255 255 255 255 255 255 255 255 
5   0   2   0   1   0   0   0   14  0   1   0   0   0   0   0   2   0   1   0   0   0   255 255 3   0   0   0   0   0   0   0   
1   0   0   0   0   0   255 255 1   0   0   0   0   0   0   0   0   0   0   0   0   0   255 255 1   0   1   0   0   0   255 255 
0   0   0   0   0   0   255 255 0   0   0   0   0   0   255 255 0   0   255 255 0   0   0   0   0   0   0   0   0   0   255 255 
0   0   0   0   0   0   255 255 0   0   0   0   255 255 255 255 0   0   0   0   0   0   254 255 255 255 255 255 255 255 255 255 
5   0   2   0   1   0   0   0   14  0   1   0   0   0   0   0   2   0   2   0   1   0   255 255 3   0   0   0   0   0   0   0   
1   0   0   0   0   0   255 255 1   0   0   0   0   0   0   0   0   0   0   0   0   0   255 255 1   0   1   0   0   0   255 255 
0   0   0   0   0   0   255 255 0   0   0   0   0   0   255 255 0   0   255 255 0   0   0   0   0   0   0   0   0   0   255 255 
0   0   0   0   0   0   255 255 0   0   0   0   255 255 255 255 0   0   0   0   0   0   254 255 255 255 255 255 255 255 255 255 
5   0   2   0   1   0   0   0   14  0   1   0   0   0   0   0   2   0   2   0   0   0   255 255 3   0   0   0   0   0   0   0   
1   0   0   0   255 255 255 255 1   0   0   0   0   0   0   0   0   0   0   0   0   0   255 255 1   0   1   0   0   0   255 255 
0   0   0   0   0   0   255 255 0   0   0   0   0   0   255 255 0   0   255 255 0   0   0   0   0   0   0   0   0   0   255 255 
0   0   0   0   0   0   255 255 0   0   0   0   255 255 255 255 0   0   255 255 0   0   254 255 255 255 255 255 255 255 255 255 
5   0   2   0   1   0   255 255 13  0   1   0   0   0   0   0   2   0   2   0   1   0   0   0   3   0   0   0   0   0   0   0   
1   0   0   0   255 255 255 255 1   0   0   0   0   0   0   0   0   0   0   0   0   0   255 255 1   0   1   0   0   0   255 255 
0   0   0   0   0   0   255 255 0   0   0   0   0   0   255 255 0   0   0   0   0   0   0   0   0   0   0   0   0   0   255 255 
0   0   0   0   0   0   255 255 0   0   0   0   255 255 255 255 0   0   255 255 0   0   254 255 255 255 255 255 255 255 255 255 
5   0   3   0   1   0   0   0   13  0   1   0   0   0   0   0   2   0   2   0   1   0   0   0   3   0   0   0   0   0   0   0   
1   0   0   0   255 255 255 255 1   0   0   0   0   0   0   0   0   0   0   0   0   0   255 255 1   0   1   0   0   0   255 255 
0   0   0   0   0   0   255 255 0   0   0   0   0   0   255 255 0   0   0   0   0   0   0   0   0   0   0   0   0   0   255 255 
0   0   0   0   0   0   255 255 0   0   0   0   0   0   255 255 0   0   255 255 0   0   254 255 255 255 255 255 255 255 255 255 
5   0   3   0   1   0   0   0   14  0   1   0   0   0   0   0   2   0   2   0   1   0   0   0   3   0   0   0   0   0   0   0   
1   0   0   0   255 255 255 255 1   0   0   0   0   0   0   0   0   0   0   0   0   0   255 255 1   0   1   0   0   0   255 255 
0   0   0   0   0   0   255 255 0   0   0   0   0   0   255 255 0   0   0   0   0   0   0   0   0   0   0   0   0   0   255 255 
0   0   0   0   0   0   255 255 0   0   0   0   0   0   255 255 0   0   255 255 0   0   254 255 255 255 255 255 255 255 255 255 
5   0   3   0   0   0   0   0   14  0   1   0   0   0   0   0   2   0   2   0   1   0   255 255 3   0   0   0   0   0   0   0   
1   0   0   0   255 255 255 255 1   0   0   0   0   0   0   0   0   0   0   0   0   0   255 255 1   0   1   0   0   0   255 255 
0   0   0   0   0   0   255 255 0   0   0   0   0   0   255 255 0   0   0   0   0   0   0   0   0   0   0   0   0   0   255 255 
0   0   0   0   0   0   255 255 0   0   0   0   0   0   255 255 0   0   255 255 0   0   254 255 255 255 255 255 255 255 255 255 
5   0   3   0   0   0   0   0   14  0   1   0   0   0   0   0   2   0   2   0   1   0   255 255 3   0   0   0   0   0   0   0   
1   0   0   0   255 255 255 255 1   0   0   0   0   0   0   0   0   0   0   0   0   0   255 255 1   0   1   0   0   0   255 255 
0   0   0   0   0   0   255 255 0   0   0   0   0   0   255 255 0   0   255 255 0   0   0   0   0   0   0   0   0   0   255 255 
0   0   0   0   0   0   255 255 0   0   0   0   0   0   255 255 0   0   255 255 0   0   254 255 255 255 255 255 255 255 255 255 
5   0   3   0   1   0   0   0   14  0   1   0   0   0   0   0   2   0   2   0   1   0   0   0   3   0   0   0   0   0   0   0   
1   0   0   0   0   0   255 255 1   0   0   0   0   0   0   0   0   0   0   0   0   0   255 255 1   0   1   0   0   0   255 255 
0   0   0   0   0   0   0   0   0   0   0   0   0   0   255 255 0   0   255 255 0   0   0   0   0   0   0   0   0   0   255 255 
0   0   0   0   0   0   255 255 255 255 0   0   255 255 255 255 255 255 255 255 0   0   254 255 255 255 255 255 255 255 255 255 
5   0   3   0   1   0   0   0   14  0   1   0   0   0   0   0   2   0   2   0   1   0   0   0   3   0   0   0   0   0   0   0   
1   0   0   0   0   0   255 255 1   0   0   0   0   0   0   0   0   0   0   0   0   0   255 255 1   0   1   0   0   0   255 255 
0   0   0   0   0   0   0   0   0   0   0   0   0   0   255 255 0   0   255 255 0   0   0   0   0   0   0   0   0   0   255 255 
0   0   0   0   0   0   255 255 0   0   0   0   255 255 255 255 255 255 255 255 0   0   255 255 255 255 255 255 255 255 255 255 
5   0   3   0   1   0   0   0   14  0   1   0   0   0   0   0   2   0   2   0   1   0   0   0   3   0   0   0   0   0   0   0   
1   0   0   0   255 255 255 255 1   0   0   0   0   0   0   0   0   0   0   0   0   0   255 255 1   0   1   0   0   0   255 255 
0   0   0   0   0   0   0   0   0   0   0   0   0   0   255 255 0   0   255 255 0   0   0   0   0   0   0   0   0   0   255 255 
0   0   0   0   0   0   255 255 255 255 0   0   255 255 255 255 255 255 255 255 0   0   255 255 255 255 255 255 255 255 255 255 
5   0   3   0   1   0   0   0   14  0   1   0   0   0   0   0   2   0   2   0   1   0   255 255 3   0   0   0   0   0   0   0   
1   0   0   0   255 255 255 255 1   0   0   0   0   0   0   0   0   0   0   0   0   0   255 255 1   0   1   0   0   0   255 255 
0   0   0   0   0   0   0   0   0   0   0   0   0   0   255 255 0   0   255 255 0   0   0   0   0   0   0   0   0   0   255 255 
0   0   0   0   0   0   255 255 255 255 0   0   255 255 255 255 255 255 255 255 0   0   255 255 255 255 255 255 255 255 255 255 
5   0   3   0   1   0   0   0   14  0   1   0   0   0   0   0   2   0   1   0   1   0   255 255 3   0   0   0   0   0   0   0   
1   0   0   0   255 255 255 255 1   0   0   0   0   0   0   0   0   0   0   0   0   0   255 255 1   0   1   0   0   0   255 255 
0   0   0   0   0   0   255 255 0   0   0   0   0   0   255 255 0   0   255 255 0   0   0   0   0   0   0   0   0   0   255 255 
0   0   0   0   0   0   255 255 255 255 0   0   255 255 255 255 255 255 255 255 0   0   255 255 255 255 255 255 255 255 255 255 
5   0   3   0   1   0   0   0   14  0   1   0   0   0   0   0   2   0   1   0   1   0   255 255 3   0   0   0   0   0   0   0   
1   0   0   0   255 255 255 255 1   0   0   0   0   0   0   0   0   0   0   0   0   0   255 255 1   0   1   0   0   0   255 255 
0   0   0   0   0   0   255 255 0   0   0   0   0   0   255 255 0   0   255 255 0   0   0   0   0   0   0   0   0   0   255 255 
0   0   0   0   0   0   255 255 255 255 0   0   255 255 255 255 255 255 255 255 0   0   254 255 0   0   255 255 0   0   255 255 
5   0   2   0   1   0   255 255 14  0   1   0   0   0   0   0   2   0   1   0   1   0   0   0   3   0   0   0   0   0   0   0   
1   0   0   0   255 255 255 255 1   0   0   0   0   0   0   0   0   0   0   0   0   0   255 255 1   0   1   0   0   0   255 255 
0   0   0   0   0   0   255 255 0   0   0   0   0   0   255 255 0   0   255 255 0   0   0   0   0   0   0   0   0   0   255 255 
0   0   0   0   0   0   255 255 255 255 0   0   255 255 255 255 255 255 255 255 0   0   254 255 0   0   255 255 0   0   255 255 
5   0   2   0   1   0   255 255 14  0   1   0   0   0   0   0   2   0   1   0   1   0   0   0   3   0   0   0   0   0   0   0   
1   0   0   0   255 255 255 255 1   0   0   0   0   0   0   0   0   0   0   0   0   0   255 255 1   0   1   0   0   0   255 255 
0   0   255 255 0   0   255 255 0   0   0   0   0   0   255 255 0   0   255 255 0   0   0   0   0   0   255 255 255 255 255 255 
0   0   0   0   0   0   255 255 0   0   0   0   255 255 255 255 255 255 0   0   0   0   254 255 0   0   255 255 0   0   255 255 
5   0   2   0   1   0   0   0   14  0   1   0   0   0   0   0   2   0   1   0   1   0   0   0   3   0   0   0   0   0   0   0   
1   0   0   0   255 255 255 255 1   0   0   0   0   0   0   0   0   0   0   0   0   0   255 255 1   0   1   0   0   0   255 255 
255 255 255 255 255 255 255 255 0   0   0   0   0   0   255 255 0   0   255 255 0   0   0   0   0   0   255 255 255 255 255 255 
0   0   0   0   0   0   255 255 0   0   0   0   255 255 255 255 255 255 0   0   0   0   255 255 0   0   255 255 0   0   255 255 
5   0   2   0   1   0   0   0   13  0   1   0   0   0   0   0   2   0   2   0   1   0   0   0   3   0   0   0   0   0   0   0   
1   0   0   0   255 255 255 255 1   0   0   0   0   0   0   0   0   0   0   0   0   0   255 255 1   0   1   0   0   0   255 255 
255 255 255 255 255 255 255 255 1   0   0   0   0   0   255 255 0   0   255 255 0   0   0   0   0   0   255 255 255 255 255 255 
0   0   0   0   0   0   255 255 0   0   0   0   255 255 255 255 0   0   0   0   0   0   255 255 0   0   255 255 0   0   255 255 
5   0   2   0   1   0   0   0   13  0   1   0   0   0   0   0   2   0   2   0   1   0   0   0   3   0   0   0   0   0   0   0   
1   0   0   0   0   0   255 255 1   0   0   0   0   0   0   0   0   0   0   0   0   0   255 255 1   0   1   0   0   0   255 255 
0   0   255 255 255 255 255 255 1   0   0   0   0   0   255 255 0   0   0   0   0   0   0   0   0   0   255 255 0   0   255 255 
0   0   0   0   0   0   255 255 0   0   0   0   255 255 255 255 0   0   255 255 0   0   254 255 255 255 255 255 0   0   255 255 
5   0   2   0   1   0   0   0   13  0   1   0   0   0   0   0   2   0   2   0   1   0   0   0   3   0   0   0   0   0   0   0   
1   0   0   0   0   0   255 255 1   0   0   0   0   0   0   0   0   0   0   0   0   0   255 255 1   0   1   0   0   0   255 255 
0   0   255 255 255 255 255 255 1   0   0   0   0   0   255 255 0   0   255 255 0   0   0   0   0   0   255 255 0   0   255 255 
0   0   0   0   0   0   255 255 0   0   0   0   255 255 255 255 0   0   255 255 0   0   255 255 0   0   255 255 0   0   255 255 
5   0   2   0   1   0   0   0   13  0   1   0   0   0   0   0   2   0   2   0   1   0   0   0   3   0   0   0   0   0   0   0   
1   0   0   0   0   0   255 255 1   0   0   0   0   0   0   0   0   0   0   0   0   0   255 255 1   0   1   0   0   0   255 255 
0   0   255 255 255 255 255 255 1   0   0   0   0   0   255 255 0   0   255 255 0   0   0   0   0   0   255 255 0   0   255 255 
0   0   0   0   0   0   255 255 0   0   0   0   255 255 255 255 0   0   255 255 0   0   255 255 255 255 255 255 255 255 255 255 
5   0   2   0   1   0   0   0   13  0   1   0   0   0   0   0   2   0   2   0   1   0   0   0   3   0   0   0   0   0   0   0   
1   0   0   0   255 255 255 255 1   0   0   0   0   0   0   0   0   0   0   0   0   0   255 255 1   0   1   0   0   0   255 255 
0   0   255 255 255 255 255 255 1   0   0   0   0   0   255 255 0   0   255 255 0   0   0   0   0   0   255 255 0   0   255 255 
0   0   0   0   0   0   255 255 0   0   0   0   0   0   255 255 0   0   255 255 0   0   255 255 255 255 255 255 255 255 255 255 
5   0   2   0   1   0   0   0   13  0   1   0   0   0   0   0   2   0   2   0   1   0   0   0   3   0   0   0   0   0   0   0   
1   0   0   0   255 255 255 255 1   0   0   0   0   0   0   0   0   0   0   0   0   0   0   0   1   0   1   0   0   0   255 255 
0   0   255 255 255 255 255 255 1   0   0   0   0   0   255 255 0   0   255 255 0   0   0   0   0   0   255 255 0   0   255 255 
0   0   0   0   0   0   255 255 0   0   0   0   0   0   255 255 0   0   255 255 0   0   255 255 255 255 255 255 255 255 255 255 
5   0   2   0   1   0   0   0   13  0   1   0   0   0   0   0   2   0   2   0   1   0   0   0   3   0   0   0   0   0   0   0   
1   0   0   0   255 255 255 255 1   0   0   0   0   0   0   0   0   0   0   0   0   0   255 255 1   0   1   0   0   0   255 255 
0   0   255 255 255 255 255 255 1   0   0   0   0   0   255 255 0   0   255 255 0   0   0   0   0   0   255 255 0   0   255 255 
0   0   0   0   0   0   255 255 0   0   0   0   0   0   255 255 0   0   255 255 0   0   255 255 255 255 255 255 255 255 255 255 
5   0   2   0   1   0   0   0   13  0   1   0   0   0   0   0   2   0   2   0   1   0   0   0   3   0   0   0   0   0   0   0   
1   0   0   0   255 255 255 255 1   0   0   0   0   0   0   0   0   0   0   0   0   0   255 255 1   0   1   0   0   0   255 255 
0   0   255 255 255 255 255 255 1   0   0   0   0   0   255 255 0   0   255 255 0   0   0   0   0   0   255 255 0   0   255 255 
0   0   0   0   0   0   255 255 0   0   0   0   0   0   255 255 0   0   255 255 0   0   255 255 255 255 255 255 255 255 255 255 
5   0   2   0   1   0   0   0   13  0   1   0   0   0   0   0   2   0   2   0   1   0   0   0   3   0   0   0   0   0   0   0   
2   0   0   0   0   0   255 255 1   0   0   0   0   0   0   0   0   0   0   0   0   0   255 255 1   0   1   0   0   0   255 255 
0   0   255 255 255 255 255 255 1   0   0   0   0   0   255 255 0   0   255 255 0   0   0   0   0   0   255 255 0   0   255 255 
0   0   0   0   0   0   255 255 0   0   0   0   0   0   255 255 0   0   255 255 0   0   255 255 255 255 255 255 255 255 255 255 
5   0   2   0   1   0   0   0   13  0   1   0   0   0   0   0   2   0   2   0   1   0   0   0   3   0   0   0   0   0   0   0   
1   0   0   0   0   0   255 255 1   0   0   0   0   0   0   0   0   0   0   0   0   0   255 255 1   0   1   0   0   0   255 255 
0   0   0   0   0   0   255 255 1   0   0   0   0   0   255 255 0   0   255 255 0   0   0   0   0   0   255 255 0   0   255 255 
0   0   0   0   0   0   255 255 0   0   0   0   0   0   255 255 0   0   255 255 0   0   255 255 255 255 255 255 255 255 255 255 
5   0   2   0   1   0   0   0   13  0   1   0   0   0   0   0   2   0   2   0   1   0   0   0   3   0   0   0   0   0   0   0   
1   0   0   0   0   0   255 255 1   0   0   0   0   0   0   0   0   0   0   0   0   0   255 255 1   0   1   0   0   0   255 255 
0   0   0   0   0   0   255 255 1   0   0   0   0   0   255 255 0   0   255 255 0   0   0   0   0   0   255 255 0   0   255 255 
0   0   0   0   0   0   255 255 0   0   0   0   0   0   255 255 0   0   255 255 0   0   255 255 255 255 255 255 255 255 255 255 
5   0   2   0   1   0   0   0   13  0   1   0   0   0   0   0   2   0   2   0   1   0   0   0   3   0   0   0   0   0   0   0   
1   0   0   0   0   0   255 255 1   0   0   0   0   0   0   0   0   0   0   0   0   0   255 255 0   0   0   0   0   0   255 255 
0   0   0   0   0   0   255 255 1   0   0   0   0   0   255 255 0   0   255 255 0   0   0   0   0   0   0   0   0   0   255 255 
0   0   0   0   0   0   255 255 255 255 0   0   0   0   255 255 0   0   255 255 0   0   255 255 255 255 255 255 255 255 255 255 
5   0   2   0   1   0   0   0   13  0   1   0   0   0   0   0   2   0   2   0   1   0   0   0   3   0   0   0   0   0   0   0   
1   0   0   0   0   0   255 255 1   0   0   0   0   0   0   0   0   0   0   0   0   0   255 255 1   0   0   0   0   0   0   0   
0   0   0   0   0   0   255 255 1   0   0   0   0   0   255 255 0   0   255 255 0   0   0   0   0   0   0   0   0   0   255 255 
0   0   0   0   0   0   255 255 0   0   0   0   0   0   255 255 0   0   255 255 0   0   255 255 0   0   0   0   0   0   255 255 
5   0   2   0   1   0   0   0   13  0   1   0   0   0   0   0   2   0   2   0   1   0   255 255 3   0   0   0   0   0   0   0   
1   0   0   0   0   0   255 255 1   0   0   0   0   0   0   0   0   0   0   0   0   0   255 255 1   0   0   0   0   0   255 255 
0   0   0   0   0   0   255 255 1   0   0   0   0   0   255 255 0   0   255 255 0   0   0   0   0   0   0   0   0   0   255 255 
0   0   0   0   0   0   255 255 0   0   0   0   0   0   255 255 0   0   255 255 0   0   255 255 0   0   0   0   0   0   255 255 
5   0   2   0   1   0   0   0   13  0   1   0   0   0   0   0   2   0   2   0   1   0   255 255 3   0   0   0   0   0   0   0   
1   0   0   0   0   0   255 255 1   0   0   0   0   0   0   0   0   0   0   0   0   0   255 255 1   0   0   0   0   0   255 255 
0   0   0   0   0   0   255 255 0   0   0   0   0   0   255 255 0   0   255 255 0   0   0   0   0   0   0   0   0   0   255 255 
0   0   0   0   0   0   255 255 0   0   0   0   255 255 255 255 0   0   255 255 0   0   255 255 0   0   0   0   0   0   255 255 
5   0   2   0   1   0   0   0   13  0   1   0   0   0   0   0   2   0   2   0   1   0   255 255 3   0   0   0   0   0   0   0   
1   0   0   0   255 255 255 255 1   0   0   0   0   0   0   0   0   0   0   0   0   0   255 255 1   0   0   0   0   0   255 255 
0   0   0   0   0   0   0   0   0   0   0   0   0   0   255 255 0   0   255 255 0   0   0   0   0   0   0   0   0   0   255 255 
0   0   0   0   0   0   255 255 0   0   0   0   255 255 255 255 0   0   255 255 0   0   255 255 0   0   0   0   255 255 255 255 
5   0   3   0   1   0   0   0   13  0   1   0   0   0   0   0   2   0   2   0   1   0   255 255 3   0   0   0   0   0   0   0   
1   0   0   0   255 255 255 255 1   0   0   0   0   0   0   0   0   0   0   0   0   0   255 255 1   0   0   0   0   0   255 255 
0   0   0   0   0   0   0   0   0   0   0   0   0   0   255 255 0   0   255 255 0   0   0   0   0   0   0   0   0   0   255 255 
0   0   0   0   0   0   255 255 0   0   0   0   255 255 255 255 0   0   255 255 0   0   255 255 0   0   255 255 255 255 255 255 
5   0   3   0   1   0   0   0   13  0   1   0   0   0   0   0   2   0   2   0   1   0   255 255 3   0   0   0   255 255 0   0   
1   0   0   0   255 255 255 255 1   0   0   0   0   0   0   0   0   0   0   0   0   0   255 255 1   0   0   0   0   0   255 255 
0   0   0   0   0   0   0   0   1   0   0   0   0   0   255 255 0   0   255 255 0   0   0   0   0   0   0   0   0   0   255 255 
0   0   0   0   0   0   255 255 0   0   0   0   255 255 255 255 255 255 255 255 0   0   254 255 0   0   255 255 255 255 255 255 
5   0   3   0   1   0   255 255 13  0   1   0   0   0   0   0   2   0   2   0   1   0   0   0   3   0   0   0   255 255 0   0   
1   0   0   0   255 255 255 255 1   0   0   0   0   0   0   0   0   0   0   0   0   0   255 255 1   0   0   0   0   0   255 255 
0   0   0   0   0   0   0   0   1   0   0   0   0   0   255 255 0   0   255 255 0   0   0   0   0   0   0   0   0   0   255 255 
0   0   0   0   0   0   255 255 0   0   0   0   255 255 255 255 255 255 255 255 0   0   254 255 0   0   255 255 255 255 255 255 
5   0   3   0   1   0   255 255 13  0   1   0   0   0   0   0   2   0   2   0   1   0   0   0   3   0   0   0   255 255 0   0   
1   0   0   0   255 255 255 255 1   0   0   0   0   0   0   0   0   0   0   0   0   0   255 255 1   0   0   0   0   0   255 255 
0   0   0   0   0   0   255 255 0   0   0   0   0   0   255 255 0   0   255 255 0   0   0   0   0   0   0   0   0   0   255 255 
0   0   0   0   0   0   255 255 0   0   0   0   255 255 255 255 255 255 255 255 0   0   254 255 0   0   255 255 255 255 255 255 
5   0   3   0   1   0   0   0   13  0   1   0   0   0   0   0   2   0   2   0   1   0   0   0   3   0   0   0   255 255 0   0   
1   0   0   0   255 255 255 255 1   0   0   0   0   0   0   0   0   0   0   0   0   0   255 255 1   0   0   0   0   0   255 255 
0   0   0   0   0   0   255 255 0   0   0   0   0   0   255 255 0   0   255 255 0   0   0   0   0   0   0   0   0   0   255 255 
0   0   0   0   0   0   255 255 0   0   0   0   255 255 255 255 255 255 255 255 0   0   254 255 0   0   255 255 255 255 255 255 
5   0   3   0   1   0   255 255 13  0   1   0   0   0   0   0   2   0   2   0   1   0   0   0   3   0   0   0   255 255 0   0   
1   0   0   0   255 255 255 255 1   0   0   0   0   0   0   0   0   0   0   0   0   0   255 255 1   0   0   0   0   0   255 255 
0   0   0   0   0   0   255 255 0   0   0   0   0   0   255 255 0   0   255 255 0   0   0   0   0   0   0   0   0   0   255 255 
0   0   0   0   0   0   255 255 0   0   0   0   255 255 255 255 255 255 255 255 0   0   255 255 0   0   255 255 255 255 255 255 
5   0   2   0   1   0   255 255 13  0   1   0   0   0   0   0   2   0   2   0   1   0   255 255 3   0   0   0   255 255 0   0   
1   0   0   0   255 255 255 255 1   0   0   0   0   0   0   0   0   0   0   0   0   0   255 255 1   0   0   0   0   0   255 255 
0   0   0   0   0   0   255 255 0   0   0   0   0   0   255 255 0   0   255 255 0   0   0   0   0   0   0   0   0   0   255 255 
0   0   0   0   0   0   255 255 0   0   0   0   255 255 255 255 0   0   255 255 0   0   255 255 0   0   255 255 255 255 255 255 
5   0   2   0   1   0   255 255 13  0   1   0   0   0   0   0   2   0   2   0   1   0   255 255 3   0   0   0   255 255 0   0   
1   0   0   0   255 255 255 255 1   0   0   0   0   0   0   0   0   0   0   0   0   0   255 255 1   0   0   0   0   0   255 255 
0   0   0   0   0   0   255 255 0   0   0   0   255 255 255 255 0   0   255 255 0   0   0   0   255 255 255 255 0   0   255 255 
0   0   0   0   0   0   255 255 0   0   0   0   255 255 255 255 0   0   255 255 0   0   255 255 255 255 255 255 255 255 255 255 
5   0   2   0   1   0   255 255 14  0   1   0   0   0   0   0   2   0   2   0   1   0   255 255 3   0   0   0   255 255 0   0   
1   0   0   0   255 255 255 255 1   0   0   0   0   0   0   0   0   0   0   0   0   0   255 255 1   0   0   0   0   0   255 255 
1   0   0   0   0   0   0   0   0   0   0   0   255 255 255 255 0   0   255 255 0   0   0   0   0   0   255 255 0   0   255 255 
0   0   0   0   0   0   255 255 0   0   0   0   255 255 255 255 0   0   255 255 0   0   255 255 0   0   255 255 255 255 255 255 
5   0   2   0   1   0   0   0   14  0   1   0   0   0   0   0   2   0   2   0   1   0   255 255 3   0   0   0   255 255 0   0   
1   0   0   0   255 255 255 255 1   0   0   0   0   0   0   0   0   0   0   0   0   0   255 255 1   0   0   0   0   0   255 255 
1   0   0   0   0   0   0   0   0   0   0   0   255 255 255 255 0   0   255 255 0   0   0   0   0   0   255 255 0   0   255 255 
0   0   0   0   0   0   255 255 255 255 0   0   255 255 255 255 0   0   255 255 0   0   255 255 0   0   255 255 255 255 255 255 
5   0   2   0   1   0   0   0   14  0   1   0   0   0   0   0   2   0   2   0   1   0   255 255 3   0   0   0   255 255 0   0   
1   0   0   0   255 255 255 255 1   0   0   0   0   0   0   0   0   0   0   0   0   0   255 255 1   0   0   0   0   0   255 255 
0   0   0   0   0   0   0   0   0   0   0   0   255 255 255 255 0   0   255 255 0   0   0   0   0   0   255 255 0   0   255 255 
0   0   0   0   0   0   255 255 255 255 0   0   255 255 255 255 0   0   255 255 0   0   255 255 0   0   255 255 255 255 255 255 
5   0   2   0   1   0   0   0   14  0   1   0   0   0   0   0   2   0   2   0   1   0   255 255 3   0   0   0   255 255 0   0   
1   0   0   0   255 255 255 255 1   0   0   0   0   0   0   0   0   0   0   0   0   0   255 255 1   0   0   0   0   0   255 255 
0   0   255 255 0   0   0   0   0   0   0   0   255 255 255 255 0   0   255 255 255 255 0   0   0   0   255 255 0   0   255 255 
0   0   0   0   0   0   255 255 255 255 0   0   255 255 255 255 0   0   255 255 0   0   255 255 0   0   0   0   0   0   255 255 
5   0   2   0   1   0   0   0   14  0   1   0   0   0   0   0   2   0   2   0   1   0   255 255 3   0   0   0   255 255 0   0   
1   0   0   0   255 255 255 255 1   0   0   0   0   0   0   0   0   0   0   0   0   0   255 255 1   0   0   0   0   0   255 255 
0   0   255 255 0   0   0   0   0   0   0   0   255 255 255 255 0   0   255 255 255 255 0   0   0   0   255 255 0   0   255 255 
0   0   255 255 0   0   255 255 255 255 255 255 255 255 255 255 0   0   255 255 0   0   255 255 0   0   0   0   0   0   255 255 
5   0   2   0   1   0   0   0   14  0   1   0   0   0   0   0   2   0   2   0   1   0   255 255 3   0   0   0   255 255 0   0   
1   0   0   0   255 255 255 255 1   0   0   0   0   0   0   0   0   0   0   0   0   0   255 255 1   0   0   0   0   0   255 255 
0   0   255 255 0   0   0   0   0   0   0   0   255 255 255 255 0   0   255 255 255 255 0   0   0   0   255 255 0   0   255 255 
0   0   255 255 0   0   255 255 255 255 255 255 255 255 255 255 0   0   255 255 0   0   255 255 0   0   255 255 0   0   255 255 
5   0   2   0   1   0   255 255 13  0   1   0   0   0   0   0   2   0   2   0   1   0   255 255 3   0   0   0   255 255 0   0   
1   0   0   0   255 255 255 255 1   0   0   0   0   0   0   0   0   0   0   0   0   0   255 255 1   0   0   0   0   0   255 255 
0   0   255 255 0   0   0   0   0   0   0   0   255 255 255 255 0   0   255 255 255 255 0   0   0   0   255 255 0   0   255 255 
0   0   0   0   0   0   255 255 255 255 255 255 255 255 255 255 0   0   255 255 0   0   255 255 0   0   255 255 0   0   255 255 
5   0   2   0   1   0   255 255 13  0   1   0   0   0   0   0   2   0   2   0   1   0   255 255 3   0   0   0   0   0   0   0   
1   0   0   0   255 255 255 255 1   0   0   0   0   0   0   0   0   0   0   0   0   0   255 255 1   0   1   0   0   0   255 255 
0   0   255 255 0   0   0   0   0   0   0   0   255 255 255 255 0   0   255 255 255 255 0   0   0   0   255 255 0   0   255 255 
0   0   0   0   0   0   255 255 255 255 255 255 255 255 255 255 0   0   255 255 0   0   255 255 0   0   255 255 0   0   255 255 
5   0   2   0   1   0   255 255 13  0   1   0   0   0   0   0   2   0   2   0   1   0   255 255 3   0   0   0   0   0   0   0   
1   0   0   0   255 255 255 255 1   0   0   0   0   0   0   0   0   0   0   0   0   0   255 255 1   0   1   0   0   0   255 255 
0   0   255 255 0   0   0   0   0   0   0   0   255 255 255 255 0   0   255 255 0   0   0   0   0   0   255 255 0   0   255 255 
0   0   0   0   0   0   255 255 255 255 255 255 255 255 255 255 0   0   255 255 0   0   255 255 0   0   255 255 0   0   255 255 
5   0   2   0   1   0   255 255 13  0   1   0   0   0   0   0   2   0   2   0   1   0   0   0   3   0   0   0   0   0   0   0   
1   0   0   0   255 255 255 255 1   0   0   0   0   0   0   0   0   0   0   0   0   0   255 255 1   0   1   0   0   0   255 255 
0   0   255 255 0   0   0   0   0   0   0   0   255 255 255 255 0   0   255 255 0   0   0   0   0   0   255 255 0   0   255 255 
0   0   0   0   0   0   255 255 255 255 255 255 255 255 255 255 0   0   255 255 0   0   255 255 255 255 255 255 0   0   255 255 
5   0   2   0   1   0   255 255 13  0   1   0   0   0   0   0   2   0   2   0   1   0   0   0   3   0   0   0   0   0   0   0   
1   0   0   0   255 255 255 255 1   0   0   0   0   0   0   0   0   0   0   0   0   0   255 255 1   0   1   0   0   0   255 255 
0   0   255 255 0   0   0   0   0   0   0   0   255 255 255 255 0   0   255 255 0   0   0   0   0   0   255 255 0   0   255 255 
0   0   0   0   0   0   255 255 255 255 255 255 255 255 255 255 0   0   0   0   0   0   255 255 0   0   255 255 0   0   255 255 
5   0   2   0   1   0   255 255 13  0   1   0   0   0   0   0   2   0   2   0   1   0   0   0   3   0   0   0   0   0   0   0   
1   0   0   0   255 255 255 255 1   0   0   0   0   0   0   0   0   0   0   0   0   0   255 255 1   0   1   0   0   0   255 255 
0   0   255 255 0   0   0   0   0   0   0   0   255 255 255 255 0   0   255 255 0   0   0   0   0   0   255 255 0   0   255 255 
0   0   0   0   0   0   255 255 255 255 255 255 255 255 255 255 0   0   0   0   0   0   255 255 0   0   255 255 0   0   255 255 
4   0   2   0   0   0   255 255 13  0   1   0   0   0   0   0   2   0   2   0   1   0   255 255 3   0   0   0   0   0   0   0   
1   0   0   0   255 255 255 255 1   0   0   0   0   0   0   0   0   0   0   0   0   0   255 255 1   0   1   0   0   0   255 255 
0   0   255 255 0   0   0   0   0   0   0   0   255 255 255 255 0   0   255 255 0   0   0   0   0   0   255 255 0   0   255 255 
0   0   0   0   0   0   255 255 0   0   0   0   255 255 255 255 255 255 255 255 0   0   254 255 0   0   255 255 0   0   255 255 
4   0   2   0   1   0   0   0   13  0   1   0   0   0   0   0   2   0   2   0   1   0   255 255 3   0   0   0   0   0   0   0   
1   0   0   0   255 255 255 255 1   0   0   0   0   0   0   0   0   0   0   0   0   0   255 255 1   0   1   0   0   0   255 255 
0   0   255 255 0   0   255 255 0   0   0   0   255 255 255 255 0   0   255 255 0   0   0   0   0   0   255 255 0   0   255 255 
0   0   0   0   0   0   255 255 0   0   0   0   255 255 255 255 0   0   255 255 0   0   254 255 0   0   255 255 0   0   255 255 
4   0   2   0   1   0   0   0   13  0   1   0   0   0   0   0   2   0   2   0   1   0   255 255 3   0   0   0   0   0   0   0   
1   0   0   0   255 255 255 255 1   0   0   0   0   0   0   0   0   0   0   0   0   0   255 255 1   0   1   0   0   0   255 255 
0   0   255 255 0   0   255 255 0   0   0   0   255 255 255 255 0   0   255 255 0   0   0   0   0   0   255 255 0   0   255 255 
0   0   0   0   0   0   255 255 0   0   0   0   0   0   255 255 0   0   255 255 0   0   254 255 0   0   255 255 0   0   255 255 
4   0   2   0   1   0   0   0   13  0   1   0   0   0   0   0   2   0   2   0   1   0   255 255 3   0   0   0   0   0   0   0   
1   0   0   0   255 255 255 255 1   0   0   0   0   0   0   0   0   0   0   0   0   0   255 255 1   0   1   0   0   0   255 255 
0   0   255 255 0   0   255 255 0   0   0   0   0   0   255 255 0   0   255 255 0   0   0   0   0   0   255 255 0   0   255 255 
0   0   0   0   0   0   255 255 255 255 255 255 255 255 255 255 0   0   255 255 0   0   254 255 255 255 255 255 255 255 255 255 
4   0   2   0   1   0   255 255 13  0   1   0   0   0   0   0   2   0   2   0   1   0   255 255 3   0   0   0   0   0   0   0   
1   0   0   0   255 255 255 255 1   0   0   0   0   0   0   0   0   0   0   0   0   0   255 255 1   0   1   0   0   0   255 255 
0   0   255 255 0   0   255 255 0   0   0   0   0   0   255 255 0   0   255 255 0   0   0   0   0   0   255 255 0   0   255 255 
0   0   0   0   0   0   255 255 255 255 255 255 255 255 255 255 0   0   255 255 0   0   254 255 255 255 255 255 255 255 255 255 
4   0   2   0   1   0   255 255 13  0   1   0   0   0   0   0   2   0   2   0   1   0   255 255 3   0   0   0   0   0   0   0   
1   0   0   0   255 255 255 255 1   0   0   0   0   0   0   0   0   0   0   0   0   0   255 255 1   0   1   0   0   0   255 255 
0   0   255 255 0   0   255 255 0   0   0   0   0   0   255 255 0   0   255 255 0   0   0   0   0   0   255 255 0   0   255 255 
0   0   0   0   0   0   255 255 255 255 255 255 255 255 255 255 0   0   255 255 0   0   254 255 255 255 255 255 255 255 255 255 
4   0   2   0   1   0   255 255 13  0   1   0   0   0   0   0   2   0   2   0   1   0   255 255 3   0   0   0   0   0   0   0   
1   0   0   0   255 255 255 255 1   0   0   0   0   0   0   0   0   0   0   0   0   0   255 255 1   0   1   0   0   0   255 255 
0   0   255 255 0   0   255 255 0   0   0   0   0   0   255 255 0   0   255 255 0   0   0   0   0   0   255 255 0   0   255 255 
0   0   0   0   0   0   255 255 0   0   0   0   255 255 255 255 0   0   255 255 0   0   254 255 255 255 255 255 255 255 255 255 
5   0   3   0   1   0   255 255 13  0   1   0   0   0   0   0   2   0   2   0   1   0   255 255 3   0   0   0   0   0   0   0   
1   0   0   0   255 255 255 255 1   0   0   0   0   0   0   0   0   0   0   0   0   0   255 255 1   0   1   0   0   0   255 255 
0   0   255 255 0   0   255 255 0   0   0   0   0   0   255 255 0   0   255 255 0   0   0   0   0   0   255 255 0   0   255 255 
0   0   0   0   0   0   255 255 0   0   0   0   255 255 255 255 0   0   255 255 0   0   254 255 255 255 255 255 255 255 255 255 
5   0   3   0   1   0   255 255 13  0   1   0   0   0   0   0   2   0   1   0   0   0   255 255 3   0   0   0   0   0   0   0   
1   0   0   0   255 255 255 255 1   0   0   0   0   0   0   0   0   0   0   0   0   0   255 255 1   0   1   0   0   0   255 255 
0   0   255 255 0   0   255 255 0   0   0   0   0   0   255 255 0   0   255 255 255 255 0   0   0   0   255 255 0   0   255 255 
0   0   0   0   0   0   255 255 0   0   0   0   255 255 255 255 0   0   255 255 0   0   254 255 0   0   0   0   255 255 255 255 
5   0   3   0   1   0   255 255 13  0   1   0   0   0   0   0   2   0   1   0   0   0   255 255 3   0   0   0   0   0   0   0   
1   0   0   0   255 255 255 255 1   0   0   0   0   0   0   0   0   0   0   0   0   0   255 255 1   0   1   0   0   0   255 255 
0   0   255 255 0   0   255 255 0   0   0   0   0   0   255 255 0   0   255 255 255 255 0   0   0   0   0   0   0   0   255 255 
0   0   0   0   0   0   255 255 0   0   0   0   255 255 255 255 0   0   255 255 0   0   254 255 0   0   0   0   255 255 255 255 
5   0   3   0   1   0   255 255 13  0   1   0   0   0   0   0   2   0   1   0   0   0   255 255 3   0   0   0   0   0   0   0   
1   0   0   0   255 255 255 255 1   0   0   0   0   0   0   0   0   0   0   0   0   0   255 255 1   0   1   0   0   0   255 255 
0   0   255 255 0   0   255 255 0   0   0   0   0   0   255 255 0   0   255 255 255 255 0   0   0   0   0   0   0   0   255 255 
0   0   0   0   0   0   255 255 0   0   0   0   255 255 255 255 0   0   255 255 0   0   254 255 0   0   0   0   255 255 255 255 
5   0   3   0   1   0   255 255 13  0   1   0   0   0   0   0   2   0   1   0   0   0   255 255 3   0   0   0   0   0   0   0   
1   0   0   0   255 255 255 255 1   0   0   0   0   0   0   0   0   0   0   0   0   0   255 255 1   0   1   0   0   0   255 255 
0   0   255 255 0   0   255 255 0   0   0   0   0   0   255 255 0   0   255 255 255 255 0   0   0   0   0   0   0   0   255 255 
0   0   0   0   0   0   255 255 0   0   255 255 255 255 255 255 0   0   255 255 0   0   254 255 0   0   0   0   255 255 255 255 
5   0   3   0   1   0   255 255 13  0   1   0   0   0   0   0   2   0   1   0   0   0   255 255 3   0   0   0   0   0   0   0   
1   0   0   0   255 255 255 255 1   0   0   0   0   0   0   0   0   0   0   0   0   0   255 255 1   0   1   0   0   0   255 255 
0   0   255 255 0   0   255 255 0   0   0   0   0   0   255 255 0   0   255 255 255 255 0   0   0   0   0   0   0   0   255 255 
0   0   0   0   0   0   255 255 0   0   0   0   255 255 255 255 0   0   0   0   0   0   254 255 0   0   255 255 255 255 255 255 
5   0   3   0   1   0   0   0   13  0   1   0   0   0   0   0   2   0   1   0   0   0   255 255 3   0   0   0   0   0   0   0   
1   0   0   0   255 255 255 255 1   0   0   0   0   0   0   0   0   0   0   0   0   0   255 255 1   0   1   0   0   0   255 255 
0   0   255 255 0   0   255 255 0   0   0   0   0   0   255 255 0   0   255 255 255 255 0   0   0   0   0   0   0   0   255 255 
0   0   0   0   0   0   255 255 0   0   0   0   255 255 255 255 0   0   0   0   0   0   254 255 0   0   255 255 255 255 255 255 
5   0   3   0   1   0   0   0   13  0   1   0   0   0   0   0   2   0   1   0   1   0   0   0   3   0   0   0   0   0   0   0   
1   0   0   0   255 255 255 255 1   0   0   0   0   0   0   0   0   0   0   0   0   0   255 255 1   0   1   0   0   0   255 255 
0   0   255 255 0   0   255 255 0   0   0   0   0   0   255 255 0   0   255 255 255 255 0   0   0   0   0   0   0   0   255 255 
0   0   0   0   0   0   255 255 0   0   0   0   255 255 255 255 0   0   0   0   0   0   254 255 0   0   255 255 255 255 255 255 
5   0   3   0   1   0   0   0   13  0   1   0   0   0   0   0   2   0   2   0   1   0   0   0   3   0   0   0   0   0   0   0   
1   0   0   0   255 255 255 255 1   0   0   0   0   0   0   0   0   0   0   0   0   0   255 255 1   0   1   0   0   0   255 255 
0   0   255 255 0   0   255 255 0   0   0   0   0   0   255 255 0   0   255 255 255 255 0   0   0   0   0   0   0   0   255 255 
0   0   0   0   0   0   255 255 0   0   0   0   255 255 255 255 0   0   0   0   0   0   254 255 0   0   255 255 255 255 255 255 
5   0   2   0   1   0   0   0   13  0   1   0   0   0   0   0   2   0   1   0   1   0   255 255 3   0   0   0   0   0   0   0   
1   0   0   0   255 255 255 255 1   0   0   0   0   0   0   0   0   0   0   0   0   0   255 255 1   0   1   0   0   0   255 255 
0   0   255 255 0   0   255 255 0   0   0   0   0   0   255 255 0   0   255 255 255 255 0   0   0   0   0   0   0   0   255 255 
0   0   0   0   0   0   255 255 0   0   0   0   0   0   255 255 0   0   0   0   0   0   254 255 0   0   255 255 255 255 255 255 
5   0   2   0   1   0   0   0   13  0   1   0   0   0   0   0   2   0   1   0   1   0   255 255 3   0   0   0   0   0   0   0   
1   0   0   0   255 255 255 255 1   0   0   0   0   0   0   0   0   0   0   0   0   0   255 255 1   0   1   0   0   0   255 255 
0   0   255 255 0   0   255 255 0   0   0   0   0   0   255 255 0   0   255 255 255 255 0   0   0   0   0   0   0   0   255 255 
0   0   0   0   0   0   255 255 0   0   0   0   0   0   255 255 0   0   255 255 0   0   254 255 0   0   255 255 255 255 255 255 
5   0   2   0   1   0   0   0   13  0   1   0   0   0   0   0   2   0   1   0   1   0   255 255 3   0   0   0   0   0   0   0   
1   0   0   0   255 255 255 255 1   0   0   0   0   0   0   0   0   0   0   0   0   0   255 255 1   0   1   0   0   0   255 255 
0   0   255 255 0   0   255 255 0   0   0   0   0   0   255 255 0   0   255 255 255 255 0   0   0   0   0   0   0   0   255 255 
0   0   0   0   0   0   255 255 255 255 0   0   0   0   255 255 0   0   255 255 0   0   254 255 0   0   255 255 255 255 255 255 
5   0   2   0   1   0   0   0   13  0   1   0   0   0   0   0   2   0   1   0   1   0   255 255 3   0   0   0   0   0   0   0   
1   0   0   0   255 255 255 255 1   0   0   0   0   0   0   0   0   0   0   0   0   0   255 255 1   0   1   0   0   0   255 255 
0   0   255 255 0   0   255 255 0   0   0   0   0   0   255 255 0   0   255 255 0   0   0   0   1   0   0   0   0   0   255 255 
