6   0   4   0   1   0   1   0   14  0   2   0   1   0   2   0   1   0   2   0   1   0   1   0   3   0   2   0   1   0   1   0   
1   0   1   0   1   0   1   0   2   0   1   0   0   0   1   0   1   0   1   0   0   0   1   0   1   0   1   0   1   0   1   0   
1   0   1   0   0   0   1   0   1   0   0   0   0   0   1   0   0   0   1   0   0   0   1   0   1   0   0   0   1   0   1   0   
1   0   1   0   1   0   0   0   2   0   1   0   0   0   0   0   1   0   1   0   0   0   0   0   1   0   1   0   1   0   1   0   
6   0   4   0   1   0   1   0   15  0   2   0   2   0   2   0   1   0   2   0   1   0   1   0   3   0   2   0   1   0   1   0   
1   0   1   0   1   0   1   0   2   0   1   0   1   0   1   0   1   0   1   0   0   0   1   0   1   0   1   0   1   0   1   0   
1   0   1   0   0   0   1   0   1   0   0   0   0   0   1   0   0   0   1   0   0   0   1   0   1   0   0   0   1   0   1   0   
1   0   1   0   1   0   0   0   2   0   1   0   0   0   0   0   1   0   1   0   0   0   0   0   1   0   1   0   1   0   1   0   
6   0   4   0   1   0   1   0   15  0   2   0   2   0   2   0   1   0   2   0   1   0   1   0   3   0   2   0   1   0   1   0   
1   0   1   0   1   0   1   0   2   0   1   0   1   0   1   0   1   0   1   0   0   0   1   0   1   0   1   0   1   0   1   0   
1   0   1   0   0   0   1   0   1   0   0   0   0   0   1   0   0   0   1   0   0   0   1   0   1   0   0   0   1   0   1   0   
1   0   1   0   1   0   0   0   1   0   1   0   0   0   0   0   1   0   1   0   0   0   0   0   1   0   1   0   1   0   1   0   
6   0   4   0   1   0   1   0   15  0   2   0   2   0   2   0   1   0   2   0   1   0   0   0   3   0   2   0   0   0   1   0   
1   0   1   0   1   0   1   0   2   0   1   0   1   0   1   0   1   0   1   0   0   0   1   0   1   0   1   0   1   0   1   0   
0   0   1   0   0   0   0   0   1   0   0   0   0   0   1   0   0   0   1   0   0   0   1   0   1   0   0   0   0   0   1   0   
1   0   0   0   1   0   0   0   1   0   1   0   0   0   0   0   1   0   1   0   0   0   0   0   0   0   0   0   0   0   0   0   
5   0   3   0   0   0   255 255 13  0   1   0   1   0   1   0   1   0   1   0   1   0   0   0   3   0   1   0   0   0   0   0   
1   0   1   0   0   0   0   0   2   0   1   0   0   0   0   0   1   0   1   0   0   0   0   0   1   0   1   0   0   0   0   0   
0   0   0   0   0   0   0   0   0   0   0   0   255 255 0   0   0   0   1   0   0   0   0   0   0   0   255 255 0   0   0   0   
0   0   0   0   0   0   255 255 0   0   0   0   0   0   0   0   0   0   0   0   255 255 255 255 255 255 255 255 255 255 255 255 
5   0   3   0   0   0   255 255 13  0   1   0   0   0   1   0   1   0   1   0   1   0   255 255 2   0   1   0   0   0   0   0   
1   0   1   0   0   0   255 255 2   0   1   0   0   0   0   0   1   0   1   0   0   0   255 255 0   0   0   0   0   0   0   0   
0   0   0   0   0   0   255 255 0   0   0   0   255 255 0   0   255 255 0   0   255 255 0   0   0   0   255 255 255 255 0   0   
255 255 255 255 255 255 254 255 255 255 0   0   255 255 0   0   255 255 255 255 255 255 253 255 254 255 255 255 255 255 254 255 
5   0   2   0   0   0   255 255 13  0   1   0   0   0   1   0   1   0   1   0   1   0   255 255 2   0   1   0   255 255 255 255 
1   0   1   0   0   0   255 255 1   0   0   0   255 255 255 255 0   0   0   0   255 255 254 255 0   0   0   0   0   0   0   0   
0   0   0   0   255 255 255 255 0   0   0   0   255 255 0   0   255 255 0   0   255 255 0   0   0   0   255 255 255 255 0   0   
255 255 255 255 255 255 254 255 255 255 255 255 255 255 0   0   255 255 255 255 255 255 253 255 254 255 255 255 255 255 254 255 
4   0   2   0   255 255 254 255 13  0   1   0   0   0   0   0   1   0   1   0   0   0   255 255 2   0   1   0   255 255 255 255 
1   0   1   0   0   0   255 255 1   0   0   0   255 255 255 255 0   0   0   0   255 255 254 255 0   0   0   0   255 255 0   0   
0   0   0   0   255 255 254 255 0   0   0   0   255 255 0   0   255 255 0   0   255 255 0   0   255 255 255 255 255 255 255 255 
255 255 255 255 255 255 254 255 254 255 255 255 255 255 0   0   255 255 255 255 255 255 253 255 254 255 255 255 255 255 254 255 
4   0   2   0   255 255 254 255 13  0   1   0   0   0   0   0   1   0   1   0   0   0   255 255 2   0   1   0   255 255 255 255 
0   0   1   0   0   0   255 255 1   0   0   0   255 255 255 255 0   0   0   0   255 255 254 255 0   0   0   0   255 255 0   0   
255 255 0   0   255 255 254 255 0   0   0   0   255 255 0   0   255 255 0   0   255 255 255 255 255 255 255 255 255 255 255 255 
255 255 255 255 255 255 254 255 254 255 255 255 254 255 255 255 255 255 255 255 255 255 253 255 253 255 254 255 254 255 254 255 
4   0   2   0   255 255 254 255 12  0   0   0   0   0   0   0   1   0   1   0   0   0   255 255 2   0   1   0   255 255 255 255 
0   0   1   0   0   0   255 255 1   0   0   0   255 255 255 255 0   0   0   0   255 255 255 255 0   0   0   0   255 255 255 255 
255 255 0   0   255 255 254 255 0   0   0   0   255 255 0   0   255 255 0   0   255 255 255 255 255 255 255 255 255 255 255 255 
255 255 255 255 255 255 254 255 254 255 255 255 254 255 255 255 255 255 255 255 255 255 253 255 253 255 254 255 254 255 254 255 
4   0   2   0   255 255 254 255 12  0   0   0   0   0   0   0   1   0   1   0   0   0   255 255 2   0   1   0   255 255 255 255 
0   0   1   0   0   0   255 255 1   0   0   0   255 255 255 255 0   0   0   0   255 255 254 255 0   0   0   0   255 255 255 255 
255 255 0   0   255 255 254 255 0   0   0   0   255 255 0   0   255 255 0   0   255 255 255 255 255 255 255 255 255 255 255 255 
255 255 255 255 255 255 254 255 254 255 255 255 254 255 255 255 255 255 255 255 255 255 253 255 253 255 254 255 254 255 254 255 
4   0   2   0   255 255 254 255 12  0   0   0   0   0   0   0   0   0   1   0   0   0   255 255 2   0   1   0   255 255 255 255 
0   0   1   0   0   0   255 255 1   0   0   0   255 255 255 255 0   0   0   0   255 255 254 255 0   0   0   0   255 255 255 255 
255 255 0   0   255 255 254 255 0   0   0   0   255 255 255 255 255 255 0   0   255 255 255 255 255 255 255 255 255 255 255 255 
255 255 255 255 255 255 254 255 255 255 255 255 255 255 255 255 255 255 255 255 255 255 253 255 253 255 254 255 254 255 254 255 
4   0   2   0   255 255 254 255 12  0   0   0   0   0   0   0   0   0   1   0   0   0   255 255 2   0   1   0   255 255 255 255 
0   0   1   0   0   0   254 255 1   0   0   0   255 255 255 255 0   0   0   0   255 255 254 255 0   0   0   0   255 255 255 255 
255 255 0   0   255 255 254 255 0   0   0   0   255 255 255 255 255 255 0   0   255 255 255 255 255 255 255 255 255 255 255 255 
255 255 255 255 255 255 254 255 255 255 255 255 255 255 255 255 255 255 255 255 255 255 253 255 254 255 254 255 254 255 254 255 
4   0   2   0   255 255 254 255 12  0   0   0   0   0   0   0   0   0   1   0   0   0   255 255 2   0   1   0   255 255 255 255 
0   0   1   0   0   0   254 255 1   0   0   0   255 255 255 255 0   0   0   0   255 255 254 255 0   0   0   0   255 255 255 255 
255 255 0   0   255 255 254 255 0   0   0   0   255 255 255 255 255 255 0   0   255 255 255 255 255 255 255 255 255 255 255 255 
255 255 255 255 255 255 254 255 255 255 255 255 255 255 255 255 255 255 255 255 255 255 253 255 254 255 254 255 254 255 254 255 
4   0   2   0   255 255 254 255 12  0   0   0   0   0   0   0   0   0   1   0   0   0   255 255 2   0   1   0   255 255 255 255 
0   0   0   0   0   0   254 255 1   0   0   0   255 255 255 255 0   0   0   0   255 255 254 255 0   0   0   0   255 255 255 255 
255 255 0   0   255 255 254 255 0   0   0   0   255 255 255 255 255 255 0   0   255 255 255 255 255 255 255 255 255 255 255 255 
255 255 255 255 255 255 254 255 255 255 255 255 255 255 255 255 255 255 255 255 255 255 253 255 254 255 254 255 254 255 254 255 
4   0   2   0   255 255 254 255 12  0   0   0   255 255 0   0   0   0   1   0   0   0   255 255 2   0   1   0   255 255 255 255 
0   0   0   0   0   0   254 255 1   0   0   0   255 255 255 255 0   0   0   0   255 255 254 255 0   0   0   0   255 255 255 255 
255 255 0   0   255 255 254 255 0   0   0   0   255 255 255 255 255 255 0   0   255 255 255 255 255 255 255 255 255 255 255 255 
255 255 255 255 255 255 254 255 255 255 255 255 255 255 255 255 255 255 255 255 255 255 253 255 254 255 254 255 254 255 254 255 
4   0   2   0   255 255 254 255 12  0   0   0   255 255 0   0   0   0   1   0   0   0   255 255 2   0   1   0   255 255 255 255 
0   0   0   0   0   0   255 255 1   0   0   0   255 255 255 255 0   0   0   0   255 255 254 255 0   0   0   0   255 255 255 255 
255 255 0   0   255 255 254 255 255 255 0   0   255 255 255 255 255 255 0   0   255 255 255 255 255 255 255 255 255 255 255 255 
255 255 255 255 255 255 254 255 255 255 255 255 255 255 255 255 255 255 255 255 255 255 253 255 254 255 254 255 254 255 254 255 
4   0   2   0   255 255 254 255 12  0   0   0   255 255 0   0   0   0   1   0   0   0   255 255 2   0   1   0   255 255 255 255 
1   0   1   0   0   0   255 255 1   0   0   0   255 255 255 255 0   0   0   0   255 255 254 255 0   0   0   0   255 255 255 255 
255 255 0   0   255 255 254 255 0   0   0   0   255 255 255 255 255 255 0   0   255 255 255 255 255 255 254 255 255 255 255 255 
255 255 255 255 255 255 254 255 255 255 255 255 255 255 255 255 255 255 255 255 255 255 253 255 254 255 254 255 254 255 254 255 
4   0   2   0   255 255 254 255 12  0   0   0   255 255 0   0   0   0   1   0   0   0   255 255 2   0   1   0   255 255 255 255 
0   0   1   0   0   0   255 255 1   0   0   0   255 255 255 255 0   0   0   0   255 255 254 255 0   0   0   0   255 255 255 255 
255 255 0   0   255 255 254 255 255 255 0   0   255 255 255 255 255 255 0   0   255 255 255 255 255 255 254 255 255 255 255 255 
255 255 255 255 255 255 254 255 255 255 255 255 255 255 255 255 255 255 255 255 255 255 253 255 254 255 254 255 254 255 254 255 
4   0   2   0   255 255 254 255 12  0   0   0   255 255 0   0   1   0   1   0   0   0   255 255 2   0   1   0   255 255 255 255 
0   0   1   0   0   0   255 255 1   0   0   0   255 255 255 255 0   0   0   0   255 255 254 255 0   0   0   0   255 255 255 255 
0   0   0   0   255 255 255 255 255 255 0   0   255 255 255 255 255 255 0   0   255 255 255 255 255 255 254 255 255 255 255 255 
255 255 255 255 255 255 254 255 255 255 255 255 255 255 255 255 255 255 254 255 255 255 253 255 254 255 254 255 255 255 254 255 
4   0   2   0   255 255 254 255 12  0   0   0   255 255 0   0   1   0   1   0   0   0   254 255 2   0   1   0   255 255 255 255 
0   0   1   0   0   0   254 255 1   0   0   0   255 255 255 255 0   0   0   0   255 255 254 255 0   0   0   0   255 255 255 255 
255 255 0   0   255 255 255 255 255 255 0   0   255 255 255 255 255 255 255 255 255 255 255 255 255 255 255 255 255 255 255 255 
255 255 255 255 255 255 254 255 254 255 254 255 254 255 255 255 255 255 254 255 255 255 253 255 254 255 254 255 255 255 254 255 
4   0   2   0   255 255 254 255 12  0   0   0   255 255 0   0   1   0   1   0   0   0   255 255 2   0   1   0   255 255 255 255 
0   0   1   0   0   0   254 255 1   0   0   0   255 255 255 255 0   0   0   0   255 255 254 255 0   0   0   0   255 255 255 255 
255 255 0   0   255 255 254 255 255 255 0   0   255 255 255 255 255 255 255 255 255 255 255 255 255 255 255 255 255 255 255 255 
255 255 255 255 255 255 254 255 254 255 254 255 254 255 255 255 255 255 254 255 255 255 253 255 254 255 254 255 255 255 254 255 
4   0   2   0   255 255 254 255 12  0   0   0   255 255 0   0   1   0   1   0   0   0   254 255 2   0   1   0   255 255 255 255 
0   0   1   0   0   0   254 255 1   0   0   0   255 255 255 255 0   0   0   0   255 255 254 255 0   0   0   0   255 255 255 255 
255 255 0   0   255 255 254 255 255 255 0   0   255 255 255 255 255 255 255 255 255 255 255 255 0   0   255 255 255 255 255 255 
255 255 255 255 255 255 254 255 254 255 255 255 254 255 255 255 255 255 254 255 255 255 253 255 254 255 255 255 255 255 255 255 
4   0   2   0   255 255 254 255 12  0   0   0   255 255 0   0   1   0   1   0   0   0   254 255 2   0   0   0   255 255 255 255 
0   0   1   0   255 255 254 255 1   0   0   0   255 255 255 255 0   0   0   0   255 255 254 255 0   0   0   0   255 255 255 255 
255 255 0   0   255 255 254 255 255 255 0   0   255 255 255 255 255 255 255 255 255 255 255 255 0   0   255 255 255 255 255 255 
255 255 255 255 255 255 254 255 254 255 255 255 254 255 255 255 255 255 254 255 255 255 253 255 254 255 255 255 255 255 255 255 
4   0   2   0   255 255 254 255 12  0   0   0   255 255 0   0   1   0   1   0   0   0   254 255 2   0   1   0   255 255 255 255 
0   0   1   0   255 255 254 255 1   0   0   0   255 255 255 255 0   0   0   0   255 255 254 255 0   0   0   0   255 255 255 255 
255 255 0   0   255 255 254 255 255 255 0   0   255 255 255 255 255 255 255 255 255 255 255 255 0   0   255 255 255 255 255 255 
255 255 255 255 255 255 254 255 254 255 255 255 254 255 255 255 255 255 254 255 255 255 253 255 254 255 255 255 255 255 255 255 
4   0   2   0   255 255 254 255 12  0   0   0   255 255 255 255 1   0   1   0   0   0   254 255 2   0   1   0   255 255 255 255 
0   0   1   0   255 255 254 255 1   0   0   0   255 255 255 255 0   0   0   0   255 255 254 255 0   0   0   0   255 255 255 255 
255 255 0   0   255 255 254 255 255 255 0   0   255 255 255 255 255 255 255 255 255 255 255 255 255 255 255 255 255 255 255 255 
255 255 255 255 255 255 254 255 255 255 255 255 254 255 255 255 255 255 254 255 255 255 253 255 254 255 255 255 255 255 255 255 
4   0   2   0   255 255 254 255 12  0   0   0   255 255 255 255 1   0   1   0   0   0   254 255 2   0   0   0   255 255 255 255 
0   0   1   0   255 255 254 255 1   0   0   0   255 255 255 255 0   0   0   0   255 255 254 255 0   0   0   0   255 255 255 255 
255 255 0   0   255 255 254 255 255 255 0   0   255 255 255 255 255 255 255 255 255 255 255 255 255 255 255 255 255 255 255 255 
255 255 255 255 255 255 254 255 255 255 255 255 254 255 255 255 255 255 255 255 255 255 253 255 254 255 255 255 255 255 255 255 
4   0   2   0   255 255 254 255 12  0   0   0   255 255 255 255 1   0   1   0   0   0   254 255 2   0   0   0   255 255 255 255 
0   0   1   0   255 255 254 255 1   0   0   0   255 255 255 255 0   0   0   0   255 255 254 255 0   0   0   0   255 255 255 255 
255 255 0   0   255 255 254 255 255 255 0   0   255 255 255 255 255 255 0   0   255 255 255 255 255 255 255 255 255 255 255 255 
255 255 255 255 255 255 254 255 255 255 255 255 254 255 255 255 255 255 255 255 255 255 253 255 254 255 255 255 255 255 255 255 
4   0   2   0   255 255 254 255 12  0   0   0   255 255 255 255 1   0   1   0   0   0   254 255 2   0   0   0   255 255 255 255 
0   0   1   0   255 255 254 255 1   0   0   0   255 255 255 255 0   0   0   0   255 255 254 255 0   0   0   0   255 255 255 255 
255 255 0   0   255 255 254 255 255 255 0   0   255 255 255 255 255 255 0   0   255 255 255 255 255 255 255 255 255 255 255 255 
255 255 255 255 255 255 254 255 255 255 255 255 254 255 255 255 255 255 255 255 255 255 253 255 254 255 254 255 255 255 255 255 
4   0   2   0   255 255 254 255 12  0   0   0   255 255 0   0   1   0   1   0   0   0   255 255 2   0   0   0   255 255 255 255 
0   0   1   0   255 255 254 255 1   0   0   0   255 255 255 255 0   0   0   0   255 255 254 255 0   0   0   0   255 255 255 255 
255 255 0   0   255 255 254 255 255 255 0   0   255 255 255 255 255 255 0   0   255 255 255 255 255 255 255 255 255 255 255 255 
255 255 255 255 255 255 254 255 255 255 255 255 255 255 255 255 255 255 255 255 255 255 253 255 254 255 254 255 255 255 255 255 
4   0   2   0   255 255 254 255 12  0   0   0   255 255 0   0   1   0   1   0   0   0   255 255 2   0   0   0   255 255 255 255 
0   0   1   0   255 255 254 255 1   0   0   0   255 255 255 255 0   0   0   0   255 255 254 255 0   0   0   0   255 255 255 255 
255 255 0   0   255 255 254 255 255 255 0   0   255 255 255 255 255 255 0   0   255 255 255 255 255 255 255 255 255 255 255 255 
255 255 255 255 255 255 254 255 255 255 255 255 255 255 255 255 255 255 255 255 255 255 253 255 254 255 254 255 255 255 254 255 
4   0   2   0   255 255 254 255 12  0   0   0   255 255 0   0   1   0   1   0   0   0   255 255 2   0   0   0   255 255 255 255 
0   0   1   0   255 255 254 255 1   0   0   0   255 255 255 255 0   0   0   0   255 255 254 255 0   0   0   0   255 255 255 255 
255 255 0   0   255 255 254 255 0   0   0   0   255 255 255 255 255 255 0   0   255 255 255 255 255 255 255 255 255 255 255 255 
255 255 255 255 255 255 254 255 255 255 255 255 255 255 255 255 255 255 255 255 255 255 253 255 254 255 254 255 255 255 254 255 
4   0   2   0   255 255 254 255 12  0   0   0   255 255 0   0   1   0   1   0   0   0   255 255 2   0   0   0   255 255 255 255 
0   0   1   0   255 255 254 255 1   0   0   0   255 255 255 255 0   0   0   0   255 255 254 255 0   0   0   0   255 255 255 255 
255 255 0   0   255 255 254 255 0   0   0   0   255 255 255 255 255 255 0   0   255 255 255 255 255 255 255 255 255 255 255 255 
255 255 255 255 255 255 254 255 255 255 255 255 255 255 255 255 255 255 255 255 255 255 253 255 254 255 254 255 255 255 254 255 
4   0   2   0   255 255 254 255 12  0   0   0   255 255 0   0   1   0   1   0   0   0   254 255 2   0   0   0   255 255 255 255 
0   0   1   0   255 255 254 255 1   0   0   0   255 255 255 255 0   0   0   0   255 255 254 255 0   0   0   0   255 255 255 255 
0   0   0   0   0   0   255 255 0   0   0   0   255 255 255 255 255 255 0   0   255 255 255 255 255 255 255 255 255 255 255 255 
255 255 255 255 255 255 254 255 255 255 255 255 255 255 255 255 255 255 255 255 255 255 253 255 254 255 254 255 255 255 254 255 
4   0   2   0   255 255 254 255 12  0   0   0   255 255 0   0   1   0   1   0   0   0   254 255 2   0   0   0   255 255 255 255 
0   0   1   0   255 255 254 255 1   0   0   0   255 255 255 255 0   0   0   0   255 255 254 255 0   0   0   0   255 255 255 255 
0   0   0   0   255 255 255 255 0   0   0   0   255 255 255 255 255 255 0   0   255 255 255 255 255 255 255 255 255 255 255 255 
255 255 255 255 255 255 254 255 255 255 255 255 255 255 255 255 255 255 255 255 255 255 253 255 254 255 254 255 255 255 254 255 
4   0   2   0   255 255 254 255 12  0   0   0   255 255 0   0   1   0   1   0   0   0   255 255 2   0   0   0   255 255 255 255 
0   0   1   0   255 255 254 255 1   0   0   0   255 255 255 255 0   0   0   0   255 255 254 255 0   0   0   0   255 255 255 255 
0   0   0   0   255 255 254 255 0   0   0   0   255 255 255 255 255 255 0   0   255 255 255 255 255 255 255 255 255 255 255 255 
255 255 255 255 255 255 254 255 255 255 255 255 255 255 255 255 255 255 255 255 255 255 253 255 254 255 254 255 255 255 254 255 
4   0   2   0   255 255 254 255 12  0   0   0   255 255 0   0   1   0   1   0   0   0   255 255 2   0   0   0   255 255 255 255 
0   0   1   0   255 255 254 255 1   0   0   0   255 255 255 255 0   0   0   0   255 255 254 255 0   0   0   0   255 255 255 255 
0   0   0   0   255 255 254 255 0   0   0   0   255 255 255 255 255 255 0   0   255 255 255 255 255 255 254 255 255 255 255 255 
255 255 255 255 255 255 254 255 255 255 255 255 255 255 255 255 255 255 255 255 255 255 253 255 254 255 254 255 255 255 254 255 
4   0   2   0   255 255 254 255 12  0   0   0   255 255 0   0   1   0   1   0   0   0   255 255 2   0   0   0   254 255 255 255 
0   0   1   0   255 255 254 255 1   0   0   0   255 255 255 255 0   0   0   0   255 255 254 255 0   0   0   0   255 255 255 255 
255 255 0   0   255 255 254 255 0   0   0   0   255 255 255 255 255 255 0   0   255 255 255 255 255 255 254 255 255 255 255 255 
255 255 255 255 255 255 254 255 255 255 255 255 255 255 255 255 255 255 255 255 255 255 253 255 254 255 254 255 255 255 254 255 
4   0   2   0   255 255 254 255 12  0   0   0   255 255 0   0   1   0   1   0   0   0   255 255 2   0   0   0   254 255 255 255 
0   0   1   0   0   0   255 255 1   0   0   0   255 255 255 255 0   0   0   0   255 255 254 255 0   0   0   0   255 255 255 255 
255 255 0   0   255 255 254 255 0   0   0   0   255 255 255 255 255 255 0   0   255 255 255 255 255 255 254 255 255 255 255 255 
255 255 255 255 255 255 254 255 255 255 255 255 255 255 255 255 255 255 255 255 255 255 253 255 254 255 254 255 255 255 254 255 
4   0   2   0   255 255 254 255 12  0   0   0   255 255 0   0   1   0   1   0   0   0   255 255 2   0   0   0   254 255 255 255 
0   0   1   0   0   0   255 255 1   0   0   0   255 255 255 255 0   0   0   0   255 255 254 255 0   0   0   0   255 255 255 255 
255 255 0   0   255 255 254 255 255 255 0   0   255 255 255 255 255 255 0   0   255 255 255 255 0   0   255 255 255 255 255 255 
255 255 255 255 255 255 254 255 255 255 255 255 255 255 255 255 255 255 255 255 255 255 253 255 254 255 254 255 255 255 254 255 
4   0   2   0   255 255 254 255 12  0   0   0   255 255 0   0   1   0   1   0   0   0   254 255 2   0   0   0   254 255 255 255 
0   0   1   0   255 255 254 255 1   0   0   0   255 255 255 255 0   0   0   0   255 255 254 255 0   0   0   0   255 255 255 255 
255 255 0   0   255 255 254 255 255 255 0   0   255 255 255 255 255 255 0   0   255 255 255 255 0   0   255 255 255 255 255 255 
255 255 255 255 255 255 254 255 255 255 255 255 255 255 255 255 254 255 254 255 255 255 253 255 254 255 254 255 255 255 254 255 
4   0   2   0   255 255 254 255 12  0   0   0   255 255 255 255 1   0   1   0   0   0   254 255 2   0   0   0   254 255 255 255 
0   0   1   0   255 255 254 255 1   0   0   0   255 255 255 255 0   0   0   0   255 255 254 255 0   0   0   0   255 255 255 255 
255 255 0   0   255 255 255 255 255 255 0   0   255 255 255 255 255 255 0   0   255 255 255 255 255 255 255 255 255 255 255 255 
255 255 255 255 255 255 254 255 255 255 255 255 255 255 255 255 255 255 255 255 255 255 253 255 254 255 254 255 255 255 254 255 
4   0   2   0   255 255 254 255 12  0   0   0   255 255 0   0   1   0   1   0   0   0   254 255 2   0   0   0   255 255 255 255 
0   0   1   0   255 255 254 255 1   0   0   0   255 255 255 255 0   0   0   0   255 255 254 255 0   0   0   0   255 255 255 255 
255 255 0   0   255 255 255 255 255 255 0   0   255 255 255 255 255 255 0   0   255 255 255 255 255 255 255 255 255 255 255 255 
255 255 255 255 255 255 254 255 255 255 254 255 254 255 255 255 255 255 255 255 255 255 253 255 253 255 254 255 254 255 254 255 
4   0   2   0   255 255 254 255 12  0   0   0   255 255 0   0   1   0   1   0   0   0   254 255 2   0   1   0   255 255 0   0   
0   0   1   0   255 255 254 255 1   0   0   0   255 255 255 255 0   0   0   0   255 255 254 255 0   0   0   0   255 255 255 255 
255 255 0   0   255 255 255 255 255 255 0   0   255 255 255 255 255 255 0   0   255 255 255 255 255 255 255 255 255 255 255 255 
255 255 255 255 255 255 254 255 255 255 255 255 254 255 255 255 255 255 255 255 255 255 253 255 254 255 254 255 255 255 254 255 
4   0   2   0   255 255 254 255 12  0   0   0   255 255 0   0   1   0   1   0   0   0   254 255 2   0   1   0   255 255 255 255 
0   0   1   0   0   0   255 255 1   0   0   0   255 255 255 255 0   0   0   0   255 255 254 255 0   0   0   0   255 255 255 255 
255 255 0   0   255 255 255 255 255 255 0   0   255 255 255 255 255 255 0   0   255 255 255 255 255 255 255 255 255 255 255 255 
255 255 255 255 255 255 254 255 255 255 255 255 254 255 255 255 255 255 255 255 255 255 253 255 254 255 254 255 255 255 254 255 
4   0   2   0   255 255 254 255 12  0   0   0   255 255 255 255 1   0   1   0   0   0   255 255 2   0   1   0   255 255 255 255 
0   0   1   0   0   0   255 255 1   0   0   0   255 255 255 255 0   0   0   0   255 255 254 255 0   0   0   0   255 255 255 255 
255 255 0   0   255 255 255 255 255 255 0   0   255 255 255 255 255 255 0   0   255 255 255 255 255 255 255 255 255 255 255 255 
255 255 255 255 255 255 254 255 255 255 255 255 255 255 0   0   255 255 255 255 255 255 253 255 254 255 254 255 255 255 254 255 
4   0   2   0   255 255 254 255 12  0   0   0   255 255 255 255 1   0   1   0   0   0   255 255 2   0   1   0   255 255 255 255 
0   0   1   0   0   0   255 255 1   0   0   0   255 255 255 255 0   0   0   0   255 255 254 255 0   0   0   0   255 255 255 255 
255 255 0   0   255 255 255 255 255 255 0   0   255 255 255 255 255 255 0   0   255 255 255 255 255 255 255 255 255 255 255 255 
255 255 255 255 255 255 254 255 255 255 255 255 255 255 0   0   255 255 254 255 255 255 253 255 254 255 254 255 255 255 254 255 
4   0   2   0   255 255 254 255 12  0   0   0   255 255 255 255 1   0   1   0   0   0   255 255 2   0   1   0   255 255 255 255 
0   0   1   0   0   0   255 255 1   0   0   0   255 255 255 255 0   0   0   0   255 255 254 255 0   0   0   0   255 255 255 255 
255 255 0   0   255 255 255 255 255 255 0   0   255 255 255 255 255 255 0   0   255 255 255 255 255 255 255 255 255 255 255 255 
255 255 255 255 255 255 254 255 255 255 255 255 255 255 0   0   255 255 254 255 255 255 253 255 254 255 254 255 255 255 254 255 
4   0   2   0   255 255 254 255 12  0   0   0   255 255 255 255 1   0   1   0   0   0   254 255 2   0   1   0   255 255 255 255 
0   0   1   0   0   0   255 255 1   0   0   0   255 255 255 255 0   0   0   0   255 255 254 255 0   0   0   0   255 255 255 255 
255 255 0   0   255 255 255 255 0   0   0   0   255 255 255 255 255 255 0   0   254 255 255 255 255 255 255 255 255 255 255 255 
255 255 255 255 255 255 254 255 255 255 255 255 254 255 255 255 255 255 254 255 255 255 253 255 254 255 254 255 255 255 254 255 
4   0   2   0   255 255 254 255 12  0   0   0   255 255 255 255 1   0   1   0   0   0   254 255 2   0   1   0   255 255 255 255 
0   0   1   0   0   0   255 255 1   0   0   0   255 255 255 255 0   0   0   0   255 255 254 255 0   0   0   0   255 255 255 255 
255 255 0   0   255 255 255 255 255 255 0   0   255 255 255 255 255 255 255 255 254 255 255 255 255 255 255 255 255 255 255 255 
255 255 255 255 255 255 254 255 255 255 255 255 255 255 255 255 255 255 254 255 255 255 253 255 254 255 254 255 255 255 254 255 
4   0   2   0   255 255 254 255 12  0   0   0   255 255 255 255 1   0   1   0   0   0   254 255 2   0   1   0   255 255 255 255 
0   0   1   0   0   0   255 255 1   0   0   0   255 255 255 255 0   0   0   0   255 255 255 255 0   0   0   0   255 255 255 255 
255 255 0   0   255 255 255 255 0   0   0   0   255 255 0   0   255 255 255 255 255 255 255 255 255 255 255 255 255 255 255 255 
255 255 255 255 255 255 254 255 255 255 255 255 255 255 255 255 255 255 254 255 255 255 253 255 254 255 254 255 255 255 254 255 
4   0   2   0   255 255 254 255 12  0   0   0   255 255 255 255 1   0   1   0   0   0   254 255 2   0   1   0   255 255 255 255 
0   0   1   0   0   0   255 255 1   0   0   0   255 255 255 255 0   0   0   0   255 255 255 255 0   0   0   0   255 255 255 255 
255 255 0   0   255 255 255 255 0   0   0   0   255 255 0   0   255 255 255 255 255 255 255 255 255 255 255 255 255 255 255 255 
255 255 255 255 255 255 254 255 255 255 255 255 255 255 255 255 255 255 254 255 255 255 253 255 253 255 254 255 254 255 254 255 
4   0   2   0   255 255 254 255 12  0   0   0   255 255 255 255 1   0   1   0   0   0   255 255 2   0   1   0   255 255 255 255 
0   0   1   0   0   0   255 255 1   0   0   0   255 255 255 255 0   0   0   0   255 255 254 255 0   0   0   0   255 255 255 255 
255 255 0   0   255 255 255 255 0   0   0   0   255 255 255 255 255 255 255 255 255 255 255 255 255 255 255 255 255 255 255 255 
255 255 255 255 255 255 254 255 255 255 255 255 255 255 255 255 255 255 254 255 255 255 253 255 253 255 254 255 254 255 254 255 
4   0   2   0   255 255 254 255 12  0   0   0   255 255 255 255 1   0   1   0   0   0   255 255 2   0   1   0   255 255 255 255 
0   0   1   0   0   0   254 255 1   0   0   0   255 255 255 255 0   0   0   0   255 255 254 255 0   0   0   0   255 255 255 255 
255 255 0   0   255 255 255 255 0   0   0   0   255 255 255 255 255 255 255 255 255 255 255 255 255 255 255 255 255 255 255 255 
255 255 255 255 255 255 254 255 254 255 255 255 255 255 255 255 255 255 254 255 255 255 253 255 253 255 254 255 254 255 254 255 
4   0   2   0   255 255 254 255 12  0   0   0   255 255 255 255 1   0   1   0   0   0   255 255 2   0   1   0   255 255 255 255 
0   0   1   0   0   0   254 255 1   0   0   0   255 255 255 255 0   0   0   0   255 255 254 255 0   0   0   0   255 255 255 255 
255 255 0   0   255 255 255 255 0   0   0   0   255 255 255 255 255 255 255 255 255 255 255 255 255 255 255 255 255 255 255 255 
255 255 255 255 255 255 254 255 254 255 255 255 255 255 255 255 255 255 254 255 255 255 253 255 253 255 254 255 254 255 254 255 
4   0   2   0   255 255 254 255 12  0   0   0   255 255 255 255 1   0   1   0   0   0   255 255 2   0   1   0   255 255 255 255 
0   0   1   0   0   0   255 255 1   0   0   0   255 255 255 255 0   0   0   0   255 255 254 255 0   0   0   0   255 255 255 255 
255 255 0   0   255 255 255 255 0   0   0   0   255 255 255 255 255 255 255 255 255 255 255 255 255 255 255 255 255 255 255 255 
255 255 255 255 255 255 254 255 255 255 255 255 255 255 255 255 255 255 254 255 255 255 253 255 254 255 255 255 255 255 254 255 
4   0   2   0   255 255 254 255 12  0   0   0   255 255 255 255 1   0   1   0   0   0   255 255 2   0   1   0   255 255 255 255 
0   0   1   0   0   0   255 255 1   0   0   0   255 255 255 255 0   0   0   0   255 255 254 255 0   0   0   0   255 255 255 255 
255 255 0   0   255 255 255 255 0   0   0   0   255 255 255 255 255 255 255 255 255 255 255 255 255 255 255 255 255 255 255 255 
255 255 255 255 255 255 254 255 255 255 255 255 255 255 255 255 255 255 254 255 255 255 253 255 254 255 255 255 255 255 254 255 
4   0   2   0   255 255 254 255 12  0   0   0   255 255 255 255 1   0   1   0   0   0   255 255 2   0   1   0   255 255 255 255 
0   0   1   0   0   0   255 255 1   0   0   0   255 255 255 255 0   0   0   0   255 255 254 255 0   0   0   0   255 255 255 255 
255 255 0   0   255 255 255 255 0   0   0   0   255 255 255 255 255 255 255 255 255 255 255 255 255 255 255 255 255 255 255 255 
255 255 255 255 255 255 254 255 255 255 255 255 255 255 255 255 255 255 254 255 255 255 253 255 254 255 255 255 255 255 254 255 
4   0   2   0   255 255 254 255 12  0   0   0   255 255 255 255 1   0   1   0   0   0   255 255 2   0   0   0   255 255 255 255 
0   0   1   0   0   0   255 255 1   0   0   0   255 255 255 255 0   0   0   0   255 255 254 255 0   0   0   0   255 255 255 255 
255 255 0   0   255 255 255 255 0   0   0   0   255 255 255 255 255 255 0   0   255 255 255 255 255 255 255 255 255 255 255 255 
255 255 255 255 255 255 254 255 255 255 255 255 255 255 255 255 255 255 254 255 255 255 253 255 254 255 254 255 255 255 254 255 
4   0   2   0   255 255 254 255 12  0   0   0   255 255 255 255 1   0   1   0   0   0   255 255 2   0   0   0   255 255 255 255 
0   0   1   0   0   0   254 255 1   0   0   0   255 255 255 255 0   0   0   0   255 255 254 255 0   0   0   0   255 255 255 255 
255 255 0   0   255 255 255 255 0   0   0   0   255 255 255 255 255 255 0   0   254 255 255 255 255 255 255 255 255 255 255 255 
255 255 255 255 255 255 254 255 255 255 255 255 255 255 255 255 255 255 255 255 255 255 253 255 254 255 254 255 255 255 254 255 
4   0   2   0   255 255 254 255 12  0   0   0   255 255 255 255 1   0   1   0   0   0   255 255 2   0   0   0   255 255 255 255 
0   0   1   0   0   0   254 255 1   0   0   0   255 255 255 255 0   0   0   0   255 255 254 255 0   0   0   0   255 255 255 255 
255 255 0   0   254 255 254 255 0   0   0   0   255 255 255 255 255 255 0   0   255 255 255 255 255 255 255 255 255 255 255 255 
255 255 255 255 255 255 254 255 255 255 255 255 255 255 255 255 255 255 255 255 255 255 253 255 254 255 254 255 255 255 254 255 
4   0   2   0   255 255 254 255 12  0   0   0   255 255 255 255 1   0   1   0   0   0   255 255 2   0   0   0   255 255 255 255 
0   0   1   0   0   0   254 255 0   0   0   0   255 255 255 255 0   0   0   0   255 255 254 255 0   0   0   0   255 255 255 255 
255 255 0   0   254 255 254 255 0   0   0   0   255 255 255 255 255 255 0   0   255 255 255 255 255 255 255 255 255 255 255 255 
255 255 255 255 255 255 254 255 255 255 255 255 255 255 255 255 255 255 255 255 255 255 253 255 253 255 254 255 254 255 254 255 
4   0   2   0   255 255 254 255 12  0   0   0   255 255 255 255 1   0   1   0   0   0   255 255 2   0   0   0   255 255 255 255 
0   0   1   0   0   0   254 255 0   0   0   0   255 255 255 255 0   0   0   0   255 255 254 255 0   0   0   0   255 255 255 255 
255 255 0   0   254 255 254 255 0   0   0   0   255 255 255 255 255 255 255 255 255 255 255 255 255 255 255 255 255 255 255 255 
255 255 255 255 255 255 254 255 255 255 255 255 255 255 255 255 255 255 255 255 255 255 253 255 253 255 254 255 254 255 254 255 
4   0   2   0   255 255 254 255 12  0   0   0   255 255 255 255 1   0   1   0   0   0   255 255 2   0   0   0   255 255 255 255 
0   0   1   0   0   0   254 255 1   0   0   0   255 255 255 255 0   0   0   0   255 255 254 255 0   0   0   0   255 255 255 255 
255 255 0   0   254 255 254 255 0   0   0   0   255 255 255 255 255 255 255 255 254 255 255 255 255 255 255 255 255 255 255 255 
255 255 255 255 255 255 254 255 255 255 255 255 255 255 255 255 255 255 255 255 255 255 253 255 254 255 254 255 254 255 254 255 
4   0   2   0   255 255 254 255 12  0   0   0   255 255 255 255 1   0   1   0   0   0   255 255 2   0   0   0   255 255 255 255 
0   0   1   0   0   0   254 255 1   0   0   0   255 255 255 255 0   0   0   0   255 255 254 255 0   0   0   0   255 255 255 255 
255 255 0   0   255 255 255 255 0   0   0   0   255 255 255 255 255 255 255 255 254 255 255 255 255 255 255 255 255 255 255 255 
255 255 255 255 255 255 254 255 255 255 255 255 255 255 255 255 255 255 255 255 255 255 253 255 254 255 254 255 254 255 254 255 
4   0   2   0   255 255 254 255 12  0   0   0   255 255 255 255 1   0   1   0   0   0   254 255 1   0   0   0   255 255 255 255 
0   0   1   0   0   0   254 255 1   0   0   0   255 255 255 255 0   0   0   0   255 255 254 255 0   0   0   0   255 255 255 255 
255 255 0   0   255 255 255 255 0   0   0   0   255 255 0   0   255 255 255 255 254 255 255 255 255 255 255 255 255 255 255 255 
255 255 255 255 255 255 254 255 254 255 255 255 254 255 255 255 255 255 255 255 255 255 253 255 254 255 254 255 254 255 254 255 
4   0   2   0   255 255 254 255 12  0   0   0   255 255 255 255 1   0   1   0   0   0   254 255 1   0   0   0   255 255 255 255 
0   0   1   0   0   0   254 255 1   0   0   0   255 255 255 255 0   0   0   0   255 255 254 255 0   0   0   0   255 255 255 255 
255 255 0   0   255 255 255 255 0   0   0   0   255 255 0   0   255 255 255 255 254 255 255 255 255 255 255 255 255 255 255 255 
255 255 255 255 255 255 254 255 255 255 255 255 254 255 255 255 255 255 255 255 255 255 253 255 254 255 254 255 254 255 254 255 
4   0   2   0   255 255 254 255 12  0   0   0   255 255 255 255 1   0   1   0   0   0   254 255 1   0   0   0   255 255 255 255 
0   0   1   0   0   0   254 255 1   0   0   0   255 255 255 255 0   0   0   0   255 255 254 255 0   0   0   0   255 255 255 255 
255 255 0   0   255 255 255 255 0   0   0   0   255 255 0   0   255 255 255 255 254 255 255 255 255 255 255 255 255 255 255 255 
255 255 254 255 255 255 254 255 255 255 254 255 254 255 255 255 255 255 255 255 255 255 253 255 254 255 254 255 254 255 254 255 
4   0   2   0   255 255 254 255 12  0   0   0   255 255 255 255 1   0   1   0   0   0   254 255 2   0   0   0   255 255 255 255 
0   0   1   0   0   0   254 255 1   0   0   0   255 255 255 255 0   0   0   0   255 255 254 255 0   0   0   0   255 255 255 255 
255 255 0   0   255 255 255 255 0   0   0   0   255 255 0   0   255 255 255 255 254 255 255 255 255 255 255 255 255 255 255 255 
255 255 255 255 255 255 254 255 255 255 255 255 254 255 255 255 255 255 255 255 255 255 253 255 254 255 254 255 254 255 254 255 
4   0   2   0   255 255 254 255 12  0   0   0   255 255 255 255 1   0   1   0   0   0   254 255 2   0   1   0   255 255 255 255 
0   0   1   0   0   0   254 255 1   0   0   0   255 255 255 255 0   0   0   0   255 255 254 255 0   0   0   0   255 255 255 255 
255 255 0   0   255 255 255 255 0   0   0   0   255 255 0   0   255 255 255 255 255 255 255 255 255 255 255 255 255 255 255 255 
255 255 255 255 255 255 254 255 255 255 255 255 254 255 255 255 255 255 255 255 255 255 253 255 254 255 254 255 254 255 254 255 
4   0   2   0   255 255 254 255 12  0   0   0   255 255 255 255 1   0   1   0   0   0   254 255 2   0   1   0   255 255 255 255 
0   0   1   0   0   0   254 255 1   0   0   0   255 255 255 255 0   0   0   0   255 255 254 255 0   0   0   0   255 255 255 255 
255 255 0   0   255 255 255 255 0   0   0   0   255 255 255 255 255 255 255 255 255 255 255 255 255 255 255 255 255 255 255 255 
255 255 255 255 255 255 254 255 255 255 255 255 254 255 255 255 255 255 255 255 255 255 253 255 254 255 254 255 254 255 254 255 
4   0   2   0   255 255 254 255 12  0   0   0   255 255 255 255 1   0   1   0   0   0   255 255 2   0   1   0   255 255 255 255 
0   0   1   0   0   0   254 255 1   0   0   0   255 255 255 255 0   0   0   0   255 255 254 255 0   0   0   0   255 255 255 255 
255 255 0   0   255 255 255 255 0   0   0   0   255 255 255 255 255 255 255 255 255 255 255 255 255 255 255 255 255 255 255 255 
255 255 255 255 255 255 254 255 255 255 255 255 254 255 255 255 255 255 255 255 255 255 253 255 254 255 254 255 254 255 254 255 
4   0   2   0   255 255 254 255 12  0   0   0   255 255 255 255 1   0   1   0   0   0   255 255 1   0   0   0   255 255 255 255 
0   0   1   0   0   0   254 255 1   0   0   0   255 255 255 255 0   0   0   0   255 255 254 255 0   0   0   0   255 255 255 255 
255 255 0   0   255 255 255 255 0   0   0   0   255 255 255 255 255 255 255 255 255 255 255 255 255 255 255 255 255 255 255 255 
255 255 255 255 255 255 254 255 255 255 255 255 254 255 255 255 255 255 255 255 255 255 253 255 254 255 255 255 255 255 254 255 
4   0   2   0   255 255 254 255 12  0   0   0   255 255 255 255 1   0   1   0   0   0   255 255 2   0   0   0   255 255 255 255 
0   0   1   0   0   0   255 255 1   0   0   0   255 255 255 255 0   0   0   0   255 255 254 255 0   0   0   0   255 255 255 255 
255 255 0   0   255 255 255 255 0   0   0   0   255 255 255 255 255 255 255 255 255 255 255 255 0   0   255 255 255 255 255 255 
255 255 255 255 255 255 254 255 255 255 255 255 254 255 255 255 255 255 255 255 255 255 253 255 254 255 255 255 255 255 254 255 
4   0   2   0   255 255 254 255 12  0   0   0   255 255 255 255 1   0   1   0   0   0   254 255 2   0   0   0   255 255 255 255 
0   0   1   0   0   0   255 255 1   0   0   0   255 255 255 255 0   0   0   0   255 255 254 255 0   0   0   0   255 255 0   0   
255 255 0   0   255 255 255 255 0   0   0   0   255 255 255 255 255 255 255 255 255 255 255 255 0   0   255 255 255 255 255 255 
255 255 255 255 255 255 254 255 255 255 255 255 254 255 255 255 255 255 255 255 255 255 253 255 254 255 255 255 255 255 254 255 
4   0   2   0   255 255 254 255 12  0   0   0   255 255 255 255 1   0   1   0   0   0   254 255 2   0   1   0   255 255 255 255 
0   0   1   0   0   0   255 255 1   0   0   0   255 255 255 255 0   0   0   0   255 255 254 255 0   0   0   0   255 255 255 255 
255 255 0   0   255 255 255 255 0   0   0   0   255 255 255 255 255 255 255 255 255 255 255 255 0   0   255 255 255 255 255 255 
255 255 255 255 255 255 254 255 255 255 255 255 254 255 255 255 255 255 255 255 255 255 253 255 254 255 254 255 255 255 254 255 
4   0   2   0   255 255 254 255 12  0   0   0   255 255 255 255 1   0   1   0   0   0   254 255 2   0   1   0   255 255 255 255 
0   0   1   0   0   0   255 255 1   0   0   0   255 255 255 255 0   0   0   0   255 255 254 255 0   0   0   0   255 255 255 255 
255 255 0   0   255 255 255 255 0   0   0   0   255 255 255 255 255 255 255 255 255 255 255 255 255 255 255 255 255 255 255 255 
255 255 255 255 255 255 254 255 255 255 255 255 254 255 255 255 255 255 255 255 255 255 253 255 254 255 254 255 255 255 254 255 
4   0   2   0   255 255 254 255 12  0   0   0   255 255 255 255 1   0   1   0   0   0   254 255 2   0   1   0   255 255 255 255 
0   0   1   0   0   0   255 255 1   0   0   0   255 255 255 255 0   0   0   0   255 255 254 255 0   0   0   0   255 255 255 255 
255 255 0   0   255 255 255 255 0   0   0   0   255 255 255 255 255 255 0   0   255 255 255 255 255 255 255 255 255 255 255 255 
255 255 255 255 255 255 254 255 255 255 255 255 254 255 255 255 255 255 255 255 255 255 253 255 254 255 254 255 255 255 254 255 
4   0   2   0   255 255 254 255 12  0   0   0   255 255 255 255 1   0   1   0   0   0   254 255 2   0   1   0   255 255 255 255 
0   0   1   0   0   0   255 255 1   0   0   0   255 255 255 255 0   0   0   0   255 255 254 255 0   0   0   0   255 255 255 255 
255 255 0   0   255 255 255 255 0   0   0   0   255 255 255 255 255 255 0   0   255 255 255 255 255 255 255 255 255 255 255 255 
255 255 255 255 255 255 254 255 255 255 255 255 254 255 255 255 255 255 255 255 255 255 253 255 254 255 254 255 255 255 254 255 
4   0   2   0   255 255 254 255 12  0   0   0   255 255 255 255 1   0   1   0   0   0   254 255 2   0   1   0   255 255 255 255 
0   0   1   0   0   0   255 255 1   0   0   0   255 255 255 255 0   0   0   0   255 255 255 255 0   0   0   0   255 255 255 255 
255 255 0   0   255 255 255 255 0   0   0   0   255 255 255 255 255 255 0   0   255 255 255 255 255 255 255 255 255 255 255 255 
255 255 255 255 255 255 254 255 255 255 255 255 254 255 255 255 255 255 255 255 255 255 253 255 254 255 254 255 255 255 254 255 
4   0   2   0   255 255 254 255 12  0   0   0   255 255 255 255 1   0   1   0   0   0   255 255 2   0   1   0   255 255 255 255 
0   0   1   0   0   0   255 255 1   0   0   0   255 255 255 255 1   0   0   0   255 255 255 255 0   0   0   0   255 255 255 255 
255 255 0   0   255 255 254 255 0   0   0   0   255 255 255 255 255 255 0   0   255 255 255 255 255 255 255 255 255 255 255 255 
255 255 255 255 255 255 254 255 255 255 255 255 254 255 255 255 255 255 255 255 255 255 253 255 254 255 254 255 255 255 254 255 
4   0   2   0   255 255 254 255 12  0   0   0   255 255 255 255 1   0   1   0   0   0   255 255 2   0   1   0   255 255 255 255 
0   0   1   0   0   0   255 255 1   0   0   0   255 255 255 255 1   0   0   0   255 255 255 255 0   0   0   0   255 255 255 255 
255 255 0   0   255 255 254 255 0   0   0   0   255 255 255 255 255 255 0   0   255 255 255 255 255 255 255 255 255 255 255 255 
255 255 255 255 255 255 254 255 255 255 255 255 255 255 255 255 255 255 255 255 255 255 253 255 254 255 254 255 255 255 254 255 
4   0   2   0   255 255 254 255 12  0   0   0   255 255 255 255 1   0   1   0   0   0   255 255 2   0   1   0   255 255 255 255 
0   0   1   0   0   0   255 255 1   0   0   0   255 255 255 255 1   0   0   0   255 255 254 255 0   0   0   0   255 255 255 255 
255 255 0   0   255 255 254 255 0   0   0   0   255 255 255 255 255 255 255 255 255 255 255 255 255 255 255 255 255 255 255 255 
255 255 255 255 255 255 254 255 254 255 255 255 254 255 255 255 255 255 255 255 255 255 253 255 254 255 254 255 255 255 254 255 
4   0   2   0   255 255 254 255 12  0   0   0   255 255 0   0   1   0   1   0   0   0   255 255 2   0   1   0   255 255 255 255 
0   0   1   0   0   0   255 255 1   0   0   0   255 255 255 255 1   0   0   0   255 255 254 255 0   0   0   0   255 255 255 255 
255 255 0   0   255 255 254 255 255 255 0   0   255 255 255 255 255 255 255 255 255 255 255 255 255 255 255 255 255 255 255 255 
255 255 255 255 255 255 254 255 255 255 255 255 255 255 255 255 255 255 255 255 255 255 253 255 254 255 254 255 255 255 254 255 
4   0   2   0   255 255 254 255 12  0   0   0   255 255 0   0   1   0   1   0   0   0   255 255 2   0   1   0   255 255 255 255 
0   0   1   0   0   0   255 255 1   0   0   0   255 255 255 255 1   0   0   0   255 255 254 255 0   0   0   0   255 255 255 255 
255 255 0   0   255 255 254 255 255 255 0   0   255 255 255 255 255 255 255 255 255 255 255 255 255 255 255 255 255 255 255 255 
255 255 255 255 255 255 254 255 255 255 255 255 255 255 255 255 255 255 255 255 255 255 253 255 253 255 254 255 255 255 254 255 
4   0   2   0   255 255 254 255 12  0   0   0   255 255 0   0   1   0   1   0   0   0   255 255 2   0   1   0   255 255 255 255 
0   0   1   0   0   0   255 255 1   0   0   0   255 255 255 255 0   0   0   0   255 255 254 255 0   0   0   0   255 255 255 255 
255 255 0   0   255 255 254 255 255 255 0   0   255 255 255 255 255 255 255 255 255 255 255 255 255 255 255 255 255 255 255 255 
255 255 255 255 255 255 254 255 255 255 255 255 255 255 255 255 255 255 255 255 255 255 253 255 253 255 254 255 255 255 254 255 
4   0   2   0   255 255 254 255 12  0   0   0   255 255 0   0   1   0   1   0   0   0   255 255 2   0   1   0   255 255 255 255 
0   0   1   0   0   0   255 255 1   0   0   0   255 255 255 255 0   0   0   0   255 255 254 255 0   0   0   0   255 255 255 255 
255 255 0   0   255 255 254 255 255 255 0   0   255 255 255 255 255 255 255 255 255 255 255 255 255 255 255 255 255 255 255 255 
255 255 255 255 255 255 254 255 255 255 255 255 254 255 255 255 255 255 255 255 255 255 253 255 254 255 254 255 255 255 254 255 
4   0   2   0   255 255 254 255 12  0   0   0   255 255 0   0   1   0   0   0   0   0   254 255 2   0   1   0   255 255 255 255 
0   0   1   0   0   0   254 255 1   0   0   0   255 255 255 255 0   0   0   0   255 255 254 255 0   0   0   0   255 255 255 255 
255 255 0   0   255 255 254 255 255 255 0   0   255 255 255 255 255 255 255 255 255 255 255 255 255 255 255 255 255 255 255 255 
255 255 255 255 255 255 254 255 255 255 255 255 254 255 255 255 255 255 255 255 255 255 253 255 254 255 254 255 255 255 254 255 
4   0   2   0   255 255 254 255 12  0   0   0   255 255 0   0   1   0   0   0   0   0   255 255 2   0   1   0   255 255 255 255 
0   0   1   0   0   0   254 255 1   0   0   0   255 255 255 255 0   0   0   0   255 255 254 255 0   0   0   0   255 255 255 255 
255 255 0   0   255 255 254 255 255 255 0   0   255 255 255 255 255 255 255 255 255 255 255 255 255 255 255 255 255 255 255 255 
255 255 255 255 255 255 254 255 255 255 255 255 254 255 255 255 255 255 255 255 255 255 253 255 254 255 254 255 255 255 254 255 
4   0   2   0   255 255 254 255 12  0   0   0   255 255 0   0   1   0   0   0   0   0   255 255 2   0   1   0   255 255 255 255 
0   0   1   0   0   0   254 255 1   0   0   0   255 255 255 255 0   0   0   0   255 255 254 255 0   0   0   0   255 255 255 255 
255 255 0   0   255 255 254 255 255 255 0   0   255 255 255 255 255 255 255 255 255 255 255 255 255 255 255 255 255 255 255 255 
255 255 255 255 255 255 254 255 255 255 255 255 254 255 255 255 255 255 255 255 255 255 253 255 254 255 254 255 255 255 254 255 
4   0   2   0   255 255 254 255 12  0   0   0   255 255 0   0   1   0   0   0   0   0   255 255 2   0   1   0   255 255 255 255 
0   0   1   0   0   0   254 255 1   0   0   0   255 255 255 255 0   0   0   0   255 255 254 255 0   0   0   0   255 255 255 255 
255 255 0   0   255 255 254 255 0   0   0   0   255 255 255 255 255 255 255 255 255 255 255 255 255 255 255 255 255 255 255 255 
255 255 255 255 255 255 254 255 255 255 255 255 254 255 255 255 255 255 255 255 255 255 253 255 254 255 254 255 255 255 254 255 
4   0   2   0   255 255 254 255 12  0   0   0   255 255 0   0   1   0   0   0   0   0   255 255 2   0   1   0   255 255 255 255 
0   0   1   0   0   0   254 255 1   0   0   0   255 255 255 255 0   0   0   0   255 255 254 255 0   0   0   0   255 255 255 255 
255 255 0   0   255 255 254 255 0   0   0   0   255 255 255 255 255 255 255 255 255 255 255 255 255 255 255 255 255 255 255 255 
255 255 254 255 255 255 254 255 255 255 255 255 254 255 255 255 255 255 255 255 255 255 253 255 254 255 255 255 255 255 254 255 
4   0   2   0   255 255 254 255 12  0   0   0   255 255 0   0   1   0   0   0   0   0   255 255 2   0   1   0   255 255 255 255 
0   0   1   0   0   0   254 255 1   0   0   0   255 255 255 255 0   0   0   0   255 255 254 255 0   0   0   0   255 255 255 255 
255 255 0   0   255 255 254 255 0   0   0   0   254 255 255 255 255 255 255 255 255 255 255 255 255 255 255 255 255 255 255 255 
255 255 254 255 255 255 254 255 255 255 255 255 254 255 255 255 255 255 255 255 255 255 253 255 254 255 255 255 255 255 254 255 
4   0   2   0   255 255 254 255 12  0   0   0   255 255 255 255 1   0   0   0   0   0   254 255 2   0   1   0   255 255 255 255 
0   0   1   0   0   0   254 255 1   0   0   0   255 255 255 255 0   0   0   0   255 255 254 255 0   0   0   0   255 255 255 255 
255 255 0   0   255 255 254 255 0   0   0   0   254 255 255 255 255 255 255 255 255 255 255 255 255 255 255 255 255 255 255 255 
255 255 255 255 255 255 254 255 255 255 255 255 254 255 255 255 255 255 255 255 255 255 253 255 254 255 255 255 255 255 254 255 
4   0   2   0   255 255 254 255 12  0   0   0   255 255 255 255 1   0   0   0   0   0   254 255 2   0   1   0   255 255 255 255 
0   0   1   0   0   0   255 255 1   0   0   0   255 255 255 255 0   0   0   0   255 255 254 255 0   0   0   0   255 255 255 255 
255 255 0   0   255 255 254 255 0   0   0   0   255 255 255 255 255 255 0   0   255 255 255 255 255 255 255 255 255 255 255 255 
255 255 255 255 255 255 254 255 255 255 255 255 254 255 255 255 254 255 254 255 255 255 253 255 254 255 255 255 255 255 254 255 
4   0   2   0   255 255 254 255 12  0   0   0   255 255 255 255 1   0   0   0   0   0   254 255 2   0   1   0   255 255 255 255 
0   0   1   0   255 255 254 255 1   0   0   0   255 255 255 255 0   0   0   0   255 255 254 255 0   0   0   0   255 255 255 255 
255 255 0   0   255 255 254 255 0   0   0   0   255 255 255 255 255 255 0   0   255 255 255 255 255 255 255 255 255 255 255 255 
255 255 255 255 255 255 254 255 255 255 255 255 254 255 255 255 255 255 255 255 255 255 253 255 254 255 255 255 255 255 254 255 
4   0   2   0   255 255 254 255 12  0   0   0   255 255 255 255 1   0   0   0   0   0   254 255 2   0   1   0   255 255 255 255 
0   0   1   0   255 255 254 255 1   0   0   0   255 255 255 255 0   0   0   0   255 255 254 255 0   0   0   0   255 255 255 255 
255 255 0   0   255 255 254 255 0   0   0   0   255 255 255 255 255 255 0   0   255 255 255 255 255 255 255 255 255 255 255 255 
255 255 255 255 255 255 254 255 255 255 255 255 254 255 255 255 255 255 255 255 255 255 253 255 254 255 255 255 255 255 254 255 
4   0   2   0   255 255 254 255 12  0   0   0   255 255 255 255 1   0   0   0   0   0   254 255 2   0   1   0   255 255 255 255 
0   0   1   0   255 255 254 255 1   0   0   0   255 255 255 255 0   0   0   0   255 255 254 255 0   0   0   0   255 255 255 255 
255 255 0   0   255 255 255 255 0   0   0   0   255 255 255 255 255 255 0   0   255 255 255 255 255 255 255 255 255 255 255 255 
255 255 255 255 255 255 254 255 255 255 255 255 255 255 255 255 255 255 255 255 255 255 253 255 254 255 255 255 255 255 254 255 
4   0   2   0   255 255 254 255 12  0   0   0   255 255 255 255 1   0   1   0   0   0   254 255 2   0   1   0   255 255 255 255 
0   0   0   0   255 255 254 255 1   0   0   0   255 255 255 255 0   0   0   0   255 255 254 255 0   0   0   0   255 255 255 255 
255 255 0   0   255 255 255 255 0   0   0   0   255 255 255 255 255 255 0   0   255 255 255 255 255 255 255 255 255 255 255 255 
255 255 255 255 255 255 254 255 255 255 255 255 255 255 255 255 255 255 255 255 255 255 253 255 254 255 255 255 255 255 254 255 
4   0   2   0   255 255 254 255 12  0   0   0   255 255 255 255 1   0   1   0   0   0   255 255 2   0   1   0   255 255 255 255 
0   0   0   0   255 255 254 255 1   0   0   0   255 255 255 255 0   0   0   0   255 255 254 255 0   0   0   0   255 255 255 255 
255 255 0   0   255 255 255 255 0   0   0   0   255 255 255 255 255 255 0   0   255 255 255 255 255 255 255 255 255 255 255 255 
255 255 254 255 255 255 254 255 255 255 255 255 255 255 255 255 255 255 255 255 255 255 253 255 254 255 254 255 255 255 254 255 
4   0   2   0   255 255 254 255 12  0   0   0   255 255 255 255 1   0   1   0   0   0   255 255 2   0   1   0   255 255 255 255 
0   0   0   0   255 255 254 255 1   0   0   0   255 255 255 255 0   0   0   0   255 255 254 255 0   0   0   0   255 255 255 255 
255 255 0   0   255 255 255 255 0   0   0   0   255 255 255 255 255 255 0   0   255 255 255 255 255 255 255 255 255 255 255 255 
255 255 254 255 255 255 254 255 255 255 255 255 255 255 255 255 255 255 255 255 255 255 253 255 254 255 254 255 255 255 254 255 
4   0   2   0   255 255 254 255 12  0   0   0   255 255 255 255 1   0   1   0   0   0   255 255 2   0   1   0   255 255 255 255 
0   0   0   0   255 255 254 255 1   0   0   0   255 255 255 255 0   0   0   0   255 255 254 255 0   0   0   0   255 255 255 255 
255 255 0   0   255 255 255 255 0   0   0   0   255 255 255 255 255 255 0   0   255 255 255 255 255 255 255 255 255 255 255 255 
255 255 255 255 255 255 254 255 254 255 255 255 254 255 255 255 255 255 255 255 255 255 253 255 254 255 254 255 255 255 254 255 
4   0   2   0   255 255 254 255 12  0   0   0   255 255 255 255 1   0   1   0   0   0   255 255 2   0   1   0   255 255 255 255 
0   0   0   0   255 255 254 255 1   0   0   0   255 255 255 255 0   0   0   0   255 255 254 255 0   0   0   0   255 255 255 255 
255 255 0   0   255 255 255 255 0   0   0   0   255 255 255 255 255 255 255 255 255 255 255 255 255 255 255 255 255 255 255 255 
255 255 255 255 255 255 254 255 255 255 255 255 254 255 255 255 255 255 255 255 255 255 253 255 254 255 254 255 255 255 254 255 
4   0   2   0   255 255 254 255 12  0   0   0   255 255 255 255 1   0   1   0   0   0   255 255 2   0   1   0   255 255 255 255 
0   0   0   0   255 255 254 255 1   0   0   0   255 255 255 255 0   0   0   0   255 255 254 255 0   0   0   0   255 255 255 255 
255 255 0   0   255 255 255 255 0   0   0   0   255 255 255 255 255 255 255 255 255 255 255 255 255 255 255 255 255 255 255 255 
255 255 255 255 255 255 254 255 255 255 255 255 254 255 255 255 255 255 255 255 255 255 253 255 254 255 254 255 255 255 254 255 
4   0   2   0   255 255 254 255 12  0   0   0   255 255 255 255 1   0   1   0   0   0   255 255 2   0   1   0   255 255 255 255 
0   0   0   0   255 255 254 255 1   0   0   0   255 255 255 255 0   0   0   0   255 255 254 255 0   0   0   0   255 255 255 255 
255 255 0   0   255 255 255 255 0   0   0   0   255 255 255 255 255 255 255 255 255 255 255 255 255 255 255 255 255 255 255 255 
255 255 255 255 255 255 254 255 255 255 255 255 254 255 255 255 255 255 255 255 255 255 253 255 253 255 254 255 255 255 254 255 
4   0   2   0   255 255 254 255 12  0   0   0   255 255 255 255 1   0   1   0   0   0   255 255 2   0   1   0   255 255 255 255 
0   0   0   0   255 255 254 255 1   0   0   0   255 255 255 255 0   0   0   0   255 255 254 255 0   0   0   0   255 255 255 255 
255 255 0   0   255 255 255 255 0   0   0   0   255 255 255 255 255 255 255 255 255 255 255 255 255 255 255 255 255 255 255 255 
255 255 255 255 255 255 254 255 254 255 255 255 254 255 255 255 255 255 255 255 255 255 253 255 253 255 254 255 255 255 254 255 
4   0   2   0   255 255 254 255 12  0   0   0   255 255 255 255 1   0   1   0   0   0   255 255 2   0   1   0   255 255 255 255 
0   0   0   0   0   0   254 255 1   0   0   0   255 255 255 255 0   0   0   0   255 255 254 255 0   0   0   0   255 255 255 255 
255 255 0   0   255 255 255 255 255 255 0   0   255 255 255 255 255 255 255 255 255 255 255 255 255 255 255 255 255 255 255 255 
255 255 255 255 255 255 254 255 255 255 255 255 254 255 255 255 255 255 255 255 255 255 253 255 253 255 254 255 255 255 254 255 
4   0   2   0   255 255 254 255 12  0   0   0   255 255 255 255 1   0   1   0   0   0   255 255 2   0   1   0   255 255 255 255 
0   0   0   0   255 255 254 255 1   0   0   0   255 255 255 255 0   0   0   0   254 255 253 255 0   0   0   0   255 255 255 255 
255 255 0   0   255 255 255 255 255 255 0   0   255 255 255 255 255 255 255 255 255 255 255 255 255 255 255 255 255 255 255 255 
255 255 255 255 255 255 254 255 255 255 255 255 254 255 255 255 255 255 255 255 255 255 253 255 253 255 254 255 255 255 254 255 
4   0   2   0   255 255 254 255 12  0   0   0   255 255 255 255 1   0   1   0   255 255 254 255 2   0   1   0   255 255 255 255 
0   0   0   0   255 255 254 255 1   0   0   0   255 255 255 255 0   0   0   0   254 255 253 255 0   0   0   0   255 255 255 255 
255 255 0   0   255 255 255 255 0   0   0   0   255 255 255 255 255 255 255 255 255 255 255 255 255 255 255 255 255 255 255 255 
255 255 255 255 255 255 254 255 255 255 255 255 254 255 255 255 255 255 255 255 255 255 253 255 254 255 254 255 255 255 254 255 
4   0   2   0   255 255 254 255 12  0   0   0   255 255 255 255 1   0   1   0   255 255 254 255 2   0   1   0   255 255 255 255 
0   0   0   0   255 255 254 255 1   0   0   0   255 255 255 255 0   0   0   0   254 255 254 255 0   0   0   0   255 255 255 255 
255 255 0   0   255 255 254 255 0   0   0   0   255 255 255 255 255 255 255 255 255 255 255 255 255 255 255 255 255 255 255 255 
255 255 255 255 255 255 254 255 254 255 255 255 254 255 255 255 255 255 255 255 255 255 253 255 254 255 254 255 255 255 254 255 
4   0   2   0   255 255 254 255 12  0   0   0   255 255 255 255 1   0   1   0   0   0   255 255 2   0   1   0   255 255 255 255 
0   0   0   0   255 255 254 255 1   0   0   0   255 255 255 255 0   0   0   0   255 255 254 255 0   0   0   0   255 255 255 255 
255 255 0   0   255 255 254 255 0   0   0   0   255 255 255 255 255 255 255 255 255 255 255 255 255 255 255 255 255 255 255 255 
255 255 255 255 255 255 254 255 254 255 255 255 254 255 255 255 255 255 255 255 255 255 253 255 254 255 254 255 255 255 254 255 
4   0   2   0   255 255 254 255 12  0   0   0   255 255 255 255 1   0   1   0   0   0   255 255 2   0   1   0   255 255 255 255 
0   0   0   0   255 255 254 255 1   0   0   0   255 255 255 255 0   0   0   0   255 255 254 255 0   0   0   0   255 255 255 255 
255 255 0   0   255 255 254 255 0   0   0   0   255 255 255 255 255 255 255 255 255 255 255 255 255 255 255 255 255 255 255 255 
255 255 255 255 255 255 254 255 254 255 255 255 254 255 255 255 255 255 255 255 255 255 253 255 254 255 254 255 255 255 254 255 
4   0   2   0   255 255 254 255 12  0   0   0   255 255 255 255 1   0   1   0   0   0   255 255 2   0   0   0   254 255 255 255 
0   0   0   0   255 255 254 255 1   0   0   0   255 255 255 255 0   0   0   0   255 255 254 255 0   0   0   0   255 255 255 255 
255 255 0   0   255 255 254 255 0   0   0   0   255 255 255 255 255 255 255 255 255 255 255 255 255 255 255 255 255 255 255 255 
255 255 255 255 255 255 254 255 254 255 255 255 254 255 255 255 255 255 255 255 255 255 253 255 254 255 254 255 255 255 254 255 
4   0   2   0   255 255 254 255 12  0   0   0   255 255 255 255 1   0   1   0   0   0   255 255 2   0   0   0   254 255 255 255 
0   0   0   0   255 255 254 255 1   0   0   0   255 255 255 255 0   0   0   0   255 255 254 255 0   0   0   0   255 255 255 255 
255 255 0   0   255 255 254 255 0   0   0   0   255 255 255 255 255 255 0   0   255 255 255 255 255 255 255 255 255 255 255 255 
255 255 255 255 255 255 254 255 254 255 255 255 254 255 255 255 255 255 255 255 255 255 253 255 254 255 254 255 255 255 254 255 
4   0   2   0   255 255 254 255 12  0   0   0   255 255 255 255 1   0   1   0   0   0   255 255 2   0   0   0   255 255 255 255 
0   0   0   0   255 255 254 255 1   0   0   0   255 255 255 255 0   0   0   0   255 255 254 255 0   0   0   0   255 255 255 255 
255 255 0   0   255 255 254 255 0   0   0   0   255 255 255 255 255 255 0   0   255 255 255 255 255 255 255 255 255 255 255 255 
255 255 255 255 255 255 254 255 254 255 255 255 254 255 255 255 255 255 255 255 255 255 253 255 254 255 254 255 255 255 254 255 
4   0   2   0   255 255 254 255 12  0   0   0   255 255 255 255 1   0   1   0   0   0   255 255 2   0   0   0   255 255 255 255 
0   0   0   0   255 255 254 255 1   0   0   0   255 255 255 255 0   0   0   0   255 255 254 255 0   0   0   0   255 255 255 255 
255 255 0   0   255 255 254 255 0   0   0   0   255 255 255 255 255 255 0   0   255 255 255 255 255 255 255 255 255 255 255 255 
255 255 255 255 255 255 254 255 254 255 255 255 254 255 255 255 255 255 255 255 255 255 253 255 254 255 254 255 255 255 254 255 
4   0   2   0   255 255 254 255 12  0   0   0   255 255 255 255 1   0   1   0   0   0   255 255 2   0   0   0   255 255 255 255 
0   0   0   0   255 255 255 255 1   0   0   0   255 255 255 255 0   0   0   0   255 255 254 255 0   0   0   0   255 255 255 255 
255 255 0   0   255 255 254 255 0   0   0   0   255 255 255 255 255 255 0   0   255 255 255 255 255 255 255 255 255 255 255 255 
255 255 255 255 255 255 254 255 255 255 255 255 254 255 255 255 255 255 254 255 255 255 253 255 254 255 254 255 255 255 254 255 
4   0   2   0   255 255 254 255 12  0   0   0   255 255 255 255 1   0   1   0   0   0   255 255 2   0   0   0   255 255 255 255 
0   0   0   0   255 255 255 255 1   0   0   0   255 255 255 255 0   0   0   0   255 255 254 255 0   0   0   0   255 255 255 255 
255 255 0   0   255 255 254 255 0   0   0   0   255 255 255 255 255 255 0   0   255 255 255 255 255 255 255 255 255 255 255 255 
255 255 255 255 255 255 254 255 254 255 255 255 254 255 255 255 255 255 255 255 255 255 253 255 254 255 254 255 255 255 254 255 
4   0   2   0   255 255 254 255 12  0   0   0   0   0   255 255 1   0   1   0   0   0   255 255 2   0   0   0   255 255 255 255 
0   0   0   0   255 255 255 255 1   0   0   0   255 255 255 255 0   0   0   0   255 255 254 255 0   0   0   0   255 255 255 255 
255 255 0   0   255 255 254 255 0   0   0   0   255 255 255 255 255 255 0   0   255 255 255 255 255 255 255 255 255 255 255 255 
255 255 255 255 255 255 254 255 254 255 255 255 254 255 255 255 255 255 255 255 255 255 253 255 254 255 254 255 255 255 254 255 
4   0   2   0   255 255 254 255 12  0   0   0   0   0   255 255 1   0   1   0   0   0   254 255 2   0   0   0   255 255 255 255 
0   0   0   0   255 255 255 255 1   0   0   0   255 255 255 255 0   0   0   0   255 255 254 255 0   0   0   0   255 255 255 255 
255 255 0   0   255 255 254 255 255 255 0   0   255 255 255 255 255 255 0   0   255 255 255 255 255 255 255 255 255 255 255 255 
255 255 255 255 255 255 254 255 255 255 255 255 255 255 255 255 255 255 254 255 255 255 253 255 254 255 254 255 255 255 254 255 
4   0   2   0   255 255 254 255 12  0   0   0   255 255 255 255 1   0   0   0   0   0   254 255 2   0   0   0   255 255 255 255 
0   0   0   0   255 255 255 255 1   0   0   0   255 255 255 255 0   0   0   0   255 255 254 255 0   0   0   0   255 255 255 255 
255 255 0   0   255 255 254 255 255 255 0   0   255 255 255 255 255 255 0   0   255 255 255 255 255 255 255 255 255 255 255 255 
255 255 255 255 255 255 254 255 255 255 255 255 255 255 255 255 255 255 254 255 255 255 252 255 254 255 254 255 255 255 254 255 
4   0   2   0   255 255 254 255 12  0   0   0   255 255 255 255 1   0   0   0   0   0   254 255 2   0   0   0   255 255 255 255 
0   0   0   0   255 255 255 255 1   0   0   0   255 255 255 255 0   0   0   0   255 255 254 255 0   0   0   0   255 255 255 255 
255 255 0   0   255 255 254 255 255 255 0   0   255 255 255 255 255 255 0   0   255 255 255 255 255 255 255 255 255 255 255 255 
255 255 255 255 255 255 254 255 255 255 255 255 255 255 255 255 255 255 254 255 255 255 253 255 254 255 254 255 255 255 254 255 
4   0   2   0   255 255 254 255 12  0   0   0   255 255 255 255 1   0   0   0   0   0   255 255 2   0   0   0   255 255 255 255 
0   0   0   0   255 255 255 255 1   0   0   0   255 255 255 255 0   0   0   0   255 255 254 255 255 255 0   0   255 255 255 255 
255 255 0   0   255 255 254 255 255 255 0   0   255 255 255 255 255 255 0   0   255 255 255 255 255 255 255 255 255 255 255 255 
255 255 255 255 255 255 254 255 255 255 255 255 255 255 255 255 255 255 255 255 255 255 253 255 254 255 254 255 254 255 254 255 
4   0   2   0   255 255 254 255 12  0   0   0   255 255 255 255 1   0   0   0   0   0   255 255 2   0   0   0   255 255 255 255 
0   0   0   0   255 255 255 255 1   0   0   0   255 255 255 255 0   0   0   0   255 255 254 255 0   0   0   0   255 255 255 255 
255 255 0   0   255 255 254 255 255 255 0   0   255 255 255 255 255 255 0   0   255 255 255 255 255 255 255 255 255 255 255 255 
255 255 255 255 255 255 254 255 255 255 255 255 255 255 255 255 255 255 255 255 255 255 253 255 254 255 254 255 254 255 254 255 
4   0   2   0   255 255 254 255 12  0   0   0   255 255 255 255 1   0   0   0   0   0   255 255 2   0   0   0   255 255 255 255 
0   0   0   0   255 255 255 255 1   0   0   0   255 255 255 255 0   0   0   0   255 255 254 255 0   0   0   0   255 255 255 255 
255 255 0   0   255 255 255 255 255 255 0   0   255 255 255 255 255 255 0   0   255 255 255 255 255 255 255 255 255 255 255 255 
255 255 255 255 255 255 254 255 255 255 255 255 255 255 255 255 255 255 255 255 255 255 253 255 254 255 254 255 254 255 254 255 
4   0   2   0   255 255 254 255 12  0   0   0   255 255 255 255 1   0   0   0   0   0   255 255 2   0   0   0   255 255 255 255 
0   0   0   0   0   0   255 255 1   0   0   0   255 255 255 255 0   0   0   0   255 255 254 255 0   0   0   0   255 255 255 255 
255 255 0   0   255 255 255 255 255 255 0   0   255 255 255 255 255 255 0   0   255 255 255 255 255 255 255 255 255 255 255 255 
255 255 255 255 255 255 254 255 254 255 255 255 255 255 255 255 255 255 255 255 255 255 253 255 254 255 254 255 254 255 254 255 
4   0   2   0   255 255 254 255 12  0   0   0   255 255 255 255 1   0   0   0   0   0   255 255 2   0   0   0   255 255 255 255 
0   0   0   0   0   0   254 255 1   0   0   0   255 255 255 255 0   0   0   0   255 255 254 255 0   0   0   0   255 255 255 255 
255 255 0   0   255 255 255 255 255 255 0   0   255 255 255 255 255 255 0   0   255 255 255 255 255 255 255 255 255 255 255 255 
255 255 255 255 255 255 254 255 254 255 255 255 255 255 255 255 255 255 255 255 255 255 253 255 254 255 254 255 254 255 254 255 
4   0   2   0   255 255 254 255 12  0   0   0   255 255 255 255 1   0   0   0   0   0   255 255 2   0   1   0   255 255 255 255 
0   0   0   0   0   0   254 255 1   0   0   0   255 255 255 255 0   0   0   0   255 255 254 255 0   0   0   0   255 255 255 255 
255 255 0   0   255 255 255 255 255 255 0   0   255 255 255 255 255 255 0   0   255 255 255 255 255 255 255 255 255 255 255 255 
255 255 255 255 255 255 254 255 255 255 255 255 255 255 255 255 255 255 255 255 255 255 253 255 254 255 254 255 254 255 254 255 
4   0   2   0   255 255 254 255 12  0   0   0   255 255 255 255 1   0   0   0   0   0   254 255 1   0   0   0   255 255 255 255 
0   0   0   0   0   0   255 255 1   0   0   0   255 255 255 255 0   0   0   0   255 255 254 255 0   0   0   0   255 255 255 255 
255 255 0   0   255 255 255 255 255 255 0   0   255 255 255 255 255 255 0   0   255 255 255 255 255 255 255 255 255 255 255 255 
255 255 255 255 255 255 254 255 255 255 255 255 255 255 255 255 254 255 254 255 255 255 253 255 254 255 254 255 254 255 254 255 
4   0   2   0   255 255 254 255 12  0   0   0   255 255 255 255 1   0   0   0   0   0   254 255 1   0   0   0   254 255 255 255 
0   0   0   0   0   0   255 255 1   0   0   0   255 255 255 255 0   0   0   0   255 255 254 255 0   0   0   0   255 255 255 255 
255 255 0   0   255 255 255 255 255 255 0   0   255 255 255 255 255 255 0   0   255 255 255 255 255 255 255 255 255 255 255 255 
255 255 255 255 255 255 254 255 255 255 255 255 255 255 255 255 255 255 254 255 255 255 253 255 254 255 254 255 254 255 254 255 
4   0   2   0   255 255 254 255 12  0   0   0   255 255 255 255 1   0   1   0   0   0   254 255 1   0   0   0   254 255 255 255 
0   0   0   0   0   0   255 255 1   0   0   0   255 255 255 255 0   0   0   0   255 255 254 255 0   0   0   0   255 255 255 255 
255 255 0   0   255 255 255 255 255 255 0   0   255 255 255 255 255 255 0   0   255 255 255 255 255 255 255 255 255 255 255 255 
255 255 255 255 255 255 254 255 255 255 255 255 255 255 255 255 255 255 254 255 255 255 253 255 254 255 254 255 254 255 254 255 
4   0   2   0   255 255 254 255 12  0   0   0   255 255 0   0   1   0   1   0   0   0   255 255 1   0   0   0   254 255 255 255 
0   0   0   0   0   0   255 255 1   0   0   0   255 255 255 255 0   0   0   0   255 255 254 255 0   0   0   0   255 255 255 255 
255 255 0   0   255 255 255 255 255 255 0   0   254 255 255 255 255 255 0   0   255 255 255 255 255 255 255 255 255 255 255 255 
255 255 255 255 255 255 254 255 255 255 255 255 255 255 255 255 255 255 255 255 255 255 253 255 254 255 254 255 254 255 254 255 
4   0   2   0   255 255 254 255 12  0   0   0   255 255 0   0   1   0   1   0   0   0   255 255 2   0   1   0   255 255 255 255 
0   0   0   0   0   0   255 255 1   0   0   0   255 255 255 255 0   0   0   0   255 255 254 255 0   0   0   0   255 255 255 255 
255 255 0   0   255 255 255 255 255 255 0   0   255 255 255 255 255 255 0   0   255 255 255 255 255 255 255 255 255 255 255 255 
255 255 254 255 255 255 253 255 255 255 255 255 255 255 255 255 255 255 255 255 255 255 253 255 254 255 254 255 254 255 254 255 
4   0   2   0   255 255 254 255 12  0   0   0   255 255 0   0   1   0   1   0   0   0   255 255 2   0   1   0   255 255 255 255 
0   0   0   0   255 255 254 255 1   0   0   0   255 255 255 255 0   0   0   0   255 255 254 255 0   0   0   0   255 255 255 255 
255 255 0   0   255 255 255 255 255 255 0   0   255 255 255 255 255 255 0   0   255 255 255 255 255 255 255 255 255 255 255 255 
255 255 255 255 255 255 254 255 255 255 255 255 255 255 255 255 255 255 255 255 255 255 253 255 254 255 254 255 254 255 254 255 
4   0   2   0   255 255 254 255 12  0   0   0   255 255 0   0   1   0   1   0   0   0   255 255 2   0   1   0   255 255 255 255 
0   0   0   0   255 255 254 255 1   0   0   0   255 255 255 255 0   0   0   0   255 255 254 255 0   0   0   0   255 255 255 255 
255 255 0   0   255 255 255 255 255 255 0   0   255 255 255 255 255 255 0   0   255 255 255 255 255 255 255 255 255 255 255 255 
255 255 255 255 255 255 254 255 255 255 255 255 255 255 255 255 255 255 255 255 255 255 253 255 254 255 254 255 254 255 254 255 
4   0   2   0   255 255 254 255 12  0   0   0   255 255 0   0   1   0   1   0   0   0   255 255 2   0   1   0   255 255 255 255 
0   0   0   0   255 255 254 255 2   0   0   0   0   0   0   0   0   0   0   0   255 255 254 255 0   0   0   0   255 255 255 255 
255 255 0   0   255 255 255 255 255 255 0   0   255 255 255 255 255 255 0   0   255 255 255 255 255 255 255 255 255 255 255 255 
255 255 255 255 255 255 254 255 255 255 255 255 255 255 255 255 255 255 255 255 255 255 253 255 254 255 254 255 254 255 254 255 
4   0   2   0   255 255 254 255 12  0   0   0   255 255 0   0   1   0   1   0   0   0   255 255 2   0   1   0   255 255 255 255 
0   0   0   0   255 255 255 255 1   0   0   0   255 255 255 255 0   0   0   0   255 255 254 255 0   0   0   0   255 255 255 255 
255 255 0   0   255 255 255 255 0   0   0   0   255 255 255 255 255 255 255 255 255 255 255 255 255 255 255 255 255 255 255 255 
255 255 255 255 255 255 254 255 255 255 255 255 255 255 255 255 255 255 255 255 255 255 253 255 254 255 254 255 254 255 254 255 
4   0   2   0   255 255 254 255 12  0   0   0   255 255 0   0   1   0   1   0   0   0   255 255 2   0   1   0   255 255 255 255 
0   0   0   0   255 255 255 255 1   0   0   0   255 255 255 255 0   0   0   0   255 255 254 255 0   0   0   0   255 255 255 255 
255 255 0   0   255 255 255 255 0   0   0   0   255 255 255 255 255 255 255 255 255 255 255 255 255 255 255 255 255 255 255 255 
255 255 255 255 255 255 254 255 255 255 255 255 255 255 255 255 255 255 255 255 255 255 253 255 254 255 254 255 254 255 254 255 
4   0   2   0   255 255 254 255 12  0   0   0   255 255 0   0   1   0   1   0   0   0   255 255 2   0   1   0   255 255 255 255 
0   0   0   0   255 255 255 255 1   0   0   0   255 255 255 255 0   0   0   0   255 255 254 255 0   0   0   0   255 255 255 255 
255 255 0   0   255 255 255 255 0   0   0   0   255 255 255 255 255 255 255 255 255 255 255 255 255 255 255 255 255 255 255 255 
255 255 255 255 255 255 254 255 255 255 255 255 255 255 255 255 255 255 255 255 255 255 253 255 254 255 254 255 254 255 254 255 
4   0   2   0   255 255 254 255 12  0   0   0   255 255 0   0   1   0   1   0   0   0   255 255 2   0   1   0   255 255 255 255 
0   0   0   0   255 255 255 255 1   0   0   0   255 255 255 255 0   0   0   0   255 255 254 255 0   0   0   0   255 255 255 255 
255 255 0   0   255 255 255 255 0   0   0   0   255 255 255 255 255 255 255 255 255 255 255 255 255 255 255 255 255 255 255 255 
255 255 255 255 255 255 254 255 255 255 255 255 255 255 255 255 255 255 255 255 255 255 253 255 254 255 254 255 254 255 254 255 
4   0   2   0   255 255 254 255 12  0   0   0   255 255 0   0   1   0   1   0   0   0   255 255 2   0   0   0   255 255 255 255 
0   0   0   0   255 255 254 255 1   0   0   0   255 255 255 255 0   0   0   0   255 255 254 255 0   0   0   0   255 255 255 255 
255 255 0   0   255 255 255 255 0   0   0   0   255 255 255 255 255 255 255 255 255 255 255 255 255 255 255 255 255 255 255 255 
255 255 255 255 0   0   255 255 255 255 255 255 255 255 255 255 255 255 255 255 255 255 253 255 254 255 254 255 254 255 254 255 
4   0   2   0   255 255 254 255 12  0   0   0   255 255 0   0   1   0   1   0   0   0   254 255 2   0   0   0   255 255 255 255 
0   0   0   0   0   0   254 255 1   0   0   0   255 255 255 255 0   0   0   0   255 255 254 255 0   0   0   0   255 255 255 255 
255 255 0   0   255 255 255 255 0   0   0   0   255 255 255 255 255 255 255 255 255 255 255 255 255 255 255 255 255 255 255 255 
255 255 255 255 0   0   255 255 255 255 255 255 255 255 255 255 255 255 255 255 255 255 253 255 254 255 254 255 254 255 254 255 
4   0   2   0   255 255 254 255 12  0   0   0   255 255 0   0   1   0   1   0   0   0   255 255 2   0   0   0   255 255 255 255 
0   0   0   0   0   0   254 255 1   0   0   0   255 255 255 255 0   0   0   0   255 255 254 255 0   0   0   0   255 255 255 255 
255 255 0   0   255 255 255 255 0   0   0   0   255 255 255 255 255 255 255 255 255 255 255 255 255 255 255 255 255 255 255 255 
255 255 255 255 0   0   254 255 255 255 255 255 254 255 255 255 255 255 255 255 255 255 253 255 254 255 254 255 254 255 254 255 
4   0   2   0   255 255 254 255 12  0   0   0   255 255 0   0   1   0   1   0   0   0   255 255 2   0   0   0   255 255 255 255 
0   0   0   0   0   0   254 255 1   0   0   0   255 255 255 255 0   0   0   0   255 255 254 255 0   0   0   0   255 255 255 255 
255 255 0   0   255 255 255 255 0   0   0   0   255 255 255 255 255 255 255 255 255 255 255 255 255 255 255 255 255 255 255 255 
255 255 255 255 255 255 254 255 255 255 255 255 254 255 255 255 255 255 254 255 255 255 253 255 254 255 255 255 255 255 255 255 
4   0   2   0   255 255 254 255 12  0   0   0   255 255 0   0   1   0   1   0   0   0   255 255 2   0   1   0   255 255 255 255 
0   0   0   0   0   0   254 255 1   0   0   0   255 255 255 255 0   0   0   0   255 255 254 255 0   0   0   0   255 255 255 255 
255 255 0   0   255 255 255 255 0   0   0   0   255 255 255 255 255 255 0   0   255 255 255 255 255 255 255 255 255 255 255 255 
255 255 255 255 255 255 254 255 255 255 255 255 254 255 255 255 255 255 254 255 255 255 253 255 254 255 254 255 255 255 255 255 
4   0   2   0   255 255 254 255 12  0   0   0   255 255 0   0   1   0   1   0   0   0   255 255 2   0   0   0   254 255 255 255 
0   0   0   0   0   0   254 255 1   0   0   0   255 255 255 255 0   0   0   0   255 255 254 255 0   0   0   0   255 255 255 255 
255 255 0   0   255 255 255 255 0   0   0   0   255 255 255 255 255 255 0   0   255 255 255 255 255 255 255 255 255 255 255 255 
255 255 255 255 255 255 254 255 255 255 255 255 254 255 255 255 255 255 254 255 255 255 253 255 253 255 254 255 254 255 254 255 
4   0   2   0   255 255 254 255 12  0   0   0   255 255 0   0   1   0   1   0   0   0   255 255 2   0   0   0   255 255 255 255 
0   0   0   0   0   0   254 255 1   0   0   0   255 255 255 255 0   0   0   0   255 255 254 255 0   0   0   0   255 255 255 255 
255 255 0   0   255 255 255 255 0   0   0   0   255 255 255 255 255 255 0   0   255 255 255 255 255 255 255 255 255 255 255 255 
255 255 255 255 255 255 254 255 254 255 255 255 254 255 255 255 255 255 254 255 255 255 253 255 253 255 254 255 254 255 254 255 
4   0   2   0   255 255 254 255 12  0   0   0   255 255 0   0   1   0   1   0   0   0   255 255 2   0   0   0   255 255 255 255 
0   0   0   0   0   0   254 255 1   0   0   0   255 255 255 255 0   0   0   0   255 255 254 255 0   0   0   0   255 255 255 255 
255 255 0   0   255 255 255 255 255 255 0   0   255 255 255 255 255 255 0   0   255 255 255 255 255 255 255 255 255 255 255 255 
255 255 255 255 255 255 254 255 254 255 255 255 254 255 255 255 255 255 254 255 255 255 253 255 253 255 254 255 254 255 254 255 
4   0   2   0   255 255 254 255 12  0   0   0   255 255 0   0   1   0   1   0   0   0   255 255 2   0   0   0   255 255 255 255 
0   0   0   0   0   0   254 255 1   0   0   0   255 255 255 255 0   0   0   0   255 255 254 255 0   0   0   0   255 255 255 255 
255 255 0   0   255 255 255 255 255 255 0   0   255 255 255 255 255 255 0   0   255 255 255 255 255 255 255 255 255 255 255 255 
255 255 255 255 255 255 254 255 255 255 255 255 254 255 255 255 255 255 255 255 255 255 253 255 253 255 254 255 254 255 254 255 
4   0   2   0   255 255 254 255 12  0   0   0   255 255 0   0   1   0   1   0   0   0   255 255 2   0   1   0   255 255 255 255 
0   0   0   0   0   0   254 255 1   0   0   0   255 255 255 255 0   0   0   0   255 255 254 255 0   0   0   0   255 255 255 255 
255 255 0   0   255 255 255 255 255 255 0   0   255 255 255 255 255 255 0   0   255 255 255 255 255 255 255 255 255 255 255 255 
255 255 255 255 255 255 254 255 254 255 255 255 254 255 255 255 255 255 255 255 255 255 253 255 253 255 254 255 254 255 254 255 
4   0   2   0   255 255 254 255 12  0   0   0   255 255 255 255 1   0   1   0   0   0   255 255 2   0   1   0   255 255 255 255 
0   0   0   0   0   0   255 255 1   0   0   0   255 255 255 255 0   0   0   0   255 255 254 255 0   0   0   0   255 255 255 255 
255 255 0   0   255 255 255 255 255 255 0   0   255 255 255 255 255 255 0   0   255 255 255 255 255 255 255 255 255 255 255 255 
255 255 255 255 255 255 254 255 255 255 255 255 255 255 255 255 255 255 255 255 255 255 253 255 253 255 254 255 254 255 254 255 
4   0   2   0   255 255 254 255 12  0   0   0   255 255 255 255 1   0   1   0   0   0   255 255 2   0   1   0   255 255 255 255 
0   0   0   0   0   0   255 255 1   0   0   0   255 255 255 255 0   0   0   0   255 255 254 255 0   0   0   0   255 255 255 255 
255 255 0   0   255 255 254 255 255 255 0   0   255 255 255 255 255 255 0   0   255 255 255 255 255 255 255 255 255 255 255 255 
255 255 255 255 255 255 254 255 255 255 255 255 254 255 255 255 255 255 255 255 255 255 253 255 253 255 254 255 254 255 254 255 
4   0   2   0   255 255 254 255 12  0   0   0   255 255 255 255 1   0   1   0   0   0   255 255 2   0   1   0   255 255 255 255 
0   0   0   0   0   0   255 255 1   0   0   0   255 255 255 255 0   0   0   0   255 255 254 255 0   0   0   0   255 255 255 255 
255 255 0   0   255 255 254 255 255 255 0   0   255 255 255 255 255 255 0   0   255 255 255 255 255 255 255 255 255 255 255 255 
255 255 255 255 255 255 254 255 255 255 255 255 255 255 0   0   255 255 255 255 255 255 253 255 254 255 254 255 254 255 254 255 
4   0   2   0   255 255 254 255 12  0   0   0   255 255 255 255 1   0   1   0   0   0   255 255 2   0   1   0   255 255 255 255 
0   0   0   0   0   0   255 255 1   0   0   0   255 255 255 255 0   0   0   0   255 255 254 255 0   0   0   0   255 255 255 255 
255 255 0   0   255 255 254 255 0   0   0   0   255 255 0   0   255 255 0   0   255 255 255 255 255 255 255 255 255 255 255 255 
255 255 255 255 255 255 254 255 255 255 255 255 255 255 0   0   255 255 255 255 255 255 253 255 254 255 254 255 254 255 254 255 
4   0   2   0   255 255 254 255 12  0   0   0   255 255 255 255 1   0   1   0   0   0   255 255 2   0   1   0   255 255 255 255 
0   0   0   0   0   0   255 255 1   0   0   0   255 255 255 255 0   0   0   0   255 255 254 255 0   0   0   0   255 255 255 255 
255 255 0   0   255 255 254 255 0   0   0   0   255 255 0   0   255 255 0   0   255 255 255 255 255 255 255 255 255 255 255 255 
255 255 255 255 255 255 254 255 255 255 255 255 255 255 0   0   255 255 255 255 255 255 253 255 254 255 254 255 254 255 254 255 
4   0   2   0   255 255 254 255 12  0   0   0   255 255 255 255 1   0   1   0   0   0   255 255 2   0   1   0   255 255 255 255 
0   0   0   0   0   0   255 255 1   0   0   0   255 255 255 255 0   0   0   0   255 255 254 255 0   0   0   0   255 255 255 255 
255 255 0   0   255 255 255 255 0   0   0   0   255 255 0   0   255 255 0   0   255 255 255 255 255 255 255 255 255 255 255 255 
255 255 255 255 255 255 254 255 255 255 255 255 255 255 0   0   255 255 255 255 255 255 253 255 254 255 254 255 254 255 254 255 
4   0   2   0   255 255 254 255 12  0   0   0   255 255 255 255 1   0   1   0   0   0   255 255 2   0   1   0   255 255 255 255 
0   0   0   0   0   0   255 255 1   0   0   0   255 255 255 255 0   0   0   0   255 255 254 255 0   0   0   0   255 255 255 255 
255 255 0   0   255 255 255 255 0   0   0   0   255 255 0   0   255 255 0   0   255 255 255 255 255 255 255 255 255 255 255 255 
0   0   255 255 0   0   254 255 255 255 255 255 255 255 0   0   255 255 255 255 255 255 253 255 254 255 254 255 254 255 254 255 
4   0   2   0   255 255 254 255 12  0   0   0   255 255 255 255 1   0   1   0   0   0   255 255 2   0   1   0   255 255 255 255 
0   0   0   0   0   0   255 255 1   0   0   0   255 255 255 255 0   0   0   0   255 255 254 255 0   0   0   0   255 255 255 255 
255 255 0   0   255 255 255 255 0   0   0   0   255 255 0   0   255 255 0   0   255 255 255 255 255 255 255 255 255 255 255 255 
0   0   255 255 0   0   254 255 254 255 255 255 255 255 0   0   255 255 255 255 255 255 253 255 253 255 254 255 254 255 254 255 
4   0   2   0   255 255 254 255 12  0   0   0   255 255 255 255 1   0   1   0   0   0   255 255 2   0   1   0   255 255 255 255 
1   0   1   0   0   0   255 255 1   0   0   0   255 255 255 255 0   0   0   0   255 255 254 255 0   0   0   0   255 255 255 255 
255 255 0   0   255 255 255 255 0   0   0   0   255 255 0   0   255 255 0   0   255 255 255 255 255 255 255 255 255 255 255 255 
0   0   255 255 0   0   254 255 254 255 255 255 255 255 0   0   255 255 255 255 255 255 253 255 253 255 254 255 254 255 254 255 
4   0   2   0   255 255 254 255 12  0   0   0   255 255 255 255 1   0   1   0   0   0   255 255 2   0   1   0   255 255 255 255 
0   0   1   0   0   0   255 255 1   0   0   0   255 255 255 255 0   0   0   0   255 255 254 255 0   0   0   0   255 255 255 255 
255 255 0   0   255 255 255 255 255 255 0   0   255 255 255 255 255 255 0   0   255 255 255 255 255 255 255 255 255 255 255 255 
0   0   255 255 0   0   254 255 254 255 255 255 255 255 0   0   255 255 255 255 255 255 253 255 254 255 254 255 254 255 254 255 
4   0   2   0   255 255 254 255 12  0   0   0   255 255 255 255 1   0   1   0   0   0   255 255 2   0   1   0   255 255 255 255 
0   0   1   0   0   0   255 255 1   0   0   0   255 255 255 255 0   0   0   0   255 255 254 255 0   0   0   0   255 255 255 255 
255 255 0   0   255 255 255 255 255 255 0   0   255 255 255 255 255 255 0   0   255 255 255 255 255 255 254 255 255 255 255 255 
0   0   255 255 0   0   254 255 254 255 255 255 255 255 0   0   255 255 255 255 255 255 253 255 254 255 254 255 255 255 254 255 
4   0   2   0   255 255 254 255 12  0   0   0   255 255 255 255 1   0   1   0   0   0   255 255 2   0   1   0   255 255 255 255 
0   0   1   0   0   0   255 255 1   0   0   0   255 255 255 255 0   0   0   0   255 255 254 255 0   0   0   0   255 255 255 255 
255 255 0   0   255 255 255 255 255 255 0   0   255 255 255 255 255 255 0   0   255 255 255 255 255 255 255 255 255 255 255 255 
255 255 255 255 255 255 254 255 254 255 255 255 255 255 0   0   255 255 255 255 255 255 253 255 254 255 254 255 255 255 254 255 
4   0   2   0   255 255 254 255 12  0   0   0   255 255 255 255 1   0   1   0   0   0   254 255 2   0   1   0   255 255 255 255 
0   0   1   0   0   0   255 255 1   0   0   0   255 255 255 255 0   0   0   0   255 255 254 255 0   0   0   0   255 255 255 255 
255 255 0   0   255 255 255 255 255 255 0   0   255 255 255 255 255 255 0   0   255 255 255 255 255 255 255 255 255 255 255 255 
255 255 255 255 255 255 254 255 255 255 255 255 255 255 0   0   255 255 255 255 255 255 253 255 254 255 255 255 255 255 255 255 
4   0   2   0   255 255 254 255 12  0   0   0   255 255 255 255 1   0   1   0   0   0   254 255 2   0   1   0   255 255 255 255 
0   0   1   0   0   0   255 255 1   0   0   0   255 255 255 255 0   0   0   0   255 255 254 255 0   0   0   0   255 255 255 255 
255 255 0   0   255 255 255 255 255 255 0   0   255 255 255 255 255 255 0   0   255 255 255 255 255 255 255 255 255 255 255 255 
255 255 255 255 255 255 254 255 255 255 255 255 255 255 0   0   255 255 255 255 255 255 253 255 254 255 255 255 255 255 255 255 
4   0   2   0   255 255 254 255 12  0   0   0   255 255 255 255 1   0   1   0   0   0   254 255 2   0   1   0   255 255 255 255 
0   0   1   0   255 255 255 255 1   0   0   0   255 255 255 255 0   0   0   0   255 255 254 255 0   0   0   0   255 255 255 255 
255 255 0   0   255 255 255 255 255 255 0   0   255 255 255 255 255 255 0   0   255 255 255 255 255 255 255 255 255 255 255 255 
255 255 255 255 255 255 254 255 255 255 255 255 255 255 0   0   255 255 255 255 255 255 253 255 254 255 255 255 255 255 255 255 
4   0   2   0   255 255 254 255 12  0   0   0   255 255 255 255 1   0   1   0   0   0   255 255 2   0   1   0   255 255 255 255 
0   0   1   0   0   0   255 255 1   0   0   0   255 255 255 255 0   0   0   0   255 255 254 255 0   0   0   0   255 255 255 255 
255 255 0   0   255 255 255 255 0   0   0   0   255 255 255 255 255 255 0   0   255 255 0   0   255 255 255 255 255 255 255 255 
255 255 255 255 255 255 254 255 254 255 254 255 254 255 255 255 255 255 255 255 255 255 253 255 254 255 255 255 255 255 255 255 
4   0   2   0   255 255 254 255 12  0   0   0   255 255 255 255 1   0   1   0   0   0   255 255 2   0   1   0   255 255 255 255 
0   0   1   0   255 255 254 255 1   0   0   0   255 255 255 255 0   0   0   0   255 255 254 255 0   0   0   0   255 255 255 255 
255 255 0   0   255 255 255 255 0   0   0   0   255 255 255 255 255 255 0   0   255 255 0   0   255 255 255 255 255 255 255 255 
255 255 255 255 255 255 254 255 254 255 254 255 254 255 255 255 255 255 255 255 255 255 253 255 254 255 255 255 255 255 255 255 
4   0   2   0   255 255 254 255 12  0   0   0   255 255 255 255 1   0   1   0   0   0   255 255 2   0   1   0   255 255 255 255 
0   0   1   0   255 255 254 255 1   0   0   0   255 255 255 255 0   0   0   0   255 255 254 255 0   0   0   0   255 255 255 255 
255 255 0   0   255 255 255 255 0   0   0   0   255 255 255 255 255 255 0   0   255 255 0   0   255 255 255 255 255 255 255 255 
255 255 255 255 255 255 254 255 254 255 255 255 254 255 255 255 255 255 255 255 255 255 253 255 254 255 255 255 255 255 255 255 
4   0   2   0   255 255 254 255 12  0   0   0   255 255 255 255 1   0   1   0   0   0   255 255 2   0   1   0   255 255 255 255 
0   0   1   0   255 255 254 255 1   0   0   0   255 255 255 255 0   0   0   0   255 255 255 255 0   0   0   0   255 255 255 255 
255 255 0   0   255 255 255 255 0   0   0   0   255 255 255 255 255 255 0   0   255 255 255 255 255 255 255 255 255 255 255 255 
255 255 255 255 255 255 254 255 254 255 255 255 254 255 255 255 255 255 255 255 255 255 253 255 254 255 255 255 255 255 255 255 
4   0   2   0   255 255 254 255 12  0   0   0   255 255 255 255 1   0   1   0   0   0   255 255 2   0   1   0   255 255 255 255 
0   0   1   0   255 255 254 255 1   0   0   0   255 255 255 255 0   0   0   0   255 255 254 255 0   0   0   0   255 255 255 255 
255 255 0   0   255 255 255 255 0   0   0   0   255 255 255 255 255 255 0   0   255 255 255 255 255 255 255 255 255 255 255 255 
255 255 255 255 255 255 254 255 255 255 255 255 255 255 255 255 255 255 255 255 255 255 253 255 254 255 255 255 255 255 255 255 
4   0   2   0   255 255 254 255 12  0   0   0   255 255 255 255 1   0   1   0   0   0   255 255 2   0   1   0   255 255 255 255 
0   0   1   0   255 255 254 255 1   0   0   0   255 255 255 255 0   0   0   0   255 255 254 255 0   0   0   0   255 255 255 255 
255 255 0   0   255 255 255 255 0   0   0   0   255 255 255 255 255 255 0   0   255 255 255 255 255 255 255 255 255 255 255 255 
255 255 255 255 255 255 254 255 255 255 255 255 255 255 255 255 255 255 255 255 255 255 253 255 254 255 255 255 255 255 255 255 
4   0   2   0   255 255 254 255 12  0   0   0   255 255 255 255 1   0   1   0   0   0   255 255 2   0   1   0   255 255 255 255 
0   0   1   0   255 255 254 255 1   0   0   0   255 255 255 255 0   0   0   0   255 255 254 255 0   0   0   0   255 255 255 255 
255 255 0   0   255 255 254 255 0   0   0   0   255 255 255 255 255 255 0   0   255 255 255 255 255 255 255 255 255 255 255 255 
255 255 0   0   255 255 254 255 255 255 255 255 255 255 255 255 255 255 255 255 255 255 253 255 254 255 255 255 255 255 254 255 
4   0   2   0   255 255 254 255 12  0   0   0   255 255 255 255 1   0   1   0   0   0   255 255 2   0   1   0   255 255 255 255 
0   0   1   0   0   0   254 255 1   0   0   0   255 255 255 255 0   0   0   0   255 255 254 255 0   0   0   0   255 255 255 255 
255 255 0   0   255 255 254 255 0   0   0   0   255 255 255 255 255 255 0   0   255 255 255 255 255 255 255 255 255 255 255 255 
255 255 255 255 255 255 254 255 255 255 255 255 255 255 255 255 255 255 255 255 255 255 253 255 254 255 254 255 255 255 254 255 
4   0   2   0   255 255 254 255 12  0   0   0   255 255 255 255 1   0   1   0   0   0   255 255 2   0   1   0   255 255 255 255 
0   0   1   0   0   0   254 255 1   0   0   0   255 255 255 255 0   0   0   0   255 255 254 255 0   0   0   0   255 255 255 255 
255 255 0   0   255 255 254 255 0   0   0   0   255 255 255 255 255 255 0   0   255 255 255 255 255 255 255 255 255 255 255 255 
255 255 255 255 255 255 254 255 255 255 255 255 255 255 255 255 255 255 255 255 255 255 253 255 254 255 254 255 255 255 254 255 
4   0   2   0   255 255 254 255 12  0   0   0   255 255 255 255 1   0   1   0   0   0   255 255 2   0   1   0   255 255 255 255 
0   0   1   0   0   0   254 255 1   0   0   0   255 255 255 255 0   0   0   0   255 255 254 255 0   0   0   0   255 255 255 255 
0   0   0   0   255 255 255 255 0   0   0   0   255 255 255 255 255 255 0   0   255 255 255 255 255 255 255 255 255 255 255 255 
255 255 255 255 255 255 254 255 255 255 255 255 255 255 255 255 255 255 255 255 255 255 253 255 253 255 254 255 255 255 254 255 
4   0   2   0   255 255 254 255 12  0   0   0   255 255 255 255 1   0   1   0   0   0   255 255 2   0   1   0   255 255 255 255 
0   0   1   0   0   0   254 255 1   0   0   0   255 255 255 255 0   0   0   0   255 255 254 255 0   0   0   0   255 255 255 255 
0   0   0   0   255 255 255 255 0   0   0   0   255 255 255 255 255 255 0   0   255 255 255 255 255 255 255 255 255 255 255 255 
255 255 255 255 255 255 254 255 255 255 255 255 255 255 255 255 255 255 255 255 255 255 252 255 254 255 254 255 255 255 254 255 
4   0   2   0   255 255 254 255 12  0   0   0   255 255 255 255 1   0   1   0   0   0   255 255 2   0   1   0   255 255 255 255 
0   0   1   0   0   0   254 255 1   0   0   0   255 255 255 255 0   0   0   0   255 255 254 255 0   0   0   0   255 255 255 255 
0   0   0   0   255 255 255 255 0   0   0   0   255 255 255 255 255 255 0   0   255 255 255 255 255 255 255 255 255 255 255 255 
255 255 255 255 255 255 254 255 255 255 255 255 255 255 255 255 255 255 255 255 255 255 252 255 254 255 254 255 255 255 254 255 
4   0   2   0   255 255 254 255 12  0   0   0   255 255 255 255 1   0   1   0   0   0   255 255 2   0   1   0   255 255 255 255 
0   0   1   0   0   0   254 255 1   0   0   0   255 255 255 255 0   0   0   0   255 255 254 255 0   0   0   0   255 255 255 255 
255 255 0   0   255 255 255 255 0   0   0   0   255 255 255 255 255 255 0   0   255 255 255 255 255 255 255 255 255 255 255 255 
255 255 255 255 255 255 254 255 255 255 255 255 255 255 255 255 255 255 255 255 255 255 252 255 254 255 255 255 255 255 254 255 
4   0   2   0   255 255 254 255 12  0   0   0   255 255 255 255 1   0   1   0   0   0   255 255 2   0   1   0   255 255 255 255 
0   0   1   0   0   0   254 255 1   0   0   0   255 255 255 255 0   0   0   0   255 255 254 255 0   0   0   0   255 255 255 255 
255 255 0   0   255 255 255 255 0   0   0   0   255 255 255 255 255 255 0   0   255 255 255 255 255 255 255 255 255 255 255 255 
255 255 255 255 255 255 254 255 255 255 255 255 255 255 255 255 255 255 255 255 255 255 252 255 254 255 255 255 255 255 254 255 
4   0   2   0   255 255 254 255 12  0   0   0   255 255 255 255 1   0   1   0   0   0   255 255 2   0   1   0   255 255 255 255 
0   0   1   0   0   0   254 255 1   0   0   0   255 255 255 255 0   0   0   0   255 255 254 255 0   0   0   0   255 255 0   0   
255 255 0   0   255 255 255 255 0   0   0   0   255 255 255 255 255 255 0   0   255 255 255 255 255 255 255 255 255 255 255 255 
255 255 255 255 255 255 254 255 255 255 255 255 255 255 255 255 255 255 255 255 255 255 253 255 254 255 255 255 255 255 254 255 
4   0   2   0   255 255 254 255 12  0   0   0   255 255 255 255 1   0   1   0   0   0   255 255 2   0   1   0   255 255 255 255 
0   0   1   0   0   0   254 255 1   0   0   0   255 255 255 255 0   0   0   0   255 255 254 255 0   0   0   0   255 255 0   0   
255 255 0   0   255 255 255 255 0   0   0   0   255 255 255 255 255 255 0   0   255 255 255 255 255 255 255 255 255 255 255 255 
255 255 255 255 255 255 254 255 255 255 255 255 254 255 255 255 255 255 255 255 255 255 253 255 254 255 255 255 255 255 254 255 
4   0   2   0   255 255 254 255 12  0   0   0   255 255 255 255 1   0   1   0   0   0   255 255 2   0   1   0   255 255 255 255 
0   0   1   0   0   0   254 255 1   0   0   0   255 255 255 255 0   0   0   0   255 255 254 255 0   0   0   0   255 255 0   0   
255 255 0   0   255 255 255 255 255 255 255 255 254 255 254 255 255 255 0   0   255 255 255 255 255 255 255 255 255 255 255 255 
255 255 255 255 255 255 254 255 255 255 255 255 254 255 255 255 255 255 255 255 255 255 253 255 254 255 255 255 255 255 254 255 
4   0   2   0   255 255 254 255 12  0   0   0   255 255 255 255 1   0   1   0   0   0   255 255 2   0   1   0   255 255 255 255 
0   0   1   0   0   0   254 255 1   0   0   0   255 255 255 255 0   0   0   0   255 255 254 255 0   0   0   0   255 255 255 255 
255 255 0   0   255 255 255 255 255 255 255 255 254 255 255 255 255 255 0   0   255 255 255 255 255 255 255 255 255 255 255 255 
255 255 255 255 255 255 254 255 255 255 255 255 254 255 255 255 255 255 255 255 255 255 253 255 254 255 255 255 255 255 254 255 
4   0   2   0   255 255 254 255 12  0   0   0   255 255 255 255 1   0   1   0   0   0   255 255 2   0   1   0   255 255 255 255 
0   0   1   0   0   0   254 255 1   0   0   0   255 255 255 255 0   0   0   0   255 255 254 255 0   0   0   0   255 255 255 255 
255 255 0   0   255 255 255 255 255 255 255 255 254 255 255 255 255 255 0   0   255 255 255 255 255 255 255 255 255 255 255 255 
255 255 255 255 255 255 254 255 255 255 255 255 254 255 255 255 255 255 255 255 255 255 253 255 254 255 255 255 255 255 254 255 
4   0   2   0   255 255 254 255 12  0   0   0   255 255 255 255 1   0   1   0   0   0   255 255 2   0   1   0   255 255 255 255 
0   0   1   0   0   0   254 255 1   0   0   0   255 255 255 255 0   0   0   0   255 255 254 255 0   0   0   0   255 255 255 255 
255 255 0   0   255 255 255 255 255 255 255 255 254 255 255 255 255 255 0   0   255 255 255 255 255 255 255 255 255 255 255 255 
255 255 255 255 255 255 254 255 255 255 255 255 254 255 255 255 255 255 255 255 255 255 253 255 254 255 255 255 255 255 254 255 
4   0   2   0   255 255 254 255 12  0   0   0   255 255 255 255 1   0   1   0   0   0   255 255 2   0   1   0   255 255 255 255 
0   0   1   0   0   0   254 255 1   0   0   0   255 255 255 255 0   0   0   0   255 255 254 255 0   0   0   0   255 255 255 255 
255 255 0   0   255 255 255 255 255 255 255 255 254 255 255 255 255 255 0   0   255 255 255 255 255 255 255 255 255 255 255 255 
255 255 255 255 255 255 254 255 255 255 255 255 254 255 255 255 255 255 255 255 255 255 253 255 254 255 255 255 255 255 254 255 
4   0   2   0   255 255 254 255 12  0   0   0   255 255 0   0   1   0   1   0   0   0   255 255 2   0   1   0   255 255 255 255 
0   0   1   0   0   0   254 255 1   0   0   0   255 255 255 255 0   0   0   0   255 255 254 255 0   0   0   0   255 255 255 255 
255 255 0   0   255 255 255 255 255 255 255 255 254 255 255 255 255 255 0   0   255 255 255 255 255 255 255 255 255 255 255 255 
255 255 255 255 255 255 254 255 255 255 255 255 255 255 255 255 255 255 255 255 255 255 253 255 254 255 254 255 255 255 254 255 
4   0   2   0   255 255 254 255 12  0   0   0   255 255 0   0   1   0   1   0   0   0   255 255 2   0   1   0   255 255 255 255 
0   0   1   0   0   0   254 255 1   0   0   0   255 255 0   0   0   0   0   0   255 255 254 255 0   0   0   0   255 255 255 255 
255 255 0   0   255 255 255 255 255 255 255 255 255 255 255 255 255 255 0   0   255 255 255 255 255 255 255 255 255 255 255 255 
255 255 255 255 255 255 254 255 255 255 254 255 255 255 255 255 255 255 254 255 255 255 253 255 253 255 254 255 254 255 254 255 
4   0   2   0   255 255 254 255 12  0   0   0   255 255 0   0   1   0   1   0   0   0   255 255 2   0   1   0   255 255 255 255 
0   0   1   0   0   0   254 255 1   0   0   0   255 255 255 255 0   0   0   0   255 255 254 255 0   0   0   0   255 255 255 255 
255 255 0   0   254 255 254 255 255 255 255 255 255 255 255 255 255 255 0   0   255 255 255 255 255 255 255 255 255 255 255 255 
