   2   0   8   0   6   0   
2   0   5   0   13  0   2   0   1   0   15  0   7   0   5   0   2   0   4   0   7   0   2   0   1   0   9   0   4   0   2   0   
1   0   1   0   4   0   1   0   1   0   5   0   3   0   1   0   0   0   1   0   1   0   1   0   1   0   4   0   2   0   2   0   
1   0   1   0   2   0   6   0   1   0   2   0   3   0   4   0   0   0   1   0   5   0   5   0   1   0   3   0   5   0   6   0   
1   0   3   0   9   0   5   0   1   0   6   0   9   0   6   0   1   0   2   0   11  0   4   0   1   0   9   0   8   0   6   0   
2   0   5   0   13  0   2   0   1   0   15  0   7   0   5   0   1   0   3   0   6   0   2   0   1   0   9   0   3   0   2   0   
1   0   1   0   4   0   1   0   1   0   5   0   3   0   1   0   0   0   1   0   1   0   1   0   1   0   3   0   2   0   1   0   
0   0   0   0   1   0   5   0   0   0   1   0   2   0   3   0   0   0   1   0   4   0   3   0   0   0   2   0   3   0   5   0   
1   0   2   0   8   0   4   0   1   0   5   0   8   0   5   0   1   0   2   0   10  0   2   0   0   0   7   0   7   0   4   0   
1   0   4   0   11  0   0   0   0   0   14  0   5   0   3   0   1   0   2   0   5   0   1   0   1   0   8   0   2   0   1   0   
0   0   0   0   3   0   0   0   0   0   4   0   2   0   1   0   0   0   0   0   0   0   255 255 0   0   2   0   1   0   0   0   
0   0   0   0   0   0   4   0   0   0   1   0   2   0   3   0   0   0   1   0   3   0   3   0   0   0   1   0   3   0   4   0   
1   0   2   0   7   0   3   0   0   0   5   0   7   0   4   0   0   0   1   0   9   0   1   0   0   0   7   0   6   0   4   0   
1   0   4   0   11  0   255 255 0   0   13  0   4   0   2   0   1   0   2   0   5   0   0   0   1   0   7   0   2   0   1   0   
0   0   0   0   1   0   255 255 0   0   3   0   1   0   0   0   0   0   255 255 0   0   254 255 255 255 1   0   255 255 255 255 
0   0   0   0   0   0   4   0   0   0   0   0   1   0   2   0   0   0   1   0   3   0   3   0   0   0   1   0   3   0   4   0   
0   0   2   0   7   0   2   0   0   0   5   0   7   0   4   0   0   0   1   0   8   0   1   0   0   0   7   0   6   0   4   0   
1   0   4   0   10  0   255 255 0   0   13  0   4   0   1   0   1   0   2   0   4   0   0   0   0   0   6   0   1   0   0   0   
0   0   0   0   1   0   254 255 255 255 2   0   0   0   0   0   0   0   255 255 0   0   254 255 255 255 0   0   255 255 255 255 
0   0   0   0   0   0   4   0   0   0   0   0   1   0   2   0   0   0   0   0   3   0   3   0   0   0   1   0   3   0   4   0   
0   0   2   0   7   0   2   0   0   0   5   0   7   0   4   0   0   0   1   0   8   0   1   0   0   0   7   0   6   0   3   0   
1   0   4   0   10  0   255 255 0   0   13  0   3   0   1   0   1   0   2   0   4   0   0   0   0   0   6   0   1   0   0   0   
0   0   0   0   1   0   254 255 0   0   2   0   0   0   0   0   255 255 255 255 0   0   254 255 255 255 1   0   255 255 255 255 
0   0   0   0   0   0   4   0   0   0   0   0   1   0   2   0   0   0   0   0   3   0   3   0   0   0   1   0   3   0   4   0   
0   0   1   0   7   0   2   0   0   0   4   0   6   0   4   0   0   0   1   0   8   0   0   0   0   0   7   0   6   0   3   0   
1   0   4   0   10  0   255 255 0   0   13  0   3   0   1   0   1   0   2   0   4   0   0   0   0   0   6   0   1   0   0   0   
0   0   0   0   1   0   254 255 0   0   2   0   0   0   255 255 255 255 255 255 0   0   254 255 255 255 1   0   255 255 255 255 
0   0   255 255 0   0   3   0   0   0   0   0   1   0   2   0   0   0   0   0   2   0   2   0   0   0   1   0   3   0   3   0   
0   0   1   0   7   0   2   0   0   0   4   0   6   0   4   0   0   0   1   0   8   0   0   0   0   0   7   0   6   0   3   0   
1   0   4   0   10  0   255 255 0   0   13  0   3   0   1   0   1   0   2   0   4   0   0   0   0   0   6   0   1   0   0   0   
0   0   0   0   1   0   254 255 0   0   2   0   0   0   255 255 255 255 255 255 0   0   254 255 255 255 1   0   255 255 255 255 
0   0   255 255 0   0   3   0   0   0   0   0   1   0   2   0   0   0   0   0   2   0   2   0   0   0   1   0   2   0   3   0   
0   0   1   0   7   0   1   0   0   0   4   0   6   0   3   0   0   0   1   0   8   0   0   0   0   0   7   0   6   0   3   0   
1   0   4   0   10  0   255 255 0   0   13  0   3   0   1   0   1   0   2   0   4   0   0   0   0   0   6   0   1   0   0   0   
0   0   0   0   1   0   254 255 0   0   2   0   0   0   255 255 255 255 255 255 0   0   254 255 255 255 1   0   255 255 255 255 
0   0   255 255 0   0   3   0   0   0   0   0   1   0   2   0   0   0   0   0   2   0   2   0   0   0   1   0   2   0   3   0   
0   0   1   0   7   0   1   0   0   0   4   0   6   0   3   0   0   0   1   0   8   0   0   0   0   0   7   0   6   0   3   0   
0   0   4   0   10  0   255 255 0   0   13  0   3   0   1   0   0   0   2   0   4   0   0   0   0   0   6   0   1   0   0   0   
0   0   255 255 1   0   254 255 255 255 2   0   0   0   255 255 255 255 255 255 0   0   254 255 255 255 1   0   255 255 255 255 
0   0   255 255 0   0   3   0   0   0   0   0   1   0   2   0   0   0   0   0   2   0   2   0   0   0   1   0   2   0   3   0   
0   0   1   0   7   0   1   0   0   0   4   0   6   0   3   0   0   0   1   0   8   0   0   0   0   0   6   0   5   0   3   0   
0   0   4   0   10  0   255 255 255 255 12  0   3   0   1   0   0   0   2   0   4   0   0   0   0   0   6   0   1   0   0   0   
0   0   255 255 1   0   254 255 255 255 2   0   0   0   255 255 255 255 255 255 0   0   254 255 255 255 1   0   255 255 255 255 
0   0   255 255 0   0   2   0   0   0   0   0   1   0   2   0   0   0   0   0   2   0   2   0   0   0   1   0   2   0   3   0   
0   0   1   0   7   0   1   0   0   0   4   0   6   0   3   0   0   0   1   0   8   0   0   0   0   0   6   0   5   0   3   0   
0   0   4   0   10  0   255 255 255 255 12  0   3   0   1   0   0   0   1   0   4   0   255 255 0   0   6   0   1   0   0   0   
0   0   255 255 1   0   254 255 255 255 2   0   0   0   255 255 255 255 254 255 0   0   253 255 255 255 1   0   255 255 255 255 
0   0   255 255 0   0   2   0   0   0   255 255 1   0   2   0   0   0   0   0   2   0   2   0   0   0   1   0   2   0   3   0   
0   0   1   0   7   0   1   0   0   0   4   0   6   0   3   0   0   0   1   0   8   0   0   0   0   0   6   0   5   0   3   0   
0   0   4   0   10  0   255 255 255 255 12  0   3   0   1   0   0   0   1   0   4   0   255 255 0   0   6   0   1   0   0   0   
0   0   255 255 1   0   254 255 255 255 2   0   0   0   255 255 255 255 255 255 0   0   253 255 255 255 0   0   255 255 255 255 
0   0   255 255 0   0   2   0   0   0   255 255 1   0   2   0   0   0   0   0   2   0   2   0   0   0   1   0   2   0   3   0   
0   0   1   0   7   0   1   0   0   0   4   0   6   0   3   0   0   0   1   0   8   0   0   0   0   0   6   0   5   0   3   0   
0   0   4   0   10  0   255 255 255 255 12  0   3   0   1   0   0   0   1   0   4   0   255 255 0   0   6   0   1   0   0   0   
0   0   255 255 1   0   254 255 255 255 2   0   0   0   255 255 255 255 255 255 0   0   253 255 255 255 0   0   255 255 255 255 
0   0   255 255 0   0   2   0   0   0   255 255 1   0   2   0   255 255 0   0   2   0   2   0   0   0   1   0   2   0   3   0   
0   0   1   0   7   0   1   0   0   0   4   0   6   0   3   0   0   0   1   0   8   0   0   0   0   0   6   0   5   0   3   0   
0   0   4   0   10  0   254 255 255 255 12  0   3   0   1   0   0   0   1   0   4   0   255 255 0   0   6   0   1   0   0   0   
0   0   255 255 1   0   254 255 255 255 2   0   0   0   255 255 255 255 255 255 0   0   254 255 255 255 0   0   255 255 255 255 
0   0   255 255 0   0   2   0   0   0   255 255 1   0   2   0   255 255 0   0   2   0   1   0   0   0   1   0   2   0   3   0   
0   0   1   0   6   0   1   0   0   0   4   0   6   0   3   0   0   0   1   0   7   0   0   0   0   0   6   0   5   0   3   0   
0   0   4   0   10  0   254 255 255 255 12  0   3   0   0   0   0   0   1   0   4   0   255 255 0   0   6   0   1   0   0   0   
0   0   255 255 1   0   254 255 255 255 2   0   0   0   255 255 255 255 255 255 0   0   254 255 255 255 0   0   255 255 255 255 
0   0   255 255 0   0   2   0   0   0   255 255 1   0   2   0   255 255 0   0   2   0   1   0   0   0   1   0   2   0   3   0   
0   0   1   0   6   0   1   0   0   0   4   0   6   0   3   0   0   0   1   0   7   0   0   0   0   0   6   0   5   0   3   0   
0   0   4   0   10  0   254 255 255 255 12  0   3   0   1   0   0   0   2   0   4   0   255 255 0   0   6   0   1   0   0   0   
0   0   255 255 1   0   254 255 255 255 2   0   0   0   255 255 255 255 255 255 0   0   254 255 255 255 0   0   255 255 255 255 
0   0   255 255 255 255 2   0   0   0   255 255 1   0   1   0   255 255 0   0   2   0   1   0   0   0   1   0   2   0   3   0   
0   0   1   0   6   0   1   0   0   0   4   0   6   0   3   0   0   0   1   0   7   0   0   0   0   0   6   0   5   0   3   0   
0   0   4   0   10  0   254 255 255 255 12  0   3   0   1   0   0   0   1   0   3   0   255 255 0   0   6   0   1   0   0   0   
0   0   255 255 1   0   254 255 255 255 2   0   0   0   255 255 255 255 255 255 255 255 253 255 255 255 0   0   255 255 254 255 
0   0   255 255 255 255 3   0   0   0   255 255 1   0   1   0   255 255 0   0   2   0   1   0   0   0   1   0   2   0   3   0   
0   0   1   0   6   0   1   0   0   0   4   0   6   0   3   0   0   0   1   0   8   0   0   0   0   0   6   0   5   0   3   0   
0   0   4   0   10  0   254 255 255 255 12  0   3   0   1   0   0   0   1   0   3   0   255 255 0   0   6   0   1   0   0   0   
0   0   255 255 1   0   254 255 255 255 2   0   0   0   255 255 255 255 255 255 255 255 253 255 255 255 0   0   255 255 254 255 
0   0   255 255 255 255 3   0   0   0   255 255 1   0   1   0   255 255 0   0   2   0   1   0   0   0   1   0   2   0   3   0   
0   0   1   0   6   0   1   0   0   0   4   0   6   0   3   0   0   0   1   0   8   0   0   0   0   0   6   0   5   0   3   0   
0   0   4   0   10  0   254 255 255 255 12  0   3   0   1   0   0   0   1   0   3   0   255 255 0   0   6   0   1   0   0   0   
0   0   255 255 1   0   254 255 255 255 2   0   0   0   255 255 255 255 255 255 255 255 253 255 255 255 0   0   255 255 254 255 
0   0   255 255 255 255 3   0   0   0   255 255 1   0   1   0   255 255 0   0   2   0   1   0   0   0   1   0   2   0   3   0   
0   0   1   0   6   0   1   0   0   0   4   0   6   0   3   0   0   0   1   0   8   0   0   0   0   0   6   0   5   0   3   0   
0   0   4   0   10  0   254 255 255 255 12  0   3   0   1   0   0   0   1   0   4   0   255 255 0   0   6   0   1   0   0   0   
0   0   255 255 1   0   254 255 255 255 1   0   0   0   255 255 255 255 255 255 255 255 253 255 255 255 0   0   255 255 254 255 
0   0   255 255 255 255 2   0   0   0   255 255 1   0   1   0   255 255 0   0   2   0   1   0   0   0   1   0   2   0   3   0   
0   0   1   0   6   0   1   0   0   0   3   0   6   0   3   0   0   0   1   0   8   0   0   0   0   0   6   0   5   0   3   0   
0   0   4   0   10  0   254 255 255 255 12  0   3   0   1   0   0   0   1   0   4   0   255 255 0   0   6   0   1   0   0   0   
0   0   255 255 1   0   254 255 255 255 1   0   0   0   255 255 255 255 255 255 255 255 253 255 255 255 0   0   255 255 254 255 
0   0   255 255 255 255 3   0   0   0   255 255 1   0   1   0   255 255 0   0   2   0   1   0   0   0   1   0   2   0   3   0   
0   0   1   0   6   0   1   0   0   0   3   0   6   0   3   0   0   0   1   0   8   0   0   0   0   0   6   0   5   0   3   0   
0   0   4   0   10  0   254 255 255 255 12  0   3   0   1   0   0   0   1   0   3   0   255 255 0   0   6   0   1   0   0   0   
0   0   255 255 1   0   254 255 255 255 1   0   0   0   255 255 255 255 255 255 255 255 253 255 255 255 0   0   255 255 255 255 
0   0   255 255 255 255 3   0   0   0   255 255 1   0   1   0   255 255 0   0   2   0   2   0   0   0   1   0   2   0   3   0   
0   0   1   0   6   0   1   0   0   0   3   0   6   0   3   0   0   0   1   0   8   0   0   0   0   0   6   0   5   0   3   0   
0   0   4   0   10  0   254 255 255 255 12  0   3   0   1   0   0   0   1   0   4   0   255 255 255 255 5   0   1   0   255 255 
0   0   255 255 1   0   254 255 0   0   1   0   0   0   255 255 255 255 255 255 255 255 253 255 255 255 0   0   255 255 255 255 
0   0   255 255 255 255 2   0   0   0   255 255 1   0   1   0   255 255 0   0   2   0   2   0   0   0   1   0   2   0   3   0   
0   0   1   0   6   0   1   0   0   0   3   0   6   0   3   0   0   0   1   0   8   0   255 255 0   0   6   0   5   0   3   0   
0   0   3   0   9   0   254 255 255 255 12  0   3   0   1   0   0   0   1   0   4   0   255 255 255 255 5   0   1   0   255 255 
0   0   255 255 1   0   254 255 0   0   1   0   0   0   255 255 255 255 255 255 255 255 253 255 255 255 0   0   255 255 255 255 
0   0   255 255 255 255 2   0   0   0   255 255 1   0   1   0   255 255 0   0   2   0   2   0   0   0   1   0   2   0   3   0   
0   0   1   0   6   0   1   0   0   0   3   0   6   0   3   0   0   0   1   0   8   0   255 255 0   0   6   0   5   0   3   0   
0   0   3   0   9   0   254 255 255 255 12  0   3   0   1   0   0   0   1   0   4   0   255 255 255 255 5   0   1   0   255 255 
0   0   255 255 1   0   254 255 0   0   1   0   0   0   255 255 255 255 255 255 255 255 253 255 255 255 0   0   255 255 255 255 
0   0   255 255 255 255 2   0   0   0   255 255 0   0   1   0   255 255 0   0   2   0   2   0   0   0   1   0   2   0   3   0   
0   0   1   0   6   0   1   0   0   0   3   0   6   0   3   0   0   0   1   0   7   0   0   0   255 255 6   0   4   0   2   0   
0   0   3   0   9   0   254 255 255 255 12  0   3   0   1   0   0   0   1   0   4   0   255 255 255 255 5   0   1   0   255 255 
0   0   255 255 1   0   254 255 255 255 1   0   0   0   255 255 255 255 255 255 255 255 253 255 255 255 0   0   255 255 255 255 
0   0   255 255 255 255 2   0   0   0   255 255 0   0   1   0   255 255 0   0   2   0   2   0   0   0   1   0   2   0   3   0   
0   0   1   0   6   0   1   0   0   0   3   0   6   0   3   0   0   0   1   0   7   0   0   0   255 255 6   0   5   0   2   0   
0   0   3   0   9   0   254 255 255 255 12  0   3   0   1   0   0   0   1   0   4   0   255 255 255 255 6   0   1   0   0   0   
0   0   255 255 1   0   254 255 255 255 1   0   0   0   255 255 255 255 255 255 255 255 253 255 255 255 0   0   255 255 255 255 
0   0   255 255 255 255 2   0   0   0   255 255 0   0   1   0   255 255 0   0   2   0   2   0   0   0   1   0   2   0   3   0   
0   0   1   0   6   0   1   0   0   0   3   0   6   0   3   0   0   0   1   0   8   0   0   0   255 255 6   0   5   0   2   0   
0   0   3   0   9   0   254 255 255 255 12  0   3   0   1   0   0   0   1   0   4   0   255 255 255 255 5   0   1   0   0   0   
0   0   255 255 1   0   254 255 255 255 1   0   0   0   255 255 255 255 255 255 255 255 254 255 255 255 0   0   255 255 255 255 
0   0   255 255 255 255 2   0   0   0   255 255 0   0   1   0   255 255 0   0   2   0   2   0   0   0   1   0   2   0   3   0   
0   0   1   0   6   0   1   0   0   0   3   0   6   0   3   0   0   0   1   0   8   0   0   0   255 255 6   0   5   0   2   0   
0   0   3   0   9   0   254 255 255 255 12  0   3   0   1   0   0   0   1   0   4   0   255 255 0   0   6   0   1   0   0   0   
0   0   255 255 1   0   254 255 255 255 1   0   0   0   255 255 255 255 255 255 255 255 254 255 255 255 0   0   255 255 255 255 
0   0   255 255 255 255 2   0   0   0   255 255 0   0   1   0   255 255 0   0   2   0   2   0   0   0   1   0   2   0   3   0   
0   0   1   0   6   0   1   0   0   0   3   0   6   0   3   0   0   0   1   0   8   0   0   0   255 255 6   0   5   0   2   0   
0   0   3   0   9   0   254 255 255 255 12  0   3   0   1   0   0   0   1   0   3   0   255 255 0   0   6   0   1   0   0   0   
0   0   255 255 1   0   254 255 255 255 1   0   0   0   255 255 255 255 255 255 255 255 254 255 255 255 255 255 254 255 254 255 
0   0   255 255 0   0   2   0   0   0   255 255 0   0   1   0   255 255 0   0   2   0   2   0   0   0   0   0   2   0   3   0   
0   0   1   0   6   0   1   0   0   0   3   0   6   0   3   0   0   0   1   0   8   0   0   0   255 255 6   0   5   0   2   0   
0   0   3   0   10  0   254 255 255 255 12  0   3   0   1   0   0   0   1   0   3   0   255 255 255 255 6   0   1   0   0   0   
0   0   255 255 1   0   254 255 255 255 1   0   0   0   255 255 255 255 255 255 255 255 254 255 255 255 0   0   254 255 254 255 
0   0   255 255 255 255 2   0   0   0   255 255 0   0   1   0   255 255 0   0   2   0   2   0   0   0   0   0   2   0   2   0   
0   0   1   0   6   0   1   0   0   0   3   0   6   0   3   0   0   0   1   0   8   0   0   0   255 255 6   0   5   0   2   0   
0   0   3   0   10  0   254 255 255 255 12  0   3   0   1   0   0   0   1   0   3   0   255 255 255 255 6   0   1   0   0   0   
0   0   255 255 1   0   254 255 255 255 1   0   0   0   255 255 255 255 255 255 255 255 254 255 255 255 0   0   255 255 254 255 
0   0   255 255 255 255 2   0   0   0   255 255 1   0   1   0   255 255 0   0   2   0   2   0   0   0   0   0   2   0   2   0   
0   0   1   0   6   0   1   0   0   0   3   0   5   0   3   0   0   0   1   0   7   0   255 255 255 255 6   0   5   0   2   0   
0   0   3   0   10  0   254 255 255 255 12  0   3   0   1   0   0   0   1   0   3   0   255 255 255 255 6   0   1   0   0   0   
0   0   255 255 1   0   254 255 255 255 1   0   0   0   255 255 255 255 255 255 255 255 254 255 255 255 0   0   255 255 254 255 
0   0   255 255 255 255 2   0   0   0   255 255 1   0   1   0   255 255 0   0   1   0   1   0   0   0   0   0   2   0   2   0   
0   0   1   0   6   0   1   0   0   0   3   0   5   0   3   0   0   0   1   0   7   0   255 255 255 255 6   0   5   0   2   0   
1   0   4   0   10  0   254 255 255 255 12  0   3   0   1   0   0   0   1   0   3   0   255 255 255 255 6   0   1   0   0   0   
0   0   255 255 1   0   254 255 255 255 1   0   0   0   255 255 255 255 255 255 255 255 254 255 255 255 0   0   255 255 254 255 
0   0   255 255 255 255 2   0   0   0   255 255 1   0   1   0   255 255 0   0   1   0   1   0   0   0   0   0   2   0   3   0   
0   0   1   0   6   0   1   0   0   0   3   0   5   0   3   0   0   0   1   0   7   0   255 255 255 255 6   0   5   0   3   0   
1   0   4   0   10  0   254 255 255 255 12  0   3   0   1   0   0   0   1   0   3   0   255 255 255 255 6   0   1   0   0   0   
0   0   255 255 1   0   254 255 255 255 2   0   0   0   255 255 255 255 255 255 255 255 254 255 255 255 0   0   255 255 255 255 
0   0   255 255 255 255 2   0   0   0   255 255 1   0   1   0   255 255 0   0   1   0   1   0   0   0   0   0   2   0   3   0   
0   0   1   0   6   0   1   0   0   0   3   0   5   0   3   0   0   0   1   0   7   0   255 255 255 255 6   0   5   0   3   0   
1   0   4   0   10  0   254 255 255 255 12  0   3   0   1   0   0   0   1   0   3   0   255 255 255 255 6   0   1   0   0   0   
0   0   255 255 1   0   254 255 255 255 2   0   0   0   0   0   255 255 255 255 255 255 254 255 255 255 0   0   255 255 255 255 
0   0   255 255 255 255 2   0   0   0   255 255 1   0   1   0   255 255 0   0   2   0   2   0   0   0   0   0   2   0   3   0   
0   0   1   0   6   0   1   0   0   0   3   0   5   0   3   0   0   0   1   0   7   0   0   0   255 255 6   0   5   0   3   0   
1   0   4   0   10  0   254 255 255 255 12  0   2   0   0   0   0   0   1   0   3   0   255 255 255 255 6   0   1   0   0   0   
0   0   255 255 1   0   254 255 255 255 2   0   0   0   0   0   255 255 255 255 255 255 254 255 255 255 0   0   255 255 255 255 
0   0   255 255 255 255 2   0   0   0   255 255 0   0   1   0   255 255 0   0   2   0   2   0   0   0   0   0   2   0   3   0   
0   0   1   0   6   0   1   0   0   0   3   0   5   0   3   0   0   0   1   0   7   0   0   0   255 255 6   0   5   0   3   0   
1   0   4   0   10  0   254 255 255 255 12  0   3   0   0   0   0   0   1   0   3   0   255 255 255 255 6   0   1   0   0   0   
0   0   255 255 1   0   254 255 255 255 2   0   0   0   0   0   255 255 255 255 255 255 254 255 255 255 0   0   255 255 255 255 
0   0   255 255 255 255 2   0   0   0   255 255 0   0   1   0   255 255 0   0   2   0   2   0   0   0   0   0   2   0   3   0   
0   0   1   0   6   0   1   0   0   0   3   0   5   0   3   0   0   0   1   0   7   0   0   0   255 255 6   0   5   0   2   0   
1   0   4   0   10  0   254 255 255 255 12  0   3   0   0   0   0   0   1   0   3   0   255 255 255 255 6   0   1   0   0   0   
0   0   255 255 1   0   255 255 0   0   2   0   0   0   0   0   255 255 255 255 255 255 254 255 255 255 0   0   255 255 255 255 
0   0   255 255 255 255 2   0   0   0   255 255 0   0   1   0   255 255 0   0   2   0   2   0   0   0   0   0   2   0   3   0   
0   0   1   0   6   0   1   0   0   0   3   0   5   0   3   0   0   0   1   0   7   0   0   0   255 255 6   0   5   0   2   0   
1   0   4   0   10  0   254 255 255 255 12  0   3   0   0   0   0   0   1   0   3   0   255 255 0   0   6   0   1   0   0   0   
0   0   255 255 1   0   255 255 0   0   2   0   0   0   0   0   255 255 255 255 255 255 254 255 255 255 0   0   255 255 255 255 
0   0   255 255 255 255 2   0   0   0   255 255 0   0   1   0   255 255 0   0   2   0   2   0   0   0   0   0   2   0   3   0   
0   0   1   0   5   0   1   0   0   0   3   0   5   0   3   0   0   0   1   0   8   0   0   0   255 255 6   0   5   0   2   0   
1   0   4   0   9   0   254 255 255 255 12  0   3   0   0   0   0   0   1   0   3   0   255 255 0   0   6   0   1   0   0   0   
0   0   255 255 1   0   255 255 0   0   2   0   0   0   0   0   255 255 255 255 255 255 254 255 255 255 0   0   255 255 255 255 
0   0   255 255 255 255 2   0   0   0   255 255 0   0   1   0   255 255 0   0   2   0   2   0   0   0   0   0   2   0   3   0   
0   0   1   0   5   0   1   0   0   0   3   0   5   0   3   0   255 255 1   0   7   0   255 255 255 255 6   0   5   0   2   0   
1   0   4   0   9   0   254 255 255 255 12  0   3   0   1   0   0   0   1   0   3   0   255 255 0   0   6   0   1   0   0   0   
0   0   255 255 1   0   255 255 0   0   2   0   0   0   0   0   255 255 255 255 255 255 254 255 255 255 0   0   255 255 255 255 
0   0   255 255 255 255 2   0   0   0   255 255 0   0   1   0   255 255 0   0   2   0   2   0   0   0   0   0   2   0   3   0   
0   0   1   0   5   0   1   0   0   0   3   0   5   0   3   0   255 255 1   0   7   0   0   0   255 255 6   0   5   0   2   0   
0   0   4   0   9   0   254 255 255 255 12  0   3   0   0   0   0   0   1   0   3   0   255 255 0   0   6   0   1   0   0   0   
0   0   255 255 1   0   254 255 0   0   2   0   0   0   0   0   255 255 255 255 255 255 254 255 255 255 0   0   255 255 255 255 
0   0   255 255 255 255 2   0   0   0   255 255 0   0   1   0   255 255 0   0   2   0   2   0   0   0   0   0   2   0   3   0   
0   0   1   0   5   0   1   0   0   0   3   0   5   0   3   0   255 255 1   0   7   0   0   0   255 255 6   0   5   0   2   0   
0   0   4   0   9   0   254 255 255 255 12  0   3   0   0   0   0   0   1   0   3   0   255 255 255 255 6   0   1   0   255 255 
0   0   0   0   1   0   254 255 0   0   2   0   1   0   0   0   255 255 255 255 255 255 254 255 255 255 0   0   255 255 255 255 
0   0   255 255 255 255 2   0   0   0   255 255 0   0   1   0   255 255 0   0   2   0   2   0   0   0   0   0   2   0   3   0   
0   0   1   0   5   0   1   0   0   0   3   0   5   0   3   0   255 255 1   0   7   0   0   0   255 255 6   0   5   0   2   0   
0   0   4   0   9   0   254 255 255 255 12  0   3   0   0   0   0   0   1   0   3   0   255 255 0   0   6   0   1   0   0   0   
0   0   0   0   1   0   254 255 0   0   2   0   1   0   0   0   255 255 255 255 255 255 253 255 255 255 0   0   255 255 255 255 
0   0   255 255 0   0   2   0   0   0   255 255 1   0   1   0   255 255 0   0   1   0   2   0   0   0   0   0   1   0   2   0   
0   0   1   0   5   0   1   0   0   0   3   0   5   0   2   0   0   0   1   0   7   0   0   0   255 255 6   0   5   0   2   0   
0   0   4   0   10  0   254 255 255 255 12  0   3   0   0   0   0   0   1   0   3   0   255 255 0   0   6   0   1   0   0   0   
0   0   0   0   1   0   254 255 0   0   2   0   1   0   0   0   255 255 255 255 255 255 253 255 255 255 0   0   255 255 254 255 
0   0   255 255 0   0   2   0   0   0   255 255 1   0   1   0   255 255 0   0   1   0   2   0   0   0   0   0   1   0   2   0   
0   0   1   0   5   0   1   0   0   0   3   0   5   0   2   0   0   0   1   0   8   0   0   0   255 255 6   0   5   0   2   0   
0   0   4   0   10  0   254 255 255 255 12  0   3   0   0   0   0   0   1   0   3   0   255 255 0   0   6   0   1   0   0   0   
0   0   0   0   1   0   254 255 255 255 2   0   0   0   255 255 255 255 255 255 255 255 253 255 255 255 0   0   255 255 254 255 
0   0   255 255 0   0   2   0   0   0   255 255 1   0   1   0   255 255 0   0   1   0   2   0   0   0   0   0   1   0   2   0   
0   0   1   0   5   0   1   0   0   0   3   0   5   0   2   0   0   0   1   0   8   0   0   0   255 255 6   0   5   0   2   0   
0   0   4   0   10  0   254 255 255 255 12  0   3   0   1   0   0   0   1   0   3   0   255 255 0   0   6   0   1   0   0   0   
0   0   0   0   1   0   254 255 255 255 2   0   0   0   255 255 255 255 255 255 255 255 253 255 255 255 0   0   255 255 254 255 
0   0   255 255 0   0   2   0   0   0   255 255 1   0   1   0   255 255 0   0   1   0   1   0   0   0   0   0   1   0   2   0   
0   0   1   0   6   0   1   0   0   0   3   0   5   0   3   0   0   0   1   0   7   0   255 255 255 255 6   0   5   0   2   0   
0   0   4   0   10  0   254 255 255 255 12  0   3   0   1   0   0   0   1   0   3   0   255 255 0   0   6   0   1   0   0   0   
0   0   0   0   1   0   254 255 255 255 2   0   0   0   255 255 255 255 255 255 255 255 253 255 255 255 0   0   255 255 255 255 
0   0   255 255 255 255 2   0   0   0   255 255 1   0   1   0   255 255 0   0   1   0   1   0   0   0   0   0   1   0   2   0   
0   0   1   0   5   0   0   0   0   0   3   0   5   0   3   0   0   0   1   0   7   0   255 255 255 255 6   0   5   0   2   0   
0   0   4   0   10  0   254 255 255 255 12  0   3   0   1   0   0   0   1   0   3   0   255 255 0   0   6   0   1   0   0   0   
0   0   0   0   1   0   254 255 255 255 2   0   0   0   255 255 255 255 255 255 255 255 253 255 255 255 0   0   255 255 255 255 
0   0   255 255 255 255 3   0   0   0   255 255 1   0   1   0   255 255 0   0   1   0   1   0   0   0   0   0   1   0   2   0   
0   0   1   0   6   0   1   0   0   0   3   0   5   0   3   0   0   0   1   0   7   0   0   0   255 255 6   0   5   0   2   0   
0   0   4   0   10  0   254 255 255 255 12  0   3   0   1   0   0   0   1   0   3   0   255 255 0   0   6   0   1   0   0   0   
0   0   0   0   1   0   254 255 255 255 2   0   0   0   255 255 255 255 255 255 255 255 253 255 255 255 0   0   255 255 255 255 
0   0   255 255 255 255 3   0   0   0   255 255 1   0   1   0   255 255 0   0   2   0   2   0   0   0   0   0   2   0   3   0   
0   0   1   0   6   0   1   0   0   0   3   0   5   0   3   0   0   0   1   0   7   0   0   0   255 255 6   0   5   0   2   0   
0   0   4   0   10  0   254 255 255 255 12  0   3   0   1   0   0   0   1   0   3   0   255 255 0   0   6   0   1   0   0   0   
0   0   0   0   1   0   254 255 255 255 2   0   0   0   255 255 255 255 255 255 255 255 253 255 255 255 0   0   255 255 255 255 
255 255 255 255 255 255 2   0   0   0   255 255 1   0   1   0   255 255 0   0   2   0   2   0   0   0   0   0   2   0   2   0   
0   0   1   0   6   0   1   0   0   0   3   0   5   0   3   0   0   0   1   0   7   0   0   0   255 255 6   0   5   0   2   0   
0   0   4   0   10  0   254 255 255 255 12  0   3   0   1   0   0   0   1   0   3   0   255 255 0   0   6   0   1   0   0   0   
0   0   0   0   1   0   254 255 255 255 2   0   0   0   255 255 255 255 255 255 255 255 253 255 255 255 0   0   255 255 255 255 
255 255 255 255 255 255 2   0   0   0   255 255 1   0   1   0   255 255 0   0   2   0   2   0   0   0   0   0   2   0   2   0   
0   0   1   0   6   0   1   0   0   0   3   0   5   0   3   0   0   0   1   0   7   0   0   0   255 255 6   0   5   0   2   0   
0   0   4   0   10  0   254 255 255 255 12  0   3   0   1   0   0   0   1   0   3   0   255 255 0   0   6   0   1   0   0   0   
0   0   0   0   1   0   254 255 255 255 2   0   0   0   255 255 255 255 255 255 255 255 253 255 255 255 0   0   255 255 255 255 
255 255 255 255 255 255 2   0   0   0   255 255 0   0   1   0   255 255 0   0   2   0   2   0   0   0   0   0   2   0   2   0   
0   0   1   0   6   0   1   0   0   0   3   0   6   0   3   0   0   0   1   0   7   0   0   0   255 255 6   0   5   0   2   0   
0   0   4   0   10  0   254 255 255 255 12  0   3   0   1   0   0   0   1   0   3   0   255 255 0   0   6   0   1   0   0   0   
0   0   0   0   1   0   254 255 255 255 2   0   0   0   255 255 255 255 255 255 255 255 253 255 255 255 0   0   255 255 255 255 
255 255 255 255 0   0   3   0   0   0   255 255 0   0   1   0   255 255 0   0   2   0   2   0   0   0   0   0   2   0   3   0   
0   0   1   0   6   0   1   0   0   0   3   0   5   0   3   0   0   0   1   0   7   0   0   0   255 255 6   0   5   0   2   0   
0   0   4   0   10  0   254 255 255 255 12  0   3   0   1   0   0   0   1   0   4   0   255 255 0   0   6   0   1   0   0   0   
0   0   0   0   1   0   254 255 255 255 2   0   0   0   255 255 255 255 255 255 255 255 253 255 255 255 0   0   255 255 255 255 
255 255 255 255 255 255 2   0   0   0   255 255 0   0   1   0   255 255 0   0   2   0   2   0   0   0   0   0   2   0   3   0   
0   0   1   0   6   0   1   0   0   0   3   0   5   0   3   0   0   0   1   0   7   0   0   0   255 255 6   0   5   0   3   0   
0   0   4   0   10  0   254 255 255 255 12  0   3   0   0   0   0   0   1   0   4   0   255 255 0   0   6   0   1   0   0   0   
0   0   255 255 1   0   254 255 255 255 2   0   0   0   255 255 255 255 255 255 255 255 253 255 255 255 0   0   255 255 255 255 
255 255 255 255 255 255 2   0   0   0   255 255 0   0   1   0   255 255 0   0   2   0   2   0   0   0   0   0   2   0   3   0   
0   0   1   0   6   0   1   0   0   0   3   0   5   0   3   0   0   0   1   0   7   0   0   0   255 255 6   0   5   0   3   0   
0   0   3   0   9   0   254 255 255 255 12  0   3   0   0   0   0   0   1   0   4   0   255 255 0   0   6   0   1   0   0   0   
0   0   255 255 1   0   254 255 255 255 2   0   0   0   255 255 255 255 255 255 255 255 253 255 255 255 0   0   255 255 255 255 
255 255 255 255 255 255 2   0   0   0   255 255 0   0   1   0   255 255 0   0   2   0   2   0   0   0   0   0   2   0   3   0   
0   0   1   0   6   0   1   0   0   0   3   0   5   0   3   0   0   0   1   0   7   0   0   0   255 255 6   0   5   0   3   0   
0   0   3   0   9   0   254 255 255 255 12  0   3   0   0   0   0   0   1   0   4   0   255 255 255 255 5   0   1   0   255 255 
0   0   255 255 1   0   254 255 255 255 2   0   0   0   255 255 255 255 255 255 255 255 253 255 255 255 0   0   255 255 255 255 
0   0   255 255 0   0   3   0   0   0   255 255 0   0   1   0   255 255 0   0   2   0   2   0   0   0   0   0   2   0   3   0   
0   0   1   0   6   0   1   0   0   0   3   0   6   0   3   0   0   0   1   0   7   0   0   0   255 255 6   0   5   0   3   0   
0   0   3   0   9   0   253 255 255 255 12  0   3   0   0   0   0   0   1   0   4   0   255 255 255 255 5   0   1   0   255 255 
0   0   255 255 1   0   254 255 255 255 2   0   0   0   255 255 255 255 255 255 255 255 253 255 255 255 0   0   255 255 255 255 
0   0   255 255 0   0   3   0   0   0   255 255 0   0   1   0   255 255 0   0   2   0   2   0   0   0   0   0   2   0   3   0   
0   0   1   0   6   0   1   0   0   0   3   0   6   0   3   0   0   0   1   0   7   0   0   0   255 255 6   0   5   0   3   0   
0   0   3   0   9   0   253 255 255 255 12  0   3   0   0   0   0   0   1   0   4   0   255 255 0   0   5   0   1   0   255 255 
0   0   255 255 1   0   254 255 255 255 2   0   0   0   255 255 255 255 255 255 255 255 253 255 255 255 0   0   255 255 255 255 
255 255 255 255 255 255 2   0   0   0   255 255 0   0   1   0   255 255 0   0   1   0   2   0   0   0   0   0   2   0   3   0   
0   0   1   0   6   0   1   0   0   0   3   0   6   0   3   0   0   0   1   0   8   0   0   0   255 255 6   0   5   0   2   0   
0   0   3   0   10  0   254 255 255 255 12  0   3   0   1   0   0   0   1   0   3   0   255 255 0   0   5   0   1   0   255 255 
0   0   255 255 1   0   254 255 255 255 2   0   0   0   255 255 255 255 255 255 255 255 253 255 255 255 0   0   255 255 255 255 
255 255 255 255 255 255 2   0   0   0   255 255 0   0   1   0   255 255 0   0   1   0   2   0   0   0   0   0   2   0   2   0   
0   0   1   0   6   0   1   0   0   0   3   0   6   0   3   0   0   0   1   0   8   0   0   0   255 255 6   0   5   0   2   0   
0   0   3   0   10  0   254 255 255 255 12  0   3   0   1   0   0   0   1   0   4   0   255 255 0   0   5   0   1   0   255 255 
0   0   255 255 1   0   254 255 255 255 2   0   0   0   255 255 255 255 255 255 255 255 253 255 255 255 0   0   255 255 254 255 
255 255 255 255 255 255 3   0   0   0   255 255 0   0   1   0   255 255 0   0   1   0   2   0   0   0   0   0   2   0   3   0   
0   0   1   0   6   0   1   0   0   0   3   0   6   0   3   0   0   0   1   0   8   0   0   0   255 255 6   0   5   0   2   0   
0   0   3   0   10  0   254 255 255 255 12  0   3   0   1   0   0   0   1   0   4   0   255 255 0   0   5   0   1   0   255 255 
0   0   255 255 1   0   254 255 255 255 1   0   0   0   255 255 255 255 255 255 255 255 253 255 255 255 0   0   255 255 254 255 
255 255 255 255 255 255 3   0   0   0   255 255 0   0   1   0   255 255 0   0   1   0   2   0   0   0   0   0   2   0   3   0   
0   0   1   0   6   0   1   0   0   0   3   0   6   0   3   0   0   0   1   0   7   0   255 255 255 255 6   0   5   0   2   0   
0   0   3   0   10  0   254 255 255 255 12  0   3   0   1   0   0   0   1   0   4   0   255 255 0   0   5   0   1   0   255 255 
0   0   255 255 1   0   254 255 255 255 1   0   0   0   255 255 255 255 255 255 255 255 253 255 255 255 0   0   255 255 254 255 
255 255 255 255 255 255 3   0   0   0   255 255 0   0   1   0   255 255 0   0   2   0   2   0   0   0   0   0   2   0   3   0   
0   0   1   0   6   0   1   0   0   0   3   0   6   0   3   0   0   0   1   0   7   0   255 255 255 255 6   0   5   0   2   0   
0   0   3   0   10  0   254 255 255 255 12  0   3   0   1   0   0   0   1   0   4   0   255 255 0   0   5   0   1   0   255 255 
0   0   255 255 1   0   254 255 255 255 2   0   1   0   0   0   255 255 255 255 255 255 253 255 255 255 0   0   255 255 254 255 
255 255 255 255 255 255 3   0   0   0   255 255 0   0   1   0   255 255 0   0   2   0   2   0   0   0   0   0   2   0   3   0   
0   0   1   0   6   0   1   0   0   0   3   0   6   0   3   0   0   0   1   0   7   0   255 255 255 255 6   0   5   0   3   0   
0   0   3   0   10  0   254 255 255 255 12  0   3   0   1   0   0   0   1   0   4   0   255 255 0   0   6   0   1   0   255 255 
0   0   255 255 1   0   254 255 255 255 2   0   1   0   0   0   255 255 255 255 255 255 253 255 255 255 0   0   255 255 254 255 
0   0   255 255 0   0   3   0   0   0   255 255 0   0   1   0   255 255 0   0   2   0   2   0   0   0   0   0   2   0   3   0   
0   0   1   0   6   0   1   0   0   0   3   0   6   0   3   0   0   0   1   0   7   0   255 255 255 255 6   0   5   0   3   0   
0   0   3   0   10  0   254 255 255 255 12  0   3   0   1   0   0   0   1   0   4   0   255 255 0   0   6   0   1   0   255 255 
0   0   255 255 1   0   254 255 255 255 2   0   1   0   0   0   255 255 255 255 255 255 253 255 255 255 0   0   255 255 254 255 
0   0   255 255 0   0   3   0   0   0   255 255 0   0   1   0   255 255 0   0   2   0   2   0   0   0   0   0   2   0   3   0   
0   0   1   0   6   0   1   0   0   0   3   0   6   0   3   0   0   0   1   0   7   0   255 255 255 255 6   0   5   0   3   0   
0   0   3   0   10  0   254 255 255 255 12  0   3   0   1   0   0   0   1   0   4   0   255 255 0   0   6   0   1   0   255 255 
0   0   255 255 1   0   254 255 255 255 1   0   0   0   0   0   255 255 255 255 255 255 253 255 255 255 0   0   255 255 254 255 
0   0   255 255 0   0   3   0   0   0   255 255 0   0   1   0   255 255 0   0   2   0   2   0   0   0   0   0   2   0   3   0   
0   0   1   0   6   0   1   0   0   0   3   0   6   0   3   0   0   0   1   0   7   0   255 255 255 255 6   0   5   0   3   0   
0   0   3   0   10  0   254 255 255 255 12  0   3   0   0   0   0   0   1   0   4   0   255 255 0   0   6   0   1   0   255 255 
0   0   255 255 1   0   254 255 255 255 2   0   0   0   0   0   255 255 255 255 255 255 253 255 255 255 0   0   255 255 254 255 
0   0   255 255 0   0   3   0   0   0   255 255 0   0   1   0   255 255 0   0   2   0   2   0   0   0   0   0   2   0   3   0   
0   0   1   0   6   0   1   0   0   0   3   0   6   0   3   0   0   0   1   0   7   0   0   0   255 255 6   0   5   0   3   0   
0   0   3   0   10  0   254 255 255 255 12  0   3   0   0   0   0   0   1   0   4   0   255 255 0   0   6   0   1   0   255 255 
0   0   255 255 1   0   254 255 255 255 1   0   0   0   0   0   255 255 255 255 255 255 253 255 255 255 0   0   255 255 254 255 
0   0   255 255 0   0   3   0   0   0   255 255 0   0   1   0   255 255 0   0   2   0   2   0   0   0   0   0   2   0   3   0   
0   0   1   0   6   0   1   0   0   0   3   0   6   0   3   0   0   0   1   0   7   0   0   0   255 255 6   0   5   0   3   0   
0   0   3   0   10  0   254 255 255 255 12  0   3   0   0   0   0   0   1   0   4   0   255 255 0   0   6   0   1   0   255 255 
0   0   255 255 1   0   254 255 255 255 1   0   0   0   0   0   255 255 255 255 255 255 253 255 255 255 0   0   255 255 254 255 
0   0   255 255 0   0   3   0   0   0   255 255 0   0   1   0   255 255 0   0   2   0   2   0   0   0   0   0   2   0   3   0   
0   0   1   0   6   0   1   0   0   0   3   0   5   0   3   0   0   0   1   0   7   0   0   0   255 255 6   0   5   0   3   0   
0   0   3   0   10  0   254 255 255 255 12  0   3   0   0   0   0   0   1   0   4   0   255 255 0   0   6   0   1   0   255 255 
0   0   255 255 1   0   254 255 255 255 1   0   0   0   0   0   255 255 255 255 255 255 253 255 255 255 0   0   255 255 254 255 
0   0   255 255 255 255 2   0   0   0   255 255 0   0   1   0   255 255 0   0   2   0   2   0   0   0   0   0   2   0   3   0   
0   0   1   0   6   0   1   0   0   0   3   0   5   0   3   0   0   0   1   0   7   0   0   0   255 255 6   0   5   0   3   0   
0   0   3   0   10  0   254 255 255 255 12  0   3   0   0   0   0   0   1   0   4   0   255 255 0   0   6   0   1   0   255 255 
0   0   255 255 1   0   254 255 0   0   2   0   0   0   0   0   255 255 255 255 255 255 253 255 255 255 0   0   255 255 254 255 
0   0   255 255 255 255 2   0   0   0   255 255 0   0   1   0   255 255 0   0   2   0   2   0   0   0   0   0   2   0   3   0   
0   0   1   0   6   0   1   0   0   0   3   0   5   0   3   0   0   0   1   0   7   0   0   0   255 255 6   0   5   0   3   0   
0   0   3   0   10  0   254 255 255 255 12  0   3   0   0   0   0   0   1   0   4   0   255 255 0   0   6   0   1   0   255 255 
0   0   255 255 1   0   254 255 0   0   2   0   0   0   0   0   255 255 255 255 255 255 253 255 255 255 0   0   255 255 255 255 
0   0   255 255 255 255 2   0   0   0   255 255 0   0   1   0   255 255 0   0   2   0   2   0   0   0   0   0   2   0   3   0   
0   0   1   0   5   0   1   0   0   0   3   0   5   0   3   0   0   0   1   0   7   0   0   0   255 255 6   0   5   0   3   0   
0   0   3   0   10  0   254 255 255 255 12  0   3   0   0   0   0   0   1   0   4   0   255 255 0   0   6   0   1   0   255 255 
0   0   255 255 1   0   254 255 255 255 1   0   0   0   0   0   255 255 255 255 255 255 253 255 255 255 0   0   255 255 255 255 
0   0   255 255 255 255 2   0   0   0   255 255 0   0   1   0   255 255 0   0   2   0   2   0   0   0   0   0   2   0   3   0   
0   0   1   0   5   0   1   0   0   0   3   0   5   0   3   0   0   0   1   0   7   0   0   0   255 255 6   0   5   0   2   0   
0   0   3   0   10  0   254 255 255 255 12  0   3   0   0   0   0   0   1   0   4   0   255 255 0   0   6   0   1   0   255 255 
0   0   255 255 1   0   254 255 255 255 1   0   0   0   255 255 255 255 255 255 255 255 253 255 255 255 0   0   255 255 255 255 
0   0   255 255 255 255 2   0   0   0   255 255 0   0   1   0   255 255 0   0   2   0   2   0   255 255 0   0   1   0   3   0   
0   0   1   0   6   0   1   0   0   0   3   0   5   0   3   0   0   0   1   0   7   0   0   0   255 255 6   0   5   0   2   0   
0   0   3   0   10  0   254 255 255 255 12  0   3   0   1   0   0   0   1   0   4   0   255 255 0   0   6   0   1   0   255 255 
0   0   255 255 1   0   254 255 255 255 1   0   0   0   255 255 255 255 255 255 255 255 253 255 255 255 0   0   255 255 255 255 
255 255 255 255 255 255 2   0   0   0   255 255 0   0   1   0   255 255 0   0   2   0   2   0   255 255 0   0   1   0   3   0   
0   0   1   0   6   0   1   0   0   0   3   0   6   0   3   0   0   0   1   0   7   0   0   0   255 255 6   0   5   0   2   0   
0   0   3   0   10  0   254 255 255 255 12  0   3   0   1   0   0   0   2   0   4   0   255 255 0   0   6   0   1   0   255 255 
0   0   255 255 1   0   254 255 255 255 1   0   0   0   255 255 255 255 255 255 255 255 253 255 255 255 0   0   255 255 255 255 
255 255 255 255 255 255 2   0   255 255 255 255 0   0   1   0   255 255 0   0   2   0   2   0   255 255 0   0   1   0   2   0   
0   0   1   0   6   0   1   0   0   0   3   0   6   0   3   0   0   0   1   0   7   0   255 255 255 255 6   0   5   0   2   0   
0   0   3   0   10  0   254 255 255 255 12  0   3   0   1   0   0   0   2   0   4   0   255 255 255 255 6   0   1   0   255 255 
0   0   255 255 1   0   254 255 255 255 1   0   0   0   255 255 255 255 255 255 255 255 253 255 255 255 0   0   255 255 255 255 
255 255 255 255 255 255 2   0   255 255 255 255 0   0   1   0   255 255 0   0   2   0   2   0   0   0   0   0   2   0   3   0   
0   0   1   0   6   0   1   0   0   0   3   0   6   0   3   0   0   0   1   0   7   0   255 255 255 255 6   0   5   0   2   0   
0   0   3   0   9   0   254 255 255 255 12  0   3   0   1   0   0   0   2   0   3   0   255 255 0   0   6   0   1   0   255 255 
0   0   255 255 1   0   254 255 0   0   1   0   0   0   255 255 255 255 255 255 255 255 253 255 255 255 0   0   255 255 254 255 
255 255 255 255 255 255 2   0   255 255 255 255 0   0   1   0   255 255 0   0   2   0   2   0   0   0   0   0   2   0   3   0   
0   0   1   0   6   0   1   0   0   0   3   0   6   0   3   0   0   0   1   0   7   0   0   0   255 255 6   0   5   0   2   0   
0   0   3   0   10  0   254 255 255 255 12  0   3   0   1   0   0   0   1   0   3   0   255 255 0   0   6   0   1   0   255 255 
0   0   255 255 1   0   254 255 0   0   1   0   0   0   255 255 255 255 255 255 255 255 253 255 255 255 0   0   255 255 254 255 
255 255 255 255 255 255 2   0   255 255 255 255 0   0   1   0   255 255 0   0   2   0   2   0   0   0   0   0   2   0   3   0   
0   0   1   0   6   0   1   0   0   0   3   0   6   0   3   0   0   0   1   0   7   0   0   0   255 255 6   0   5   0   2   0   
0   0   3   0   10  0   254 255 255 255 12  0   3   0   1   0   0   0   1   0   3   0   255 255 255 255 6   0   1   0   255 255 
0   0   255 255 1   0   254 255 255 255 1   0   0   0   255 255 255 255 255 255 255 255 253 255 255 255 0   0   255 255 254 255 
255 255 255 255 255 255 2   0   255 255 255 255 0   0   1   0   255 255 0   0   2   0   2   0   0   0   0   0   2   0   3   0   
0   0   1   0   6   0   1   0   0   0   3   0   6   0   3   0   0   0   1   0   8   0   0   0   255 255 6   0   5   0   2   0   
0   0   3   0   10  0   254 255 255 255 12  0   3   0   1   0   0   0   1   0   3   0   255 255 255 255 6   0   1   0   255 255 
0   0   255 255 1   0   254 255 255 255 1   0   0   0   255 255 255 255 255 255 255 255 253 255 255 255 0   0   255 255 254 255 
255 255 255 255 255 255 2   0   255 255 255 255 1   0   1   0   255 255 0   0   2   0   2   0   0   0   0   0   2   0   3   0   
0   0   1   0   6   0   1   0   0   0   3   0   5   0   3   0   0   0   1   0   8   0   0   0   255 255 6   0   5   0   2   0   
0   0   3   0   10  0   254 255 255 255 12  0   3   0   1   0   0   0   1   0   3   0   255 255 255 255 6   0   1   0   255 255 
0   0   255 255 1   0   254 255 255 255 1   0   0   0   255 255 255 255 255 255 255 255 253 255 255 255 0   0   255 255 254 255 
255 255 255 255 0   0   3   0   255 255 255 255 1   0   1   0   255 255 0   0   2   0   2   0   0   0   0   0   2   0   3   0   
0   0   1   0   6   0   1   0   0   0   3   0   5   0   3   0   0   0   1   0   7   0   255 255 255 255 6   0   5   0   2   0   
0   0   3   0   10  0   254 255 255 255 13  0   3   0   1   0   0   0   2   0   3   0   255 255 255 255 6   0   1   0   255 255 
0   0   255 255 1   0   254 255 255 255 1   0   0   0   255 255 255 255 255 255 255 255 253 255 255 255 0   0   255 255 254 255 
255 255 255 255 0   0   3   0   255 255 255 255 1   0   1   0   255 255 0   0   1   0   1   0   0   0   0   0   2   0   3   0   
0   0   1   0   6   0   1   0   0   0   3   0   6   0   3   0   0   0   1   0   7   0   255 255 255 255 6   0   5   0   2   0   
0   0   3   0   10  0   254 255 255 255 13  0   3   0   1   0   0   0   2   0   3   0   255 255 255 255 6   0   1   0   255 255 
0   0   255 255 1   0   254 255 255 255 1   0   0   0   255 255 255 255 255 255 255 255 253 255 255 255 0   0   255 255 254 255 
255 255 255 255 255 255 2   0   255 255 255 255 1   0   1   0   255 255 0   0   1   0   2   0   0   0   0   0   2   0   3   0   
0   0   1   0   5   0   1   0   0   0   3   0   5   0   3   0   0   0   1   0   7   0   255 255 255 255 6   0   5   0   2   0   
0   0   3   0   10  0   254 255 255 255 13  0   3   0   1   0   0   0   2   0   3   0   255 255 255 255 6   0   1   0   255 255 
0   0   255 255 1   0   254 255 255 255 1   0   0   0   255 255 255 255 255 255 255 255 253 255 255 255 0   0   255 255 254 255 
255 255 255 255 255 255 2   0   255 255 255 255 1   0   1   0   255 255 0   0   1   0   2   0   0   0   0   0   2   0   3   0   
0   0   1   0   5   0   1   0   0   0   3   0   5   0   3   0   0   0   1   0   7   0   255 255 255 255 6   0   5   0   2   0   
0   0   3   0   10  0   254 255 255 255 13  0   3   0   0   0   0   0   1   0   3   0   255 255 255 255 6   0   1   0   255 255 
0   0   0   0   1   0   254 255 255 255 1   0   0   0   255 255 255 255 255 255 0   0   254 255 255 255 0   0   255 255 254 255 
0   0   255 255 0   0   3   0   255 255 255 255 1   0   1   0   255 255 0   0   2   0   2   0   0   0   0   0   2   0   3   0   
0   0   1   0   5   0   0   0   0   0   3   0   5   0   2   0   0   0   1   0   8   0   0   0   255 255 6   0   5   0   2   0   
0   0   3   0   10  0   254 255 255 255 13  0   3   0   0   0   0   0   1   0   3   0   255 255 255 255 6   0   1   0   255 255 
0   0   0   0   1   0   254 255 255 255 1   0   0   0   255 255 255 255 255 255 0   0   254 255 255 255 0   0   255 255 254 255 
0   0   255 255 0   0   3   0   255 255 255 255 0   0   1   0   255 255 0   0   2   0   2   0   0   0   0   0   2   0   3   0   
0   0   1   0   6   0   1   0   0   0   3   0   5   0   3   0   0   0   1   0   8   0   0   0   255 255 6   0   5   0   2   0   
0   0   3   0   10  0   254 255 255 255 13  0   3   0   0   0   0   0   1   0   3   0   255 255 255 255 6   0   1   0   255 255 
0   0   0   0   1   0   254 255 0   0   1   0   0   0   255 255 255 255 255 255 0   0   254 255 255 255 0   0   255 255 254 255 
0   0   255 255 0   0   2   0   255 255 255 255 1   0   1   0   255 255 0   0   2   0   2   0   0   0   0   0   2   0   3   0   
0   0   1   0   6   0   1   0   0   0   3   0   5   0   3   0   0   0   1   0   8   0   0   0   255 255 6   0   5   0   3   0   
0   0   3   0   10  0   254 255 255 255 13  0   3   0   0   0   0   0   1   0   4   0   255 255 255 255 6   0   1   0   255 255 
0   0   0   0   1   0   254 255 0   0   1   0   0   0   255 255 255 255 255 255 0   0   254 255 255 255 0   0   255 255 254 255 
0   0   255 255 255 255 2   0   255 255 255 255 1   0   1   0   255 255 0   0   2   0   2   0   0   0   0   0   2   0   3   0   
0   0   1   0   6   0   1   0   0   0   3   0   5   0   3   0   0   0   1   0   8   0   0   0   255 255 6   0   5   0   3   0   
0   0   3   0   10  0   254 255 255 255 13  0   3   0   0   0   0   0   1   0   4   0   255 255 255 255 6   0   1   0   255 255 
0   0   0   0   1   0   254 255 255 255 1   0   0   0   255 255 255 255 0   0   0   0   254 255 255 255 0   0   255 255 254 255 
0   0   255 255 255 255 2   0   255 255 255 255 1   0   1   0   255 255 0   0   2   0   2   0   255 255 0   0   2   0   2   0   
0   0   1   0   6   0   1   0   0   0   3   0   5   0   3   0   0   0   1   0   8   0   0   0   255 255 6   0   5   0   3   0   
0   0   3   0   10  0   254 255 255 255 13  0   3   0   0   0   0   0   1   0   4   0   255 255 255 255 6   0   1   0   255 255 
0   0   255 255 1   0   254 255 255 255 1   0   0   0   255 255 255 255 255 255 0   0   254 255 255 255 0   0   255 255 255 255 
0   0   255 255 255 255 2   0   255 255 255 255 1   0   1   0   255 255 0   0   2   0   2   0   255 255 0   0   2   0   2   0   
0   0   1   0   5   0   1   0   0   0   3   0   5   0   3   0   0   0   1   0   8   0   0   0   255 255 6   0   5   0   2   0   
0   0   3   0   10  0   254 255 255 255 13  0   3   0   0   0   0   0   1   0   3   0   255 255 0   0   6   0   1   0   255 255 
0   0   255 255 1   0   254 255 255 255 1   0   0   0   255 255 255 255 255 255 0   0   254 255 255 255 0   0   255 255 255 255 
255 255 255 255 255 255 2   0   255 255 255 255 1   0   1   0   255 255 0   0   2   0   2   0   255 255 0   0   2   0   2   0   
0   0   1   0   5   0   1   0   0   0   3   0   5   0   3   0   0   0   1   0   8   0   0   0   255 255 6   0   5   0   2   0   
0   0   3   0   10  0   254 255 255 255 13  0   3   0   0   0   0   0   1   0   3   0   255 255 0   0   6   0   1   0   255 255 
0   0   255 255 1   0   254 255 255 255 1   0   0   0   255 255 255 255 255 255 0   0   254 255 255 255 0   0   255 255 255 255 
255 255 255 255 255 255 2   0   255 255 255 255 1   0   1   0   255 255 0   0   2   0   2   0   255 255 0   0   2   0   2   0   
0   0   1   0   6   0   1   0   0   0   3   0   5   0   3   0   0   0   1   0   8   0   0   0   255 255 6   0   5   0   2   0   
0   0   3   0   10  0   254 255 255 255 13  0   3   0   0   0   0   0   1   0   3   0   255 255 0   0   6   0   1   0   255 255 
0   0   255 255 1   0   254 255 255 255 1   0   0   0   255 255 255 255 255 255 0   0   253 255 255 255 0   0   255 255 255 255 
255 255 255 255 255 255 2   0   255 255 255 255 1   0   1   0   255 255 0   0   2   0   2   0   255 255 0   0   2   0   3   0   
0   0   1   0   5   0   1   0   0   0   3   0   5   0   3   0   0   0   1   0   8   0   0   0   255 255 6   0   5   0   2   0   
0   0   3   0   10  0   254 255 255 255 13  0   3   0   0   0   0   0   1   0   3   0   255 255 0   0   6   0   1   0   255 255 
0   0   255 255 1   0   254 255 255 255 1   0   0   0   255 255 255 255 255 255 0   0   253 255 255 255 0   0   255 255 255 255 
255 255 255 255 255 255 2   0   255 255 255 255 1   0   1   0   255 255 0   0   2   0   1   0   255 255 0   0   2   0   3   0   
0   0   1   0   5   0   1   0   0   0   3   0   5   0   3   0   0   0   1   0   8   0   0   0   255 255 6   0   5   0   2   0   
0   0   3   0   10  0   254 255 255 255 13  0   3   0   1   0   0   0   1   0   3   0   255 255 0   0   6   0   1   0   0   0   
0   0   0   0   1   0   254 255 255 255 1   0   0   0   255 255 255 255 255 255 0   0   254 255 255 255 0   0   255 255 255 255 
255 255 255 255 255 255 2   0   0   0   255 255 1   0   1   0   255 255 0   0   2   0   1   0   255 255 0   0   2   0   3   0   
0   0   1   0   5   0   1   0   0   0   3   0   5   0   3   0   0   0   1   0   7   0   0   0   255 255 6   0   5   0   2   0   
0   0   4   0   10  0   254 255 255 255 13  0   3   0   1   0   0   0   1   0   4   0   255 255 0   0   6   0   1   0   0   0   
0   0   0   0   1   0   254 255 255 255 1   0   0   0   255 255 255 255 255 255 0   0   254 255 255 255 0   0   255 255 255 255 
255 255 255 255 255 255 2   0   0   0   255 255 1   0   1   0   255 255 0   0   2   0   1   0   0   0   0   0   2   0   3   0   
0   0   1   0   5   0   1   0   0   0   3   0   5   0   3   0   0   0   1   0   7   0   0   0   255 255 6   0   5   0   2   0   
0   0   4   0   10  0   254 255 255 255 13  0   3   0   1   0   0   0   1   0   4   0   255 255 0   0   6   0   1   0   0   0   
0   0   0   0   1   0   254 255 255 255 1   0   0   0   255 255 255 255 255 255 0   0   253 255 255 255 0   0   255 255 255 255 
255 255 255 255 255 255 2   0   0   0   255 255 1   0   1   0   255 255 0   0   2   0   2   0   0   0   0   0   2   0   3   0   
0   0   1   0   5   0   1   0   0   0   3   0   5   0   3   0   0   0   1   0   7   0   0   0   255 255 6   0   5   0   2   0   
0   0   4   0   10  0   254 255 255 255 13  0   3   0   1   0   0   0   1   0   4   0   255 255 0   0   6   0   1   0   0   0   
0   0   0   0   1   0   254 255 0   0   2   0   0   0   255 255 255 255 255 255 0   0   253 255 255 255 0   0   255 255 254 255 
255 255 255 255 255 255 2   0   0   0   255 255 1   0   1   0   255 255 0   0   2   0   2   0   0   0   0   0   2   0   3   0   
0   0   1   0   5   0   1   0   0   0   3   0   5   0   3   0   0   0   1   0   7   0   255 255 255 255 6   0   5   0   2   0   
0   0   4   0   10  0   254 255 255 255 13  0   3   0   1   0   0   0   1   0   4   0   255 255 0   0   6   0   1   0   0   0   
0   0   0   0   1   0   254 255 0   0   2   0   0   0   255 255 255 255 255 255 0   0   254 255 255 255 0   0   255 255 254 255 
255 255 255 255 255 255 2   0   0   0   255 255 1   0   1   0   255 255 0   0   2   0   2   0   0   0   0   0   2   0   3   0   
0   0   1   0   5   0   1   0   0   0   3   0   5   0   3   0   255 255 1   0   7   0   255 255 255 255 6   0   5   0   2   0   
0   0   4   0   10  0   254 255 255 255 13  0   3   0   1   0   0   0   1   0   4   0   255 255 0   0   6   0   1   0   0   0   
0   0   0   0   1   0   254 255 0   0   2   0   0   0   255 255 255 255 255 255 0   0   254 255 255 255 0   0   255 255 255 255 
255 255 255 255 255 255 2   0   0   0   255 255 1   0   1   0   255 255 0   0   2   0   2   0   255 255 0   0   1   0   2   0   
0   0   1   0   5   0   1   0   0   0   3   0   5   0   3   0   0   0   1   0   7   0   0   0   255 255 6   0   5   0   2   0   
0   0   4   0   10  0   254 255 255 255 13  0   3   0   1   0   0   0   1   0   4   0   255 255 255 255 5   0   1   0   0   0   
0   0   255 255 1   0   254 255 0   0   2   0   0   0   255 255 255 255 254 255 255 255 253 255 255 255 0   0   255 255 255 255 
255 255 255 255 0   0   3   0   0   0   255 255 1   0   1   0   255 255 0   0   2   0   2   0   0   0   0   0   2   0   3   0   
0   0   1   0   5   0   1   0   0   0   3   0   5   0   3   0   0   0   1   0   7   0   0   0   255 255 6   0   5   0   2   0   
0   0   4   0   10  0   254 255 255 255 12  0   3   0   0   0   0   0   1   0   4   0   255 255 255 255 5   0   1   0   0   0   
0   0   255 255 1   0   254 255 0   0   2   0   0   0   255 255 255 255 255 255 255 255 253 255 255 255 0   0   255 255 255 255 
255 255 255 255 0   0   3   0   0   0   255 255 0   0   1   0   255 255 0   0   2   0   2   0   0   0   0   0   2   0   3   0   
0   0   1   0   5   0   0   0   0   0   3   0   5   0   3   0   0   0   1   0   7   0   0   0   255 255 6   0   5   0   2   0   
0   0   4   0   10  0   254 255 255 255 12  0   3   0   0   0   0   0   1   0   4   0   255 255 255 255 6   0   1   0   0   0   
0   0   255 255 1   0   254 255 0   0   2   0   0   0   255 255 255 255 255 255 255 255 253 255 255 255 0   0   255 255 254 255 
255 255 255 255 255 255 2   0   0   0   255 255 0   0   1   0   255 255 0   0   2   0   2   0   0   0   0   0   2   0   2   0   
0   0   1   0   5   0   1   0   0   0   3   0   5   0   3   0   0   0   1   0   7   0   0   0   255 255 6   0   5   0   2   0   
0   0   4   0   10  0   254 255 255 255 12  0   3   0   0   0   0   0   1   0   4   0   255 255 0   0   6   0   1   0   0   0   
0   0   255 255 1   0   254 255 0   0   2   0   0   0   255 255 255 255 255 255 255 255 253 255 255 255 0   0   255 255 255 255 
255 255 255 255 255 255 1   0   255 255 255 255 0   0   1   0   255 255 0   0   2   0   2   0   0   0   0   0   1   0   2   0   
0   0   1   0   5   0   1   0   0   0   3   0   5   0   3   0   0   0   1   0   7   0   0   0   255 255 6   0   5   0   2   0   
0   0   4   0   10  0   254 255 255 255 12  0   3   0   0   0   0   0   1   0   4   0   255 255 0   0   6   0   1   0   0   0   
0   0   255 255 1   0   254 255 0   0   2   0   0   0   255 255 255 255 255 255 255 255 253 255 255 255 0   0   255 255 255 255 
255 255 255 255 255 255 2   0   255 255 255 255 0   0   1   0   0   0   0   0   2   0   2   0   0   0   0   0   1   0   2   0   
0   0   1   0   5   0   1   0   0   0   3   0   5   0   3   0   0   0   1   0   7   0   0   0   255 255 6   0   5   0   2   0   
0   0   4   0   10  0   254 255 255 255 12  0   3   0   0   0   0   0   1   0   4   0   255 255 0   0   6   0   1   0   0   0   
0   0   255 255 1   0   254 255 255 255 2   0   0   0   255 255 255 255 255 255 255 255 253 255 255 255 0   0   255 255 255 255 
255 255 255 255 255 255 3   0   255 255 255 255 0   0   1   0   0   0   0   0   2   0   2   0   0   0   0   0   2   0   3   0   
0   0   1   0   5   0   0   0   0   0   3   0   5   0   3   0   0   0   1   0   7   0   0   0   255 255 6   0   4   0   2   0   
0   0   4   0   10  0   254 255 255 255 12  0   3   0   1   0   0   0   1   0   4   0   255 255 0   0   6   0   1   0   0   0   
0   0   255 255 1   0   254 255 255 255 2   0   0   0   255 255 255 255 255 255 255 255 253 255 255 255 0   0   255 255 255 255 
255 255 255 255 255 255 2   0   255 255 255 255 0   0   1   0   0   0   0   0   2   0   2   0   0   0   0   0   2   0   3   0   
0   0   1   0   5   0   1   0   0   0   3   0   5   0   4   0   0   0   1   0   7   0   0   0   255 255 6   0   5   0   2   0   
0   0   4   0   10  0   254 255 255 255 12  0   3   0   0   0   0   0   1   0   4   0   255 255 0   0   6   0   1   0   0   0   
0   0   255 255 1   0   254 255 255 255 2   0   0   0   0   0   255 255 255 255 255 255 254 255 255 255 0   0   255 255 255 255 
255 255 255 255 255 255 2   0   255 255 255 255 0   0   1   0   0   0   0   0   2   0   2   0   0   0   0   0   1   0   2   0   
0   0   1   0   5   0   1   0   0   0   3   0   5   0   3   0   0   0   1   0   7   0   0   0   255 255 6   0   5   0   2   0   
0   0   4   0   10  0   254 255 255 255 12  0   3   0   0   0   0   0   2   0   4   0   0   0   0   0   6   0   1   0   0   0   
0   0   255 255 1   0   254 255 255 255 2   0   0   0   0   0   255 255 255 255 255 255 254 255 255 255 0   0   255 255 255 255 
0   0   255 255 255 255 2   0   0   0   255 255 0   0   1   0   0   0   0   0   2   0   2   0   0   0   0   0   1   0   2   0   
0   0   1   0   5   0   1   0   0   0   3   0   5   0   3   0   0   0   1   0   7   0   0   0   255 255 6   0   5   0   2   0   
0   0   3   0   9   0   254 255 255 255 12  0   3   0   0   0   0   0   1   0   3   0   255 255 0   0   6   0   1   0   0   0   
0   0   255 255 1   0   254 255 255 255 2   0   0   0   0   0   255 255 255 255 255 255 254 255 255 255 0   0   255 255 255 255 
0   0   255 255 255 255 2   0   0   0   255 255 1   0   1   0   0   0   0   0   2   0   2   0   0   0   0   0   2   0   3   0   
0   0   1   0   5   0   1   0   0   0   3   0   5   0   3   0   0   0   1   0   7   0   0   0   255 255 6   0   5   0   2   0   
0   0   3   0   9   0   254 255 0   0   13  0   3   0   1   0   0   0   1   0   3   0   255 255 0   0   6   0   1   0   0   0   
0   0   255 255 1   0   254 255 255 255 2   0   0   0   0   0   255 255 255 255 255 255 253 255 255 255 0   0   255 255 255 255 
0   0   255 255 255 255 2   0   0   0   255 255 1   0   1   0   0   0   0   0   2   0   2   0   0   0   0   0   2   0   3   0   
0   0   1   0   5   0   1   0   0   0   3   0   5   0   3   0   0   0   1   0   7   0   0   0   255 255 6   0   5   0   2   0   
0   0   3   0   9   0   254 255 255 255 13  0   3   0   1   0   0   0   1   0   3   0   255 255 0   0   6   0   1   0   0   0   
0   0   255 255 1   0   254 255 255 255 2   0   0   0   0   0   255 255 255 255 255 255 253 255 255 255 0   0   255 255 255 255 
0   0   255 255 255 255 2   0   0   0   255 255 0   0   1   0   0   0   0   0   2   0   2   0   0   0   0   0   2   0   3   0   
0   0   1   0   5   0   1   0   0   0   3   0   5   0   3   0   0   0   1   0   7   0   0   0   255 255 6   0   5   0   2   0   
0   0   3   0   10  0   254 255 255 255 13  0   3   0   1   0   0   0   1   0   4   0   255 255 0   0   6   0   1   0   0   0   
0   0   255 255 1   0   254 255 255 255 2   0   0   0   0   0   255 255 255 255 255 255 254 255 255 255 0   0   255 255 254 255 
0   0   255 255 255 255 2   0   0   0   255 255 0   0   1   0   0   0   0   0   2   0   1   0   0   0   0   0   2   0   3   0   
0   0   1   0   5   0   1   0   0   0   3   0   5   0   3   0   0   0   1   0   7   0   0   0   255 255 6   0   5   0   2   0   
0   0   3   0   10  0   254 255 255 255 13  0   3   0   1   0   0   0   1   0   4   0   255 255 0   0   6   0   1   0   0   0   
0   0   255 255 1   0   254 255 255 255 2   0   0   0   0   0   255 255 255 255 255 255 254 255 255 255 1   0   255 255 254 255 
0   0   255 255 255 255 2   0   0   0   255 255 0   0   1   0   0   0   0   0   2   0   2   0   0   0   0   0   2   0   3   0   
0   0   1   0   5   0   1   0   0   0   3   0   5   0   3   0   0   0   1   0   7   0   0   0   255 255 6   0   5   0   2   0   
0   0   3   0   10  0   254 255 255 255 12  0   3   0   0   0   0   0   1   0   4   0   255 255 0   0   6   0   1   0   0   0   
0   0   255 255 1   0   254 255 255 255 2   0   0   0   0   0   255 255 255 255 255 255 254 255 255 255 0   0   255 255 254 255 
0   0   255 255 255 255 2   0   0   0   255 255 0   0   1   0   255 255 0   0   1   0   0   0   0   0   0   0   2   0   3   0   
0   0   1   0   5   0   1   0   0   0   3   0   5   0   3   0   0   0   1   0   7   0   0   0   255 255 6   0   5   0   2   0   
0   0   3   0   10  0   254 255 255 255 12  0   3   0   1   0   0   0   1   0   4   0   255 255 255 255 6   0   1   0   0   0   
0   0   255 255 1   0   254 255 255 255 2   0   0   0   0   0   255 255 255 255 255 255 254 255 255 255 0   0   255 255 254 255 
255 255 255 255 255 255 2   0   0   0   255 255 0   0   1   0   255 255 0   0   1   0   1   0   0   0   0   0   2   0   3   0   
0   0   1   0   5   0   1   0   0   0   3   0   5   0   3   0   0   0   1   0   7   0   0   0   255 255 6   0   5   0   2   0   
0   0   3   0   10  0   254 255 255 255 12  0   3   0   1   0   0   0   1   0   4   0   255 255 0   0   6   0   1   0   0   0   
0   0   255 255 1   0   254 255 255 255 1   0   0   0   0   0   255 255 255 255 255 255 254 255 255 255 0   0   255 255 254 255 
255 255 255 255 255 255 2   0   0   0   255 255 0   0   1   0   255 255 0   0   1   0   1   0   0   0   0   0   2   0   3   0   
0   0   1   0   5   0   1   0   0   0   3   0   5   0   3   0   0   0   1   0   7   0   0   0   255 255 6   0   5   0   2   0   
0   0   3   0   10  0   254 255 255 255 12  0   3   0   1   0   0   0   1   0   4   0   255 255 0   0   6   0   1   0   0   0   
0   0   255 255 1   0   254 255 255 255 1   0   0   0   0   0   255 255 255 255 255 255 254 255 255 255 0   0   255 255 254 255 
255 255 255 255 255 255 2   0   0   0   255 255 0   0   1   0   255 255 0   0   2   0   2   0   0   0   0   0   2   0   3   0   
0   0   1   0   5   0   1   0   0   0   3   0   5   0   3   0   0   0   1   0   7   0   0   0   255 255 6   0   5   0   3   0   
0   0   3   0   9   0   254 255 255 255 12  0   3   0   1   0   0   0   1   0   4   0   255 255 0   0   6   0   1   0   0   0   
0   0   255 255 1   0   254 255 255 255 1   0   0   0   0   0   255 255 255 255 255 255 254 255 255 255 0   0   255 255 254 255 
255 255 255 255 255 255 2   0   0   0   255 255 0   0   1   0   255 255 0   0   2   0   2   0   0   0   0   0   2   0   3   0   
0   0   1   0   5   0   0   0   0   0   3   0   5   0   3   0   0   0   1   0   7   0   0   0   255 255 6   0   5   0   3   0   
0   0   3   0   10  0   254 255 255 255 12  0   3   0   1   0   0   0   1   0   4   0   255 255 0   0   6   0   1   0   0   0   
0   0   255 255 1   0   254 255 255 255 1   0   0   0   0   0   255 255 255 255 255 255 254 255 255 255 0   0   255 255 254 255 
255 255 255 255 255 255 2   0   0   0   255 255 0   0   1   0   255 255 0   0   2   0   1   0   0   0   0   0   2   0   3   0   
0   0   1   0   5   0   0   0   0   0   3   0   5   0   3   0   0   0   1   0   7   0   255 255 255 255 6   0   5   0   3   0   
0   0   3   0   10  0   254 255 255 255 12  0   3   0   1   0   0   0   1   0   4   0   255 255 0   0   6   0   1   0   0   0   
0   0   255 255 1   0   254 255 255 255 1   0   0   0   0   0   255 255 255 255 255 255 254 255 255 255 0   0   255 255 254 255 
255 255 255 255 255 255 2   0   0   0   255 255 0   0   1   0   255 255 0   0   2   0   1   0   0   0   0   0   2   0   3   0   
0   0   1   0   5   0   0   0   0   0   3   0   5   0   3   0   0   0   1   0   7   0   255 255 255 255 6   0   5   0   3   0   
0   0   4   0   10  0   254 255 255 255 12  0   3   0   1   0   0   0   1   0   4   0   255 255 0   0   6   0   1   0   0   0   
0   0   255 255 1   0   254 255 255 255 1   0   0   0   0   0   255 255 255 255 255 255 254 255 255 255 0   0   255 255 254 255 
255 255 255 255 255 255 2   0   0   0   255 255 0   0   1   0   255 255 0   0   2   0   1   0   0   0   0   0   2   0   3   0   
0   0   1   0   5   0   1   0   0   0   3   0   5   0   3   0   0   0   1   0   7   0   255 255 255 255 6   0   5   0   3   0   
0   0   4   0   10  0   254 255 255 255 12  0   3   0   1   0   0   0   1   0   4   0   255 255 255 255 5   0   0   0   255 255 
0   0   255 255 1   0   254 255 255 255 1   0   0   0   0   0   255 255 255 255 255 255 253 255 255 255 0   0   255 255 254 255 
255 255 255 255 255 255 2   0   0   0   255 255 0   0   1   0   255 255 0   0   2   0   2   0   0   0   0   0   2   0   3   0   
0   0   1   0   5   0   0   0   0   0   3   0   5   0   3   0   0   0   1   0   7   0   255 255 255 255 6   0   5   0   2   0   
0   0   4   0   10  0   254 255 255 255 12  0   3   0   1   0   0   0   1   0   4   0   255 255 0   0   6   0   1   0   255 255 
0   0   255 255 1   0   254 255 0   0   1   0   0   0   0   0   255 255 255 255 255 255 253 255 255 255 0   0   255 255 254 255 
255 255 255 255 255 255 2   0   0   0   255 255 0   0   1   0   255 255 0   0   2   0   1   0   0   0   0   0   2   0   3   0   
0   0   1   0   5   0   1   0   0   0   3   0   5   0   3   0   0   0   1   0   7   0   0   0   0   0   6   0   5   0   3   0   
0   0   3   0   9   0   254 255 255 255 12  0   3   0   1   0   0   0   1   0   4   0   255 255 0   0   6   0   1   0   255 255 
0   0   255 255 1   0   254 255 255 255 2   0   0   0   0   0   255 255 255 255 255 255 253 255 255 255 0   0   255 255 254 255 
255 255 255 255 255 255 2   0   0   0   255 255 0   0   1   0   255 255 0   0   2   0   1   0   0   0   0   0   2   0   3   0   
0   0   1   0   5   0   1   0   0   0   3   0   5   0   3   0   0   0   1   0   7   0   0   0   0   0   6   0   5   0   3   0   
0   0   4   0   10  0   254 255 255 255 12  0   3   0   1   0   0   0   2   0   4   0   255 255 255 255 5   0   1   0   255 255 
255 255 255 255 1   0   254 255 255 255 2   0   0   0   0   0   255 255 255 255 255 255 253 255 255 255 0   0   255 255 254 255 
255 255 255 255 255 255 2   0   0   0   255 255 1   0   1   0   255 255 0   0   2   0   1   0   0   0   0   0   1   0   2   0   
0   0   1   0   5   0   1   0   0   0   3   0   5   0   3   0   0   0   1   0   7   0   0   0   0   0   6   0   5   0   3   0   
0   0   4   0   10  0   254 255 255 255 12  0   3   0   1   0   0   0   1   0   3   0   255 255 255 255 5   0   1   0   255 255 
255 255 255 255 1   0   254 255 255 255 2   0   0   0   0   0   255 255 255 255 255 255 253 255 255 255 0   0   255 255 254 255 
0   0   0   0   0   0   3   0   0   0   255 255 1   0   1   0   255 255 0   0   2   0   1   0   0   0   0   0   1   0   2   0   
0   0   1   0   5   0   1   0   0   0   3   0   5   0   3   0   0   0   1   0   7   0   255 255 0   0   6   0   5   0   3   0   
0   0   4   0   10  0   254 255 255 255 12  0   3   0   1   0   0   0   1   0   4   0   255 255 0   0   6   0   1   0   0   0   
255 255 255 255 1   0   254 255 255 255 2   0   0   0   0   0   255 255 255 255 255 255 253 255 255 255 0   0   255 255 254 255 
0   0   255 255 0   0   2   0   0   0   255 255 1   0   1   0   255 255 0   0   2   0   1   0   0   0   0   0   1   0   2   0   
0   0   1   0   5   0   1   0   0   0   3   0   5   0   3   0   0   0   1   0   7   0   0   0   0   0   6   0   5   0   3   0   
0   0   4   0   10  0   254 255 255 255 12  0   3   0   1   0   0   0   1   0   4   0   255 255 0   0   6   0   1   0   0   0   
255 255 255 255 1   0   254 255 255 255 2   0   0   0   0   0   255 255 255 255 255 255 253 255 255 255 0   0   255 255 254 255 
0   0   255 255 0   0   2   0   0   0   255 255 1   0   1   0   255 255 0   0   2   0   1   0   0   0   0   0   1   0   2   0   
0   0   1   0   6   0   1   0   0   0   3   0   5   0   3   0   0   0   1   0   7   0   0   0   0   0   6   0   5   0   3   0   
0   0   4   0   10  0   254 255 255 255 12  0   3   0   1   0   0   0   1   0   4   0   255 255 0   0   6   0   1   0   0   0   
255 255 255 255 1   0   254 255 255 255 2   0   0   0   0   0   255 255 255 255 255 255 253 255 255 255 0   0   255 255 254 255 
0   0   255 255 0   0   2   0   0   0   255 255 1   0   1   0   255 255 0   0   2   0   1   0   0   0   0   0   2   0   2   0   
0   0   1   0   6   0   1   0   0   0   3   0   5   0   3   0   0   0   1   0   7   0   0   0   0   0   6   0   5   0   3   0   
0   0   4   0   10  0   254 255 255 255 12  0   3   0   0   0   0   0   1   0   4   0   255 255 0   0   6   0   1   0   0   0   
255 255 255 255 1   0   254 255 255 255 1   0   0   0   255 255 255 255 255 255 255 255 253 255 255 255 0   0   255 255 254 255 
0   0   255 255 0   0   3   0   0   0   255 255 1   0   2   0   255 255 0   0   2   0   2   0   0   0   0   0   2   0   3   0   
0   0   1   0   6   0   1   0   0   0   3   0   5   0   2   0   0   0   1   0   7   0   255 255 0   0   6   0   5   0   3   0   
0   0   4   0   10  0   254 255 255 255 12  0   3   0   0   0   0   0   1   0   4   0   255 255 0   0   6   0   1   0   0   0   
255 255 255 255 1   0   254 255 255 255 1   0   0   0   255 255 255 255 255 255 255 255 253 255 255 255 0   0   255 255 254 255 
0   0   255 255 0   0   3   0   0   0   255 255 0   0   1   0   255 255 0   0   2   0   1   0   0   0   0   0   2   0   3   0   
0   0   1   0   6   0   1   0   0   0   3   0   5   0   3   0   0   0   1   0   7   0   255 255 0   0   6   0   5   0   3   0   
0   0   4   0   10  0   254 255 255 255 12  0   3   0   0   0   0   0   1   0   4   0   255 255 0   0   6   0   1   0   0   0   
255 255 255 255 1   0   254 255 0   0   1   0   0   0   255 255 255 255 255 255 255 255 253 255 255 255 0   0   255 255 254 255 
0   0   255 255 0   0   2   0   0   0   255 255 0   0   1   0   255 255 0   0   2   0   2   0   0   0   0   0   2   0   3   0   
0   0   1   0   5   0   1   0   0   0   3   0   5   0   2   0   0   0   1   0   7   0   0   0   0   0   6   0   5   0   3   0   
0   0   4   0   10  0   254 255 255 255 12  0   3   0   1   0   0   0   1   0   4   0   255 255 0   0   6   0   1   0   0   0   
255 255 255 255 1   0   254 255 255 255 1   0   0   0   255 255 255 255 255 255 255 255 253 255 255 255 0   0   255 255 254 255 
0   0   255 255 255 255 3   0   0   0   255 255 0   0   1   0   255 255 0   0   2   0   2   0   0   0   0   0   2   0   3   0   
0   0   1   0   5   0   1   0   0   0   3   0   5   0   3   0   0   0   1   0   7   0   0   0   0   0   6   0   5   0   3   0   
0   0   4   0   10  0   254 255 255 255 12  0   3   0   1   0   0   0   1   0   4   0   255 255 0   0   6   0   1   0   0   0   
255 255 255 255 1   0   254 255 255 255 1   0   0   0   255 255 255 255 255 255 255 255 253 255 255 255 0   0   255 255 254 255 
0   0   255 255 255 255 3   0   0   0   255 255 0   0   1   0   255 255 0   0   2   0   2   0   0   0   0   0   2   0   3   0   
0   0   1   0   5   0   1   0   0   0   3   0   5   0   3   0   0   0   1   0   7   0   0   0   0   0   6   0   5   0   3   0   
0   0   4   0   10  0   254 255 255 255 12  0   3   0   0   0   0   0   1   0   4   0   255 255 0   0   6   0   1   0   0   0   
255 255 255 255 1   0   254 255 255 255 2   0   0   0   255 255 255 255 255 255 255 255 254 255 255 255 0   0   255 255 254 255 
0   0   255 255 255 255 2   0   0   0   255 255 0   0   1   0   255 255 0   0   2   0   2   0   0   0   0   0   2   0   3   0   
0   0   1   0   6   0   1   0   0   0   3   0   5   0   3   0   0   0   1   0   8   0   0   0   0   0   6   0   5   0   3   0   
0   0   4   0   10  0   254 255 255 255 12  0   3   0   0   0   0   0   1   0   4   0   255 255 0   0   6   0   1   0   0   0   
0   0   255 255 1   0   254 255 0   0   2   0   0   0   255 255 255 255 255 255 255 255 254 255 255 255 0   0   255 255 254 255 
0   0   255 255 255 255 2   0   0   0   255 255 0   0   1   0   255 255 0   0   2   0   2   0   0   0   0   0   2   0   3   0   
0   0   1   0   6   0   1   0   0   0   3   0   5   0   3   0   0   0   1   0   8   0   0   0   0   0   6   0   5   0   3   0   
0   0   4   0   10  0   254 255 255 255 12  0   3   0   0   0   0   0   1   0   4   0   255 255 0   0   6   0   1   0   0   0   
0   0   255 255 1   0   254 255 0   0   2   0   0   0   255 255 255 255 255 255 255 255 254 255 255 255 0   0   255 255 254 255 
0   0   255 255 255 255 2   0   0   0   255 255 0   0   1   0   255 255 0   0   2   0   2   0   0   0   0   0   2   0   3   0   
0   0   1   0   6   0   1   0   0   0   3   0   5   0   3   0   0   0   1   0   8   0   0   0   0   0   6   0   6   0   3   0   
0   0   4   0   10  0   254 255 255 255 13  0   4   0   1   0   0   0   1   0   4   0   255 255 0   0   6   0   1   0   255 255 
0   0   255 255 1   0   254 255 0   0   2   0   0   0   255 255 255 255 255 255 255 255 253 255 255 255 0   0   255 255 254 255 
0   0   255 255 255 255 2   0   0   0   0   0   1   0   2   0   255 255 0   0   2   0   2   0   0   0   0   0   2   0   3   0   
0   0   1   0   6   0   2   0   0   0   3   0   5   0   3   0   0   0   1   0   8   0   0   0   0   0   6   0   5   0   3   0   
0   0   4   0   10  0   253 255 255 255 13  0   4   0   1   0   0   0   1   0   3   0   255 255 0   0   6   0   1   0   255 255 
255 255 255 255 0   0   254 255 0   0   2   0   0   0   255 255 255 255 255 255 255 255 254 255 255 255 0   0   255 255 254 255 
0   0   255 255 255 255 2   0   0   0   0   0   1   0   2   0   255 255 0   0   2   0   2   0   0   0   0   0   2   0   3   0   
0   0   1   0   6   0   1   0   0   0   3   0   5   0   3   0   0   0   1   0   8   0   0   0   0   0   6   0   5   0   3   0   
0   0   4   0   10  0   253 255 255 255 13  0   4   0   1   0   0   0   1   0   4   0   255 255 0   0   6   0   1   0   255 255 
0   0   0   0   1   0   255 255 0   0   2   0   0   0   255 255 255 255 255 255 255 255 254 255 255 255 0   0   255 255 254 255 
0   0   255 255 255 255 2   0   0   0   0   0   1   0   2   0   255 255 0   0   2   0   2   0   0   0   0   0   2   0   3   0   
0   0   1   0   6   0   1   0   0   0   3   0   5   0   3   0   0   0   1   0   8   0   0   0   0   0   6   0   5   0   3   0   
0   0   4   0   11  0   254 255 255 255 13  0   3   0   1   0   0   0   1   0   4   0   255 255 0   0   6   0   1   0   255 255 
0   0   0   0   1   0   255 255 255 255 1   0   0   0   255 255 255 255 255 255 0   0   254 255 255 255 0   0   255 255 254 255 
0   0   255 255 255 255 2   0   0   0   255 255 1   0   1   0   255 255 0   0   2   0   2   0   0   0   0   0   2   0   2   0   
0   0   1   0   6   0   1   0   0   0   3   0   5   0   3   0   0   0   1   0   8   0   0   0   0   0   6   0   5   0   3   0   
0   0   4   0   11  0   254 255 255 255 13  0   3   0   1   0   0   0   1   0   4   0   255 255 0   0   6   0   1   0   255 255 
0   0   255 255 1   0   254 255 255 255 1   0   0   0   255 255 255 255 255 255 0   0   254 255 255 255 0   0   255 255 254 255 
0   0   255 255 255 255 2   0   0   0   255 255 1   0   1   0   255 255 0   0   2   0   2   0   0   0   0   0   2   0   2   0   
0   0   1   0   6   0   1   0   0   0   3   0   5   0   3   0   0   0   1   0   8   0   0   0   0   0   6   0   5   0   3   0   
0   0   4   0   11  0   254 255 255 255 13  0   3   0   1   0   0   0   1   0   4   0   255 255 0   0   5   0   0   0   255 255 
0   0   255 255 1   0   254 255 255 255 1   0   0   0   255 255 255 255 255 255 0   0   254 255 255 255 0   0   255 255 255 255 
0   0   255 255 255 255 2   0   0   0   255 255 1   0   1   0   255 255 0   0   2   0   1   0   0   0   0   0   2   0   3   0   
0   0   1   0   6   0   1   0   0   0   3   0   6   0   3   0   0   0   1   0   8   0   255 255 255 255 6   0   5   0   2   0   
0   0   4   0   11  0   254 255 255 255 13  0   3   0   1   0   0   0   1   0   4   0   255 255 0   0   5   0   0   0   255 255 
0   0   255 255 1   0   254 255 255 255 1   0   0   0   255 255 255 255 255 255 0   0   254 255 255 255 0   0   255 255 255 255 
0   0   255 255 255 255 2   0   0   0   255 255 1   0   1   0   255 255 0   0   2   0   1   0   0   0   0   0   2   0   3   0   
0   0   1   0   6   0   1   0   0   0   3   0   6   0   3   0   0   0   1   0   8   0   0   0   255 255 6   0   5   0   2   0   
0   0   4   0   11  0   254 255 255 255 13  0   3   0   1   0   0   0   1   0   4   0   255 255 0   0   5   0   1   0   255 255 
0   0   255 255 1   0   254 255 255 255 1   0   0   0   255 255 255 255 255 255 0   0   254 255 255 255 0   0   255 255 255 255 
0   0   255 255 255 255 2   0   0   0   255 255 1   0   1   0   255 255 0   0   2   0   2   0   0   0   0   0   2   0   3   0   
0   0   1   0   6   0   1   0   0   0   3   0   6   0   3   0   0   0   1   0   8   0   0   0   255 255 6   0   5   0   3   0   
0   0   4   0   11  0   254 255 255 255 13  0   3   0   1   0   0   0   1   0   4   0   255 255 0   0   5   0   1   0   255 255 
0   0   255 255 1   0   254 255 255 255 1   0   0   0   255 255 255 255 255 255 0   0   253 255 255 255 0   0   255 255 255 255 
0   0   255 255 0   0   3   0   0   0   255 255 1   0   1   0   255 255 0   0   2   0   2   0   0   0   0   0   2   0   3   0   
0   0   1   0   6   0   1   0   0   0   3   0   6   0   3   0   0   0   1   0   8   0   0   0   255 255 6   0   6   0   3   0   
0   0   4   0   11  0   254 255 255 255 12  0   3   0   0   0   0   0   1   0   4   0   255 255 0   0   5   0   1   0   255 255 
0   0   255 255 1   0   254 255 255 255 1   0   0   0   255 255 255 255 255 255 0   0   253 255 255 255 0   0   255 255 255 255 
0   0   255 255 0   0   3   0   0   0   255 255 1   0   1   0   255 255 0   0   2   0   2   0   0   0   0   0   2   0   3   0   
0   0   1   0   6   0   1   0   0   0   3   0   6   0   3   0   0   0   1   0   8   0   255 255 255 255 6   0   6   0   3   0   
0   0   4   0   11  0   254 255 255 255 12  0   3   0   0   0   0   0   1   0   4   0   255 255 0   0   5   0   1   0   255 255 
0   0   255 255 1   0   254 255 255 255 1   0   0   0   255 255 255 255 255 255 0   0   253 255 255 255 0   0   255 255 255 255 
0   0   255 255 0   0   3   0   0   0   255 255 1   0   1   0   255 255 0   0   2   0   2   0   0   0   0   0   2   0   3   0   
0   0   1   0   6   0   1   0   0   0   3   0   6   0   3   0   0   0   1   0   8   0   0   0   255 255 6   0   6   0   3   0   
0   0   4   0   11  0   254 255 255 255 12  0   3   0   0   0   0   0   1   0   4   0   255 255 0   0   5   0   1   0   255 255 
0   0   255 255 1   0   254 255 255 255 1   0   0   0   255 255 255 255 255 255 0   0   253 255 255 255 0   0   255 255 255 255 
0   0   255 255 255 255 2   0   0   0   255 255 1   0   1   0   255 255 0   0   2   0   2   0   0   0   0   0   2   0   3   0   
0   0   1   0   6   0   1   0   0   0   3   0   6   0   3   0   0   0   1   0   8   0   0   0   255 255 6   0   5   0   3   0   
0   0   4   0   11  0   254 255 255 255 12  0   3   0   0   0   0   0   1   0   4   0   255 255 0   0   6   0   1   0   0   0   
0   0   255 255 1   0   254 255 255 255 1   0   0   0   255 255 255 255 255 255 0   0   253 255 255 255 0   0   255 255 255 255 
0   0   255 255 255 255 2   0   0   0   255 255 1   0   1   0   255 255 0   0   2   0   2   0   0   0   0   0   2   0   3   0   
0   0   1   0   6   0   1   0   0   0   3   0   5   0   3   0   0   0   1   0   8   0   0   0   255 255 6   0   5   0   3   0   
0   0   4   0   11  0   254 255 255 255 12  0   3   0   0   0   0   0   1   0   4   0   255 255 0   0   6   0   1   0   0   0   
0   0   255 255 1   0   254 255 255 255 1   0   0   0   255 255 255 255 255 255 0   0   253 255 255 255 0   0   255 255 255 255 
0   0   255 255 0   0   3   0   0   0   255 255 1   0   1   0   255 255 0   0   2   0   2   0   0   0   0   0   2   0   3   0   
0   0   1   0   6   0   1   0   0   0   3   0   6   0   3   0   0   0   1   0   8   0   0   0   255 255 6   0   5   0   3   0   
0   0   4   0   11  0   254 255 255 255 12  0   3   0   0   0   0   0   1   0   4   0   255 255 0   0   6   0   1   0   0   0   
0   0   255 255 1   0   254 255 255 255 1   0   0   0   255 255 255 255 255 255 0   0   253 255 255 255 0   0   255 255 255 255 
0   0   255 255 255 255 2   0   0   0   255 255 0   0   1   0   255 255 0   0   2   0   2   0   0   0   0   0   2   0   3   0   
0   0   1   0   6   0   1   0   0   0   3   0   6   0   3   0   0   0   1   0   8   0   0   0   255 255 6   0   5   0   3   0   
0   0   4   0   11  0   254 255 255 255 13  0   4   0   0   0   0   0   1   0   4   0   255 255 0   0   6   0   1   0   0   0   
0   0   255 255 1   0   254 255 255 255 1   0   0   0   255 255 255 255 255 255 0   0   253 255 255 255 0   0   255 255 255 255 
0   0   255 255 255 255 2   0   0   0   255 255 0   0   1   0   255 255 0   0   2   0   2   0   0   0   0   0   2   0   3   0   
0   0   1   0   6   0   1   0   0   0   3   0   6   0   3   0   0   0   1   0   8   0   0   0   255 255 6   0   5   0   3   0   
0   0   4   0   11  0   254 255 255 255 13  0   4   0   1   0   0   0   1   0   4   0   255 255 0   0   6   0   1   0   0   0   
0   0   255 255 1   0   254 255 255 255 1   0   0   0   255 255 255 255 255 255 0   0   253 255 255 255 0   0   255 255 255 255 
0   0   255 255 255 255 2   0   0   0   255 255 0   0   1   0   255 255 0   0   2   0   2   0   0   0   0   0   2   0   3   0   
0   0   1   0   6   0   1   0   0   0   3   0   6   0   3   0   0   0   1   0   8   0   0   0   255 255 6   0   5   0   2   0   
0   0   4   0   11  0   254 255 255 255 13  0   4   0   1   0   0   0   1   0   4   0   255 255 255 255 5   0   0   0   255 255 
0   0   255 255 1   0   254 255 255 255 1   0   0   0   255 255 255 255 255 255 0   0   253 255 255 255 0   0   255 255 255 255 
0   0   255 255 255 255 3   0   0   0   255 255 0   0   1   0   255 255 0   0   2   0   2   0   0   0   0   0   2   0   3   0   
0   0   1   0   6   0   1   0   0   0   3   0   6   0   3   0   0   0   1   0   8   0   0   0   255 255 6   0   5   0   2   0   
0   0   4   0   11  0   254 255 255 255 13  0   4   0   1   0   0   0   1   0   3   0   255 255 255 255 5   0   1   0   255 255 
0   0   255 255 1   0   254 255 255 255 2   0   0   0   0   0   255 255 255 255 0   0   254 255 255 255 0   0   255 255 255 255 
0   0   255 255 255 255 3   0   0   0   255 255 0   0   1   0   255 255 0   0   2   0   2   0   0   0   0   0   2   0   3   0   
0   0   1   0   6   0   1   0   0   0   3   0   6   0   3   0   0   0   1   0   8   0   0   0   255 255 6   0   5   0   3   0   
1   0   4   0   11  0   254 255 255 255 13  0   4   0   1   0   0   0   1   0   3   0   255 255 255 255 5   0   1   0   255 255 
0   0   255 255 1   0   254 255 255 255 2   0   0   0   0   0   255 255 255 255 0   0   254 255 255 255 0   0   255 255 255 255 
0   0   255 255 255 255 2   0   0   0   255 255 0   0   1   0   255 255 0   0   2   0   2   0   0   0   0   0   2   0   3   0   
0   0   1   0   6   0   1   0   0   0   3   0   6   0   3   0   0   0   1   0   8   0   0   0   255 255 6   0   5   0   2   0   
1   0   4   0   11  0   254 255 255 255 13  0   4   0   1   0   0   0   1   0   3   0   255 255 0   0   6   0   1   0   0   0   
0   0   255 255 1   0   254 255 255 255 2   0   0   0   0   0   255 255 255 255 0   0   254 255 255 255 0   0   255 255 255 255 
0   0   255 255 255 255 2   0   0   0   255 255 0   0   1   0   255 255 0   0   2   0   2   0   0   0   0   0   1   0   2   0   
0   0   1   0   6   0   1   0   0   0   3   0   6   0   3   0   0   0   1   0   8   0   0   0   255 255 6   0   5   0   2   0   
1   0   4   0   11  0   254 255 255 255 13  0   4   0   1   0   0   0   1   0   3   0   255 255 0   0   6   0   1   0   255 255 
0   0   255 255 1   0   254 255 255 255 2   0   0   0   0   0   255 255 255 255 0   0   253 255 255 255 0   0   255 255 255 255 
0   0   0   0   0   0   3   0   0   0   255 255 1   0   1   0   255 255 0   0   2   0   2   0   0   0   0   0   2   0   3   0   
0   0   1   0   6   0   1   0   0   0   3   0   6   0   3   0   255 255 1   0   8   0   255 255 255 255 6   0   6   0   3   0   
0   0   4   0   11  0   254 255 255 255 13  0   3   0   1   0   0   0   1   0   3   0   255 255 0   0   6   0   1   0   255 255 
0   0   255 255 1   0   254 255 0   0   2   0   1   0   0   0   255 255 255 255 0   0   253 255 255 255 0   0   255 255 255 255 
0   0   0   0   0   0   3   0   0   0   255 255 1   0   1   0   255 255 0   0   2   0   2   0   0   0   0   0   2   0   3   0   
0   0   1   0   6   0   1   0   0   0   3   0   6   0   3   0   255 255 1   0   8   0   255 255 255 255 6   0   6   0   3   0   
0   0   4   0   11  0   254 255 255 255 13  0   3   0   1   0   0   0   1   0   4   0   255 255 0   0   6   0   1   0   255 255 
0   0   255 255 1   0   254 255 255 255 1   0   0   0   0   0   255 255 255 255 0   0   253 255 255 255 0   0   255 255 255 255 
0   0   0   0   0   0   3   0   0   0   255 255 1   0   1   0   255 255 0   0   2   0   2   0   0   0   0   0   2   0   3   0   
0   0   1   0   6   0   1   0   0   0   3   0   6   0   3   0   255 255 1   0   8   0   255 255 255 255 6   0   6   0   3   0   
0   0   4   0   11  0   254 255 255 255 13  0   3   0   1   0   0   0   1   0   4   0   255 255 0   0   6   0   1   0   255 255 
0   0   255 255 1   0   254 255 255 255 1   0   0   0   0   0   255 255 255 255 0   0   254 255 255 255 0   0   255 255 255 255 
0   0   0   0   0   0   2   0   0   0   255 255 1   0   1   0   255 255 0   0   2   0   2   0   0   0   0   0   2   0   3   0   
0   0   1   0   6   0   1   0   0   0   3   0   6   0   3   0   255 255 1   0   8   0   255 255 255 255 6   0   6   0   3   0   
0   0   4   0   11  0   254 255 255 255 13  0   3   0   1   0   0   0   1   0   4   0   255 255 0   0   6   0   1   0   255 255 
0   0   255 255 1   0   254 255 0   0   1   0   0   0   0   0   255 255 255 255 0   0   253 255 255 255 0   0   255 255 255 255 
0   0   0   0   0   0   2   0   0   0   255 255 1   0   1   0   255 255 0   0   2   0   2   0   0   0   0   0   2   0   3   0   
0   0   1   0   6   0   1   0   0   0   3   0   6   0   3   0   255 255 1   0   8   0   255 255 255 255 6   0   6   0   3   0   
0   0   4   0   11  0   254 255 255 255 13  0   3   0   1   0   0   0   1   0   4   0   255 255 0   0   6   0   1   0   255 255 
0   0   255 255 1   0   254 255 0   0   1   0   0   0   0   0   255 255 255 255 0   0   253 255 255 255 0   0   255 255 255 255 
0   0   0   0   0   0   3   0   0   0   255 255 1   0   1   0   255 255 0   0   2   0   2   0   0   0   0   0   2   0   3   0   
0   0   1   0   6   0   1   0   0   0   3   0   6   0   3   0   0   0   1   0   8   0   255 255 255 255 6   0   6   0   3   0   
0   0   4   0   11  0   254 255 255 255 13  0   3   0   1   0   0   0   1   0   4   0   255 255 0   0   6   0   1   0   255 255 
0   0   255 255 1   0   254 255 0   0   1   0   0   0   0   0   255 255 255 255 255 255 253 255 255 255 0   0   255 255 255 255 
0   0   255 255 0   0   2   0   0   0   255 255 1   0   1   0   255 255 0   0   2   0   2   0   0   0   0   0   2   0   3   0   
0   0   1   0   6   0   1   0   0   0   3   0   6   0   3   0   0   0   1   0   8   0   255 255 255 255 6   0   6   0   3   0   
0   0   4   0   11  0   254 255 255 255 13  0   3   0   1   0   0   0   1   0   4   0   255 255 0   0   6   0   1   0   0   0   
0   0   255 255 1   0   254 255 0   0   2   0   0   0   0   0   255 255 255 255 255 255 253 255 255 255 0   0   255 255 255 255 
0   0   255 255 255 255 2   0   0   0   255 255 1   0   1   0   255 255 0   0   2   0   2   0   0   0   0   0   2   0   3   0   
0   0   1   0   6   0   1   0   0   0   3   0   6   0   3   0   0   0   1   0   8   0   255 255 255 255 6   0   6   0   3   0   
0   0   4   0   11  0   254 255 255 255 13  0   3   0   1   0   0   0   1   0   4   0   255 255 0   0   6   0   1   0   0   0   
0   0   255 255 1   0   254 255 255 255 1   0   0   0   255 255 255 255 255 255 255 255 253 255 255 255 0   0   255 255 255 255 
0   0   255 255 255 255 2   0   0   0   255 255 1   0   1   0   255 255 0   0   2   0   2   0   0   0   0   0   2   0   3   0   
0   0   1   0   6   0   1   0   0   0   3   0   6   0   3   0   0   0   1   0   8   0   255 255 255 255 6   0   6   0   3   0   
0   0   4   0   11  0   254 255 255 255 13  0   3   0   1   0   0   0   1   0   4   0   255 255 0   0   6   0   1   0   0   0   
0   0   255 255 1   0   254 255 255 255 1   0   0   0   255 255 255 255 255 255 255 255 253 255 255 255 0   0   255 255 255 255 
0   0   255 255 0   0   3   0   0   0   255 255 1   0   1   0   255 255 0   0   2   0   2   0   0   0   0   0   2   0   3   0   
0   0   1   0   6   0   0   0   0   0   3   0   6   0   3   0   0   0   1   0   8   0   255 255 255 255 6   0   6   0   3   0   
0   0   4   0   11  0   254 255 255 255 13  0   3   0   1   0   0   0   1   0   4   0   255 255 0   0   6   0   1   0   0   0   
0   0   255 255 1   0   254 255 255 255 1   0   0   0   255 255 255 255 255 255 255 255 253 255 255 255 0   0   255 255 255 255 
0   0   255 255 255 255 2   0   0   0   255 255 1   0   1   0   255 255 0   0   2   0   2   0   0   0   0   0   2   0   3   0   
0   0   1   0   6   0   0   0   0   0   3   0   6   0   3   0   0   0   1   0   8   0   255 255 255 255 6   0   6   0   3   0   
0   0   4   0   11  0   254 255 255 255 13  0   3   0   1   0   0   0   1   0   4   0   255 255 0   0   6   0   1   0   0   0   
0   0   255 255 1   0   254 255 255 255 1   0   0   0   255 255 255 255 255 255 255 255 253 255 255 255 0   0   255 255 255 255 
0   0   255 255 255 255 2   0   0   0   255 255 1   0   1   0   255 255 0   0   2   0   2   0   0   0   0   0   2   0   3   0   
0   0   1   0   6   0   1   0   0   0   3   0   5   0   3   0   0   0   1   0   8   0   0   0   255 255 6   0   5   0   3   0   
0   0   4   0   11  0   254 255 255 255 13  0   3   0   1   0   0   0   1   0   4   0   255 255 0   0   6   0   1   0   0   0   
0   0   255 255 1   0   254 255 255 255 1   0   0   0   255 255 255 255 255 255 255 255 253 255 255 255 0   0   255 255 255 255 
0   0   255 255 255 255 2   0   0   0   255 255 1   0   1   0   255 255 0   0   2   0   2   0   0   0   0   0   2   0   3   0   
0   0   1   0   6   0   1   0   0   0   3   0   5   0   3   0   0   0   1   0   8   0   0   0   255 255 6   0   5   0   3   0   
0   0   4   0   11  0   254 255 255 255 12  0   3   0   0   0   0   0   1   0   4   0   255 255 0   0   5   0   1   0   255 255 
0   0   255 255 1   0   254 255 255 255 1   0   0   0   255 255 255 255 255 255 255 255 253 255 255 255 0   0   255 255 255 255 
0   0   255 255 255 255 2   0   0   0   255 255 1   0   2   0   255 255 0   0   2   0   2   0   0   0   0   0   2   0   3   0   
0   0   1   0   6   0   1   0   0   0   3   0   5   0   3   0   0   0   1   0   8   0   0   0   255 255 6   0   5   0   3   0   
0   0   4   0   11  0   254 255 255 255 12  0   3   0   0   0   0   0   1   0   4   0   255 255 0   0   5   0   1   0   255 255 
0   0   255 255 1   0   254 255 255 255 1   0   0   0   255 255 255 255 255 255 255 255 253 255 255 255 0   0   255 255 255 255 
0   0   255 255 255 255 2   0   0   0   255 255 1   0   2   0   255 255 0   0   2   0   2   0   0   0   0   0   2   0   3   0   
0   0   1   0   6   0   1   0   0   0   3   0   5   0   3   0   0   0   1   0   8   0   0   0   255 255 6   0   6   0   3   0   
0   0   4   0   11  0   254 255 255 255 12  0   3   0   0   0   0   0   1   0   4   0   255 255 0   0   5   0   1   0   255 255 
0   0   255 255 1   0   254 255 255 255 1   0   0   0   255 255 255 255 255 255 255 255 253 255 255 255 0   0   255 255 255 255 
0   0   255 255 255 255 2   0   0   0   255 255 1   0   2   0   255 255 0   0   2   0   2   0   0   0   0   0   2   0   3   0   
0   0   1   0   6   0   1   0   0   0   3   0   5   0   3   0   0   0   1   0   8   0   0   0   255 255 6   0   6   0   3   0   
0   0   4   0   11  0   254 255 255 255 13  0   4   0   1   0   0   0   1   0   4   0   255 255 0   0   6   0   1   0   0   0   
0   0   255 255 1   0   254 255 255 255 1   0   0   0   255 255 255 255 255 255 255 255 253 255 255 255 0   0   255 255 255 255 
0   0   255 255 255 255 2   0   0   0   255 255 1   0   1   0   255 255 0   0   2   0   2   0   0   0   0   0   2   0   3   0   
0   0   1   0   6   0   1   0   0   0   4   0   6   0   3   0   0   0   1   0   8   0   0   0   255 255 6   0   6   0   3   0   
0   0   4   0   11  0   254 255 255 255 13  0   4   0   1   0   0   0   1   0   4   0   255 255 0   0   6   0   1   0   0   0   
0   0   255 255 1   0   254 255 255 255 1   0   0   0   255 255 255 255 255 255 255 255 253 255 255 255 0   0   255 255 255 255 
0   0   255 255 255 255 2   0   0   0   255 255 1   0   1   0   255 255 0   0   2   0   2   0   0   0   0   0   2   0   3   0   
0   0   1   0   6   0   1   0   0   0   4   0   6   0   3   0   0   0   1   0   8   0   255 255 255 255 6   0   6   0   3   0   
0   0   4   0   11  0   254 255 0   0   13  0   5   0   2   0   0   0   1   0   4   0   255 255 0   0   6   0   1   0   0   0   
255 255 255 255 1   0   254 255 255 255 2   0   0   0   255 255 255 255 255 255 255 255 253 255 255 255 0   0   255 255 255 255 
0   0   255 255 255 255 2   0   0   0   255 255 1   0   1   0   255 255 0   0   2   0   2   0   0   0   0   0   2   0   3   0   
0   0   1   0   6   0   1   0   0   0   4   0   6   0   3   0   0   0   1   0   8   0   255 255 255 255 6   0   6   0   3   0   
0   0   4   0   11  0   254 255 255 255 13  0   4   0   1   0   0   0   1   0   4   0   255 255 0   0   6   0   1   0   0   0   
255 255 255 255 1   0   254 255 0   0   2   0   0   0   255 255 255 255 255 255 255 255 253 255 255 255 0   0   255 255 255 255 
0   0   255 255 255 255 2   0   0   0   255 255 1   0   1   0   255 255 0   0   2   0   2   0   255 255 0   0   1   0   3   0   
0   0   1   0   6   0   1   0   0   0   4   0   6   0   3   0   0   0   1   0   8   0   255 255 255 255 6   0   6   0   3   0   
0   0   4   0   12  0   254 255 255 255 13  0   4   0   1   0   0   0   1   0   4   0   255 255 0   0   6   0   1   0   0   0   
255 255 255 255 1   0   254 255 0   0   2   0   0   0   255 255 255 255 255 255 255 255 253 255 255 255 0   0   255 255 255 255 
0   0   255 255 255 255 2   0   0   0   255 255 1   0   1   0   255 255 0   0   2   0   2   0   255 255 0   0   2   0   3   0   
0   0   1   0   6   0   1   0   0   0   4   0   6   0   3   0   0   0   1   0   8   0   255 255 255 255 6   0   6   0   3   0   
0   0   4   0   12  0   254 255 255 255 13  0   4   0   1   0   0   0   1   0   4   0   255 255 0   0   6   0   1   0   0   0   
255 255 255 255 1   0   254 255 0   0   1   0   0   0   255 255 255 255 255 255 255 255 253 255 255 255 0   0   255 255 255 255 
0   0   255 255 255 255 2   0   0   0   255 255 1   0   2   0   255 255 0   0   2   0   2   0   255 255 0   0   2   0   3   0   
0   0   1   0   6   0   1   0   0   0   4   0   6   0   3   0   0   0   1   0   8   0   255 255 255 255 6   0   6   0   3   0   
0   0   4   0   11  0   254 255 255 255 13  0   4   0   1   0   0   0   1   0   3   0   255 255 0   0   6   0   1   0   0   0   
255 255 255 255 1   0   254 255 0   0   1   0   0   0   255 255 255 255 255 255 255 255 253 255 255 255 0   0   255 255 255 255 
0   0   255 255 255 255 3   0   0   0   255 255 1   0   2   0   255 255 0   0   2   0   1   0   255 255 0   0   2   0   3   0   
0   0   1   0   6   0   1   0   0   0   4   0   6   0   3   0   0   0   1   0   8   0   255 255 255 255 6   0   6   0   3   0   
0   0   4   0   11  0   254 255 255 255 13  0   4   0   1   0   0   0   1   0   4   0   255 255 0   0   6   0   1   0   0   0   
255 255 255 255 1   0   254 255 0   0   1   0   0   0   255 255 255 255 255 255 255 255 254 255 0   0   0   0   255 255 255 255 
0   0   255 255 255 255 2   0   0   0   255 255 1   0   2   0   255 255 0   0   2   0   2   0   255 255 0   0   2   0   3   0   
0   0   1   0   6   0   1   0   0   0   4   0   6   0   4   0   255 255 1   0   7   0   255 255 255 255 6   0   6   0   3   0   
0   0   4   0   11  0   254 255 255 255 13  0   4   0   1   0   0   0   1   0   4   0   255 255 0   0   6   0   1   0   0   0   
255 255 255 255 1   0   254 255 255 255 1   0   0   0   255 255 255 255 255 255 255 255 254 255 255 255 0   0   255 255 255 255 
0   0   255 255 255 255 2   0   0   0   255 255 1   0   2   0   255 255 0   0   2   0   2   0   255 255 0   0   1   0   3   0   
0   0   1   0   6   0   1   0   0   0   4   0   6   0   3   0   255 255 1   0   8   0   0   0   255 255 6   0   5   0   3   0   
0   0   4   0   11  0   254 255 255 255 13  0   3   0   1   0   0   0   1   0   4   0   255 255 255 255 6   0   1   0   255 255 
255 255 255 255 1   0   254 255 255 255 1   0   0   0   255 255 255 255 255 255 255 255 254 255 255 255 0   0   255 255 255 255 
0   0   255 255 255 255 2   0   0   0   255 255 1   0   2   0   255 255 0   0   2   0   2   0   255 255 0   0   2   0   3   0   
0   0   1   0   6   0   1   0   0   0   4   0   6   0   3   0   255 255 1   0   8   0   0   0   255 255 6   0   5   0   3   0   
0   0   4   0   11  0   254 255 255 255 13  0   3   0   1   0   0   0   1   0   4   0   255 255 255 255 6   0   1   0   255 255 
255 255 255 255 1   0   254 255 255 255 1   0   0   0   255 255 255 255 255 255 255 255 254 255 255 255 0   0   255 255 255 255 
0   0   255 255 255 255 2   0   255 255 255 255 1   0   1   0   255 255 0   0   2   0   2   0   255 255 0   0   2   0   3   0   
0   0   1   0   6   0   1   0   0   0   4   0   6   0   3   0   255 255 1   0   8   0   255 255 255 255 6   0   5   0   2   0   
0   