0   0   0   0   1   0   1   0   1   0   0   0   1   0   1   0   1   0   0   0   1   0   1   0   0   0   0   0   1   0   0   0   
0   0   0   0   1   0   1   0   0   0   0   0   1   0   1   0   0   0   0   0   1   0   0   0   0   0   1   0   0   0   0   0   
0   0   0   0   1   0   1   0   0   0   0   0   0   0   0   0   0   0   0   0   0   0   1   0   0   0   0   0   1   0   1   0   
0   0   1   0   1   0   1   0   0   0   0   0   1   0   1   0   0   0   0   0   0   0   1   0   0   0   0   0   1   0   1   0   
0   0   0   0   1   0   1   0   1   0   0   0   1   0   1   0   1   0   0   0   1   0   1   0   0   0   0   0   1   0   0   0   
0   0   0   0   1   0   1   0   0   0   0   0   1   0   1   0   0   0   0   0   1   0   0   0   0   0   1   0   0   0   0   0   
0   0   0   0   1   0   1   0   0   0   0   0   0   0   0   0   0   0   0   0   0   0   1   0   0   0   0   0   0   0   1   0   
0   0   1   0   1   0   1   0   0   0   0   0   1   0   1   0   0   0   0   0   0   0   1   0   0   0   0   0   1   0   1   0   
0   0   0   0   1   0   1   0   1   0   0   0   1   0   1   0   1   0   0   0   1   0   1   0   0   0   0   0   1   0   1   0   
0   0   0   0   1   0   1   0   0   0   0   0   1   0   1   0   0   0   0   0   1   0   0   0   0   0   1   0   0   0   0   0   
0   0   0   0   1   0   1   0   0   0   0   0   0   0   0   0   0   0   0   0   0   0   1   0   0   0   0   0   0   0   1   0   
0   0   1   0   1   0   0   0   0   0   0   0   1   0   1   0   0   0   0   0   0   0   1   0   0   0   0   0   1   0   1   0   
0   0   0   0   1   0   1   0   1   0   0   0   1   0   1   0   1   0   0   0   1   0   1   0   0   0   0   0   1   0   1   0   
0   0   0   0   1   0   1   0   0   0   0   0   1   0   1   0   0   0   0   0   1   0   0   0   0   0   1   0   0   0   0   0   
0   0   0   0   1   0   1   0   0   0   0   0   0   0   0   0   0   0   0   0   0   0   1   0   0   0   0   0   0   0   1   0   
0   0   1   0   1   0   0   0   0   0   0   0   1   0   1   0   0   0   0   0   0   0   1   0   0   0   0   0   1   0   2   0   
0   0   0   0   1   0   1   0   1   0   0   0   1   0   1   0   1   0   0   0   1   0   1   0   0   0   0   0   1   0   1   0   
0   0   0   0   1   0   1   0   0   0   0   0   1   0   1   0   0   0   0   0   1   0   0   0   0   0   1   0   0   0   0   0   
0   0   0   0   1   0   1   0   0   0   0   0   0   0   0   0   0   0   0   0   0   0   1   0   0   0   0   0   0   0   1   0   
0   0   1   0   1   0   0   0   0   0   0   0   1   0   1   0   0   0   0   0   0   0   1   0   0   0   0   0   1   0   2   0   
0   0   0   0   1   0   1   0   1   0   0   0   1   0   1   0   1   0   0   0   1   0   0   0   0   0   0   0   1   0   1   0   
0   0   0   0   1   0   1   0   0   0   0   0   1   0   1   0   0   0   0   0   1   0   0   0   0   0   0   0   0   0   0   0   
0   0   0   0   1   0   1   0   0   0   0   0   0   0   0   0   0   0   0   0   0   0   1   0   0   0   0   0   0   0   0   0   
0   0   1   0   0   0   0   0   0   0   0   0   1   0   1   0   0   0   0   0   0   0   1   0   0   0   0   0   1   0   3   0   
0   0   0   0   1   0   1   0   1   0   0   0   1   0   2   0   1   0   0   0   1   0   0   0   0   0   0   0   1   0   1   0   
0   0   0   0   1   0   1   0   0   0   0   0   1   0   1   0   0   0   0   0   1   0   0   0   0   0   0   0   0   0   0   0   
0   0   0   0   1   0   1   0   0   0   0   0   0   0   0   0   0   0   0   0   0   0   1   0   0   0   0   0   0   0   0   0   
0   0   1   0   0   0   0   0   0   0   0   0   1   0   1   0   0   0   0   0   0   0   2   0   0   0   0   0   1   0   3   0   
0   0   0   0   1   0   1   0   1   0   0   0   1   0   2   0   1   0   0   0   1   0   0   0   0   0   0   0   1   0   1   0   
0   0   0   0   1   0   1   0   0   0   0   0   1   0   1   0   0   0   0   0   1   0   0   0   0   0   0   0   0   0   0   0   
0   0   0   0   1   0   1   0   1   0   0   0   0   0   0   0   0   0   0   0   0   0   1   0   0   0   0   0   0   0   0   0   
0   0   0   0   0   0   0   0   0   0   0   0   1   0   1   0   0   0   0   0   0   0   2   0   0   0   0   0   1   0   4   0   
0   0   0   0   1   0   1   0   1   0   0   0   1   0   2   0   1   0   0   0   0   0   0   0   0   0   0   0   1   0   1   0   
0   0   0   0   1   0   1   0   0   0   0   0   1   0   1   0   0   0   0   0   1   0   0   0   0   0   0   0   0   0   0   0   
0   0   0   0   1   0   0   0   1   0   0   0   0   0   0   0   0   0   0   0   0   0   1   0   0   0   0   0   0   0   0   0   
0   0   0   0   0   0   0   0   0   0   0   0   1   0   2   0   0   0   0   0   0   0   3   0   0   0   0   0   1   0   5   0   
0   0   0   0   1   0   2   0   1   0   0   0   1   0   3   0   0   0   0   0   0   0   1   0   0   0   0   0   1   0   1   0   
0   0   0   0   1   0   1   0   0   0   0   0   1   0   1   0   0   0   0   0   1   0   0   0   0   0   0   0   0   0   0   0   
0   0   0   0   1   0   0   0   1   0   0   0   0   0   0   0   0   0   0   0   0   0   1   0   255 255 0   0   0   0   0   0   
0   0   0   0   0   0   1   0   0   0   0   0   1   0   2   0   0   0   0   0   0   0   3   0   0   0   0   0   1   0   5   0   
0   0   0   0   1   0   2   0   1   0   0   0   1   0   3   0   0   0   0   0   0   0   1   0   0   0   0   0   1   0   1   0   
0   0   1   0   1   0   1   0   0   0   0   0   1   0   1   0   0   0   0   0   1   0   0   0   0   0   0   0   255 255 0   0   
0   0   0   0   1   0   0   0   0   0   0   0   0   0   0   0   0   0   0   0   0   0   1   0   0   0   0   0   0   0   0   0   
0   0   0   0   0   0   1   0   0   0   0   0   1   0   1   0   0   0   0   0   0   0   3   0   0   0   0   0   2   0   6   0   
0   0   0   0   1   0   2   0   1   0   0   0   2   0   3   0   0   0   0   0   0   0   1   0   0   0   0   0   1   0   1   0   
0   0   1   0   1   0   1   0   0   0   0   0   1   0   1   0   0   0   0   0   1   0   0   0   0   0   0   0   0   0   0   0   
0   0   0   0   1   0   0   0   0   0   0   0   0   0   0   0   0   0   0   0   0   0   1   0   0   0   0   0   0   0   0   0   
0   0   0   0   0   0   1   0   0   0   0   0   0   0   1   0   0   0   0   0   0   0   4   0   0   0   0   0   2   0   6   0   
0   0   0   0   1   0   2   0   0   0   0   0   2   0   3   0   0   0   0   0   0   0   1   0   0   0   0   0   1   0   2   0   
0   0   1   0   1   0   1   0   0   0   0   0   1   0   1   0   0   0   0   0   1   0   0   0   0   0   0   0   0   0   0   0   
0   0   0   0   1   0   0   0   0   0   0   0   0   0   0   0   0   0   0   0   0   0   0   0   0   0   0   0   0   0   0   0   
0   0   0   0   0   0   0   0   0   0   0   0   0   0   1   0   0   0   0   0   0   0   4   0   0   0   0   0   2   0   6   0   
0   0   0   0   1   0   2   0   0   0   0   0   2   0   4   0   0   0   0   0   1   0   2   0   0   0   0   0   1   0   2   0   
0   0   0   0   1   0   1   0   0   0   0   0   1   0   1   0   0   0   0   0   1   0   0   0   0   0   0   0   0   0   0   0   
0   0   0   0   1   0   0   0   0   0   0   0   0   0   0   0   0   0   0   0   0   0   0   0   255 255 0   0   0   0   0   0   
0   0   0   0   0   0   0   0   0   0   0   0   1   0   1   0   0   0   0   0   0   0   4   0   0   0   0   0   2   0   7   0   
0   0   0   0   1   0   2   0   0   0   0   0   2   0   5   0   0   0   0   0   1   0   2   0   0   0   0   0   1   0   2   0   
0   0   0   0   1   0   1   0   0   0   0   0   1   0   1   0   0   0   0   0   1   0   0   0   1   0   0   0   0   0   0   0   
0   0   0   0   1   0   0   0   0   0   0   0   0   0   0   0   0   0   0   0   0   0   0   0   255 255 0   0   0   0   0   0   
0   0   0   0   0   0   0   0   0   0   0   0   1   0   1   0   0   0   0   0   0   0   4   0   0   0   0   0   2   0   6   0   
0   0   0   0   1   0   3   0   0   0   0   0   2   0   5   0   0   0   0   0   1   0   2   0   0   0   0   0   1   0   2   0   
0   0   0   0   1   0   0   0   0   0   0   0   1   0   1   0   0   0   0   0   1   0   0   0   0   0   0   0   0   0   0   0   
0   0   0   0   1   0   0   0   0   0   0   0   0   0   0   0   0   0   0   0   0   0   0   0   255 255 0   0   0   0   0   0   
0   0   0   0   0   0   0   0   0   0   0   0   1   0   1   0   0   0   0   0   0   0   4   0   0   0   0   0   2   0   6   0   
0   0   0   0   1   0   3   0   0   0   0   0   2   0   5   0   0   0   0   0   1   0   2   0   0   0   0   0   1   0   2   0   
0   0   0   0   1   0   0   0   0   0   0   0   1   0   1   0   0   0   0   0   1   0   0   0   0   0   0   0   0   0   0   0   
0   0   0   0   1   0   0   0   0   0   0   0   0   0   0   0   0   0   0   0   0   0   1   0   1   0   0   0   0   0   0   0   
0   0   0   0   0   0   0   0   0   0   0   0   1   0   1   0   0   0   0   0   0   0   4   0   0   0   0   0   2   0   7   0   
0   0   0   0   1   0   3   0   0   0   0   0   2   0   5   0   0   0   0   0   1   0   2   0   0   0   0   0   1   0   2   0   
0   0   0   0   1   0   0   0   0   0   0   0   1   0   1   0   0   0   0   0   1   0   0   0   0   0   0   0   0   0   0   0   
0   0   0   0   1   0   0   0   0   0   0   0   0   0   0   0   0   0   0   0   0   0   1   0   1   0   0   0   0   0   0   0   
0   0   0   0   0   0   1   0   0   0   0   0   1   0   1   0   0   0   0   0   0   0   4   0   0   0   0   0   2   0   8   0   
0   0   0   0   1   0   3   0   0   0   0   0   2   0   5   0   0   0   0   0   1   0   2   0   0   0   0   0   1   0   2   0   
0   0   0   0   1   0   0   0   0   0   0   0   1   0   1   0   0   0   0   0   1   0   0   0   0   0   0   0   0   0   0   0   
0   0   0   0   1   0   0   0   0   0   0   0   0   0   0   0   0   0   0   0   0   0   1   0   0   0   0   0   0   0   0   0   
0   0   0   0   0   0   1   0   0   0   0   0   1   0   1   0   0   0   0   0   0   0   3   0   0   0   0   0   2   0   8   0   
0   0   0   0   1   0   3   0   0   0   0   0   3   0   5   0   0   0   0   0   1   0   2   0   0   0   0   0   1   0   3   0   
0   0   0   0   1   0   0   0   0   0   0   0   1   0   0   0   0   0   0   0   0   0   0   0   0   0   0   0   0   0   0   0   
0   0   0   0   1   0   0   0   0   0   0   0   0   0   0   0   0   0   0   0   0   0   1   0   0   0   0   0   0   0   0   0   
0   0   0   0   0   0   0   0   0   0   0   0   1   0   1   0   0   0   0   0   0   0   4   0   0   0   0   0   2   0   8   0   
0   0   0   0   1   0   3   0   0   0   0   0   3   0   5   0   0   0   0   0   1   0   2   0   0   0   0   0   1   0   3   0   
0   0   0   0   1   0   0   0   0   0   0   0   1   0   0   0   0   0   0   0   0   0   0   0   0   0   0   0   0   0   0   0   
0   0   0   0   1   0   0   0   0   0   0   0   0   0   0   0   0   0   0   0   0   0   1   0   0   0   0   0   0   0   0   0   
0   0   0   0   0   0   0   0   0   0   0   0   1   0   1   0   0   0   0   0   0   0   4   0   0   0   0   0   2   0   8   0   
0   0   0   0   1   0   3   0   0   0   0   0   3   0   5   0   0   0   0   0   1   0   2   0   0   0   0   0   2   0   3   0   
0   0   0   0   1   0   0   0   0   0   0   0   1   0   0   0   0   0   0   0   0   0   0   0   0   0   0   0   0   0   0   0   
0   0   0   0   1   0   0   0   0   0   0   0   0   0   0   0   0   0   0   0   0   0   0   0   0   0   0   0   0   0   0   0   
0   0   0   0   0   0   0   0   0   0   0   0   1   0   1   0   0   0   0   0   0   0   3   0   0   0   0   0   3   0   10  0   
0   0   0   0   1   0   3   0   0   0   0   0   3   0   6   0   0   0   0   0   1   0   2   0   0   0   0   0   2   0   3   0   
0   0   0   0   1   0   0   0   0   0   0   0   1   0   0   0   0   0   0   0   0   0   0   0   0   0   0   0   0   0   0   0   
0   0   0   0   1   0   0   0   0   0   0   0   0   0   0   0   0   0   0   0   0   0   0   0   0   0   0   0   0   0   0   0   
0   0   0   0   0   0   0   0   0   0   0   0   1   0   2   0   0   0   0   0   0   0   3   0   0   0   0   0   4   0   15  0   
0   0   0   0   1   0   4   0   0   0   0   0   4   0   7   0   0   0   0   0   1   0   2   0   0   0   0   0   2   0   3   0   
0   0   0   0   1   0   0   0   0   0   0   0   1   0   1   0   0   0   0   0   0   0   0   0   0   0   0   0   0   0   0   0   
0   0   0   0   1   0   0   0   0   0   0   0   0   0   0   0   0   0   0   0   0   0   0   0   0   0   0   0   0   0   0   0   
0   0   0   0   0   0   0   0   0   0   0   0   1   0   2   0   0   0   0   0   0   0   3   0   0   0   0   0   4   0   16  0   
0   0   0   0   1   0   4   0   0   0   0   0   4   0   7   0   0   0   0   0   1   0   2   0   1   0   0   0   2   0   4   0   
0   0   0   0   0   0   0   0   0   0   0   0   1   0   1   0   0   0   0   0   0   0   0   0   0   0   0   0   0   0   1   0   
0   0   0   0   1   0   0   0   0   0   0   0   0   0   0   0   0   0   0   0   0   0   0   0   0   0   0   0   0   0   0   0   
0   0   0   0   0   0   0   0   0   0   0   0   1   0   2   0   0   0   0   0   0   0   3   0   0   0   0   0   4   0   16  0   
0   0   0   0   1   0   3   0   0   0   0   0   4   0   7   0   0   0   0   0   1   0   2   0   1   0   0   0   2   0   4   0   
0   0   0   0   0   0   0   0   0   0   0   0   1   0   1   0   0   0   0   0   0   0   0   0   0   0   0   0   0   0   1   0   
0   0   0   0   1   0   0   0   0   0   0   0   0   0   0   0   0   0   0   0   0   0   0   0   0   0   0   0   0   0   0   0   
0   0   1   0   0   0   1   0   0   0   0   0   1   0   2   0   0   0   0   0   0   0   3   0   0   0   0   0   4   0   17  0   
0   0   0   0   1   0   3   0   0   0   0   0   4   0   7   0   0   0   0   0   1   0   2   0   1   0   0   0   2   0   3   0   
0   0   0   0   0   0   0   0   0   0   0   0   1   0   1   0   0   0   0   0   0   0   0   0   0   0   0   0   0   0   1   0   
0   0   0   0   1   0   0   0   0   0   0   0   0   0   0   0   0   0   0   0   0   0   0   0   0   0   0   0   0   0   0   0   
0   0   1   0   0   0   1   0   0   0   0   0   1   0   2   0   0   0   0   0   0   0   3   0   0   0   0   0   4   0   17  0   
0   0   0   0   1   0   3   0   0   0   0   0   4   0   7   0   0   0   0   0   1   0   1   0   1   0   0   0   2   0   3   0   
0   0   0   0   1   0   0   0   0   0   0   0   1   0   1   0   0   0   0   0   0   0   0   0   0   0   0   0   0   0   1   0   
0   0   0   0   1   0   0   0   0   0   0   0   0   0   0   0   0   0   0   0   0   0   0   0   0   0   0   0   0   0   0   0   
0   0   1   0   0   0   0   0   0   0   0   0   1   0   2   0   0   0   0   0   0   0   3   0   0   0   255 255 4   0   17  0   
0   0   0   0   1   0   3   0   0   0   0   0   4   0   7   0   0   0   0   0   1   0   1   0   1   0   0   0   2   0   3   0   
0   0   0   0   1   0   0   0   0   0   0   0   1   0   0   0   0   0   0   0   0   0   0   0   0   0   0   0   0   0   1   0   
0   0   0   0   1   0   0   0   0   0   0   0   0   0   0   0   0   0   0   0   0   0   0   0   0   0   0   0   0   0   0   0   
0   0   1   0   0   0   0   0   0   0   0   0   1   0   2   0   0   0   0   0   0   0   3   0   0   0   255 255 4   0   17  0   
0   0   0   0   1   0   3   0   0   0   0   0   4   0   7   0   0   0   0   0   1   0   1   0   1   0   0   0   2   0   3   0   
0   0   0   0   1   0   0   0   0   0   0   0   1   0   1   0   0   0   0   0   0   0   0   0   0   0   0   0   0   0   1   0   
0   0   0   0   1   0   0   0   0   0   0   0   0   0   0   0   0   0   0   0   0   0   0   0   0   0   0   0   0   0   0   0   
0   0   1   0   0   0   0   0   0   0   0   0   0   0   1   0   0   0   0   0   0   0   3   0   0   0   255 255 4   0   18  0   
0   0   0   0   1   0   3   0   0   0   0   0   5   0   8   0   0   0   0   0   1   0   2   0   1   0   0   0   2   0   4   0   
0   0   0   0   1   0   0   0   0   0   0   0   1   0   1   0   0   0   0   0   0   0   0   0   0   0   0   0   0   0   1   0   
0   0   0   0   1   0   0   0   0   0   0   0   0   0   0   0   0   0   0   0   0   0   0   0   0   0   0   0   0   0   0   0   
0   0   1   0   0   0   0   0   0   0   0   0   0   0   2   0   0   0   0   0   0   0   3   0   0   0   255 255 4   0   18  0   
0   0   0   0   1   0   3   0   0   0   0   0   5   0   8   0   0   0   0   0   1   0   1   0   1   0   0   0   2   0   4   0   
0   0   0   0   1   0   0   0   0   0   0   0   1   0   1   0   0   0   0   0   0   0   0   0   0   0   0   0   0   0   1   0   
0   0   0   0   1   0   0   0   0   0   0   0   0   0   0   0   0   0   0   0   0   0   0   0   0   0   0   0   0   0   0   0   
0   0   0   0   0   0   0   0   0   0   0   0   0   0   2   0   0   0   0   0   0   0   3   0   0   0   255 255 4   0   18  0   
0   0   0   0   1   0   3   0   0   0   0   0   5   0   8   0   0   0   0   0   1   0   1   0   1   0   0   0   2   0   4   0   
0   0   0   0   1   0   0   0   0   0   0   0   1   0   1   0   0   0   0   0   0   0   0   0   0   0   0   0   0   0   1   0   
255 255 0   0   0   0   0   0   0   0   0   0   0   0   0   0   0   0   0   0   0   0   0   0   0   0   0   0   0   0   0   0   
0   0   0   0   0   0   0   0   0   0   0   0   0   0   2   0   0   0   255 255 0   0   2   0   0   0   255 255 4   0   18  0   
0   0   0   0   1   0   2   0   0   0   0   0   6   0   8   0   0   0   0   0   1   0   1   0   1   0   0   0   3   0   4   0   
0   0   0   0   1   0   0   0   0   0   0   0   1   0   1   0   0   0   0   0   0   0   0   0   0   0   0   0   0   0   1   0   
255 255 0   0   0   0   0   0   0   0   0   0   0   0   0   0   0   0   0   0   0   0   0   0   0   0   0   0   0   0   0   0   
0   0   0   0   0   0   255 255 0   0   0   0   0   0   2   0   0   0   255 255 0   0   2   0   0   0   255 255 4   0   18  0   
0   0   0   0   1   0   2   0   0   0   0   0   6   0   8   0   0   0   0   0   1   0   1   0   1   0   0   0   3   0   4   0   
0   0   0   0   1   0   0   0   0   0   0   0   1   0   1   0   0   0   0   0   0   0   0   0   0   0   0   0   0   0   0   0   
255 255 0   0   0   0   0   0   0   0   0   0   0   0   0   0   0   0   0   0   0   0   0   0   0   0   0   0   0   0   0   0   
0   0   0   0   0   0   0   0   0   0   0   0   1   0   3   0   0   0   255 255 0   0   2   0   0   0   255 255 4   0   17  0   
0   0   0   0   1   0   2   0   0   0   0   0   6   0   8   0   0   0   0   0   1   0   1   0   1   0   0   0   2   0   3   0   
0   0   0   0   1   0   0   0   0   0   0   0   1   0   1   0   0   0   0   0   0   0   0   0   0   0   0   0   0   0   1   0   
255 255 0   0   0   0   0   0   0   0   0   0   0   0   0   0   0   0   0   0   0   0   0   0   0   0   0   0   0   0   0   0   
0   0   0   0   0   0   0   0   0   0   0   0   1   0   3   0   0   0   255 255 0   0   2   0   0   0   255 255 4   0   18  0   
0   0   0   0   2   0   2   0   0   0   0   0   6   0   8   0   0   0   0   0   1   0   1   0   0   0   0   0   2   0   3   0   
0   0   0   0   1   0   0   0   0   0   0   0   1   0   1   0   0   0   0   0   0   0   0   0   0   0   0   0   0   0   1   0   
0   0   0   0   1   0   0   0   0   0   0   0   0   0   0   0   0   0   0   0   0   0   0   0   0   0   0   0   0   0   0   0   
0   0   0   0   0   0   0   0   0   0   0   0   1   0   2   0   0   0   255 255 0   0   2   0   0   0   255 255 4   0   18  0   
0   0   0   0   2   0   2   0   0   0   0   0   6   0   8   0   0   0   0   0   1   0   1   0   0   0   0   0   2   0   3   0   
0   0   0   0   1   0   0   0   0   0   0   0   1   0   1   0   0   0   0   0   0   0   0   0   0   0   0   0   0   0   1   0   
0   0   0   0   1   0   0   0   0   0   0   0   0   0   0   0   0   0   0   0   0   0   0   0   0   0   0   0   0   0   0   0   
0   0   0   0   0   0   255 255 0   0   0   0   0   0   1   0   0   0   255 255 0   0   2   0   0   0   255 255 4   0   17  0   
0   0   0   0   2   0   2   0   0   0   0   0   6   0   8   0   0   0   0   0   1   0   1   0   0   0   0   0   3   0   4   0   
0   0   0   0   1   0   0   0   0   0   0   0   1   0   1   0   0   0   0   0   0   0   0   0   0   0   0   0   0   0   0   0   
0   0   0   0   1   0   0   0   0   0   0   0   0   0   0   0   0   0   0   0   0   0   0   0   0   0   0   0   0   0   0   0   
0   0   0   0   0   0   255 255 0   0   0   0   1   0   2   0   0   0   255 255 0   0   2   0   0   0   255 255 5   0   17  0   
0   0   0   0   2   0   2   0   0   0   0   0   6   0   8   0   0   0   0   0   1   0   1   0   0   0   0   0   3   0   3   0   
0   0   0   0   1   0   0   0   0   0   0   0   1   0   1   0   0   0   0   0   0   0   0   0   0   0   0   0   0   0   0   0   
0   0   0   0   1   0   0   0   0   0   0   0   0   0   0   0   0   0   0   0   0   0   0   0   0   0   0   0   0   0   0   0   
0   0   0   0   0   0   255 255 0   0   0   0   1   0   2   0   0   0   255 255 0   0   1   0   0   0   255 255 5   0   17  0   
0   0   0   0   2   0   2   0   0   0   0   0   6   0   8   0   0   0   0   0   1   0   1   0   0   0   0   0   3   0   3   0   
0   0   0   0   1   0   0   0   0   0   0   0   2   0   1   0   0   0   0   0   1   0   1   0   0   0   0   0   0   0   1   0   
0   0   0   0   1   0   0   0   0   0   0   0   0   0   0   0   0   0   0   0   0   0   0   0   0   0   0   0   0   0   0   0   
0   0   0   0   0   0   255 255 0   0   0   0   1   0   2   0   0   0   255 255 0   0   1   0   0   0   255 255 5   0   18  0   
0   0   0   0   2   0   2   0   0   0   0   0   6   0   7   0   0   0   0   0   1   0   1   0   0   0   0   0   3   0   4   0   
0   0   0   0   1   0   0   0   0   0   0   0   2   0   1   0   0   0   0   0   1   0   1   0   0   0   0   0   0   0   1   0   
0   0   0   0   1   0   0   0   0   0   0   0   0   0   1   0   0   0   0   0   0   0   0   0   0   0   0   0   0   0   0   0   
0   0   0   0   0   0   255 255 0   0   0   0   0   0   2   0   0   0   255 255 0   0   1   0   0   0   255 255 5   0   18  0   
0   0   0   0   2   0   2   0   0   0   0   0   6   0   7   0   0   0   0   0   1   0   1   0   0   0   0   0   3   0   4   0   
0   0   0   0   1   0   0   0   0   0   0   0   2   0   1   0   0   0   0   0   1   0   1   0   0   0   0   0   0   0   1   0   
0   0   0   0   1   0   0   0   0   0   0   0   0   0   1   0   0   0   0   0   0   0   0   0   0   0   0   0   0   0   0   0   
0   0   0   0   0   0   255 255 0   0   0   0   0   0   2   0   0   0   255 255 0   0   2   0   0   0   255 255 5   0   18  0   
0   0   0   0   2   0   2   0   0   0   0   0   6   0   8   0   0   0   0   0   1   0   1   0   0   0   0   0   3   0   4   0   
0   0   0   0   1   0   0   0   0   0   0   0   1   0   1   0   0   0   0   0   0   0   0   0   0   0   0   0   0   0   1   0   
0   0   0   0   1   0   0   0   0   0   0   0   0   0   1   0   0   0   0   0   0   0   0   0   0   0   0   0   0   0   0   0   
0   0   0   0   0   0   255 255 0   0   0   0   0   0   2   0   0   0   255 255 0   0   1   0   0   0   255 255 5   0   18  0   
0   0   0   0   2   0   2   0   0   0   0   0   6   0   8   0   0   0   0   0   1   0   1   0   0   0   0   0   3   0   4   0   
0   0   0   0   1   0   0   0   0   0   0   0   1   0   1   0   0   0   0   0   0   0   0   0   0   0   0   0   0   0   1   0   
0   0   0   0   1   0   0   0   0   0   0   0   0   0   1   0   0   0   0   0   0   0   0   0   0   0   0   0   0   0   0   0   
0   0   0   0   0   0   255 255 0   0   0   0   0   0   2   0   0   0   255 255 0   0   1   0   0   0   255 255 5   0   18  0   
0   0   0   0   2   0   2   0   0   0   0   0   6   0   8   0   0   0   0   0   1   0   2   0   0   0   0   0   3   0   4   0   
0   0   0   0   1   0   0   0   0   0   0   0   1   0   1   0   0   0   0   0   0   0   0   0   0   0   0   0   0   0   1   0   
0   0   0   0   1   0   0   0   0   0   0   0   0   0   1   0   0   0   0   0   0   0   0   0   0   0   0   0   0   0   0   0   
0   0   0   0   0   0   255 255 0   0   0   0   0   0   2   0   0   0   255 255 0   0   1   0   0   0   255 255 5   0   18  0   
0   0   0   0   2   0   2   0   0   0   0   0   6   0   8   0   0   0   0   0   1   0   2   0   0   0   0   0   3   0   4   0   
0   0   0   0   1   0   0   0   0   0   0   0   1   0   1   0   0   0   0   0   0   0   0   0   0   0   0   0   0   0   1   0   
0   0   0   0   0   0   255 255 0   0   0   0   0   0   1   0   0   0   0   0   0   0   0   0   0   0   0   0   0   0   0   0   
0   0   0   0   0   0   255 255 0   0   0   0   0   0   2   0   0   0   255 255 0   0   2   0   0   0   255 255 5   0   18  0   
0   0   0   0   2   0   2   0   0   0   0   0   7   0   8   0   0   0   0   0   1   0   2   0   0   0   0   0   3   0   4   0   
0   0   0   0   1   0   0   0   0   0   0   0   1   0   0   0   0   0   0   0   0   0   0   0   0   0   0   0   0   0   1   0   
0   0   0   0   0   0   0   0   0   0   0   0   0   0   1   0   0   0   0   0   0   0   0   0   255 255 0   0   0   0   0   0   
0   0   0   0   0   0   255 255 0   0   0   0   0   0   2   0   0   0   255 255 0   0   2   0   0   0   255 255 5   0   17  0   
0   0   0   0   2   0   1   0   0   0   0   0   7   0   8   0   0   0   0   0   1   0   1   0   0   0   0   0   3   0   4   0   
0   0   0   0   1   0   0   0   0   0   0   0   1   0   1   0   0   0   0   0   0   0   0   0   0   0   0   0   0   0   1   0   
0   0   0   0   0   0   0   0   0   0   0   0   0   0   1   0   0   0   0   0   0   0   0   0   255 255 0   0   0   0   0   0   
0   0   0   0   0   0   255 255 0   0   0   0   0   0   1   0   0   0   255 255 0   0   2   0   0   0   255 255 5   0   18  0   
0   0   0   0   2   0   1   0   1   0   0   0   7   0   8   0   0   0   0   0   1   0   1   0   0   0   0   0   3   0   4   0   
0   0   0   0   1   0   0   0   0   0   0   0   1   0   1   0   0   0   0   0   0   0   0   0   0   0   0   0   0   0   1   0   
0   0   0   0   0   0   0   0   0   0   0   0   0   0   1   0   0   0   0   0   0   0   0   0   255 255 0   0   0   0   0   0   
0   0   0   0   0   0   255 255 0   0   0   0   0   0   1   0   0   0   255 255 0   0   2   0   0   0   255 255 5   0   18  0   
0   0   0   0   2   0   1   0   1   0   0   0   7   0   8   0   0   0   0   0   1   0   1   0   0   0   0   0   3   0   4   0   
0   0   0   0   1   0   0   0   0   0   0   0   1   0   1   0   0   0   0   0   0   0   0   0   255 255 0   0   0   0   0   0   
0   0   0   0   0   0   0   0   0   0   0   0   0   0   1   0   0   0   0   0   0   0   0   0   255 255 0   0   0   0   0   0   
0   0   0   0   0   0   255 255 0   0   0   0   0   0   1   0   0   0   255 255 0   0   2   0   255 255 255 255 5   0   17  0   
0   0   0   0   2   0   2   0   1   0   0   0   7   0   8   0   0   0   0   0   1   0   1   0   0   0   0   0   3   0   4   0   
0   0   0   0   1   0   0   0   0   0   0   0   1   0   1   0   0   0   0   0   0   0   0   0   0   0   0   0   0   0   1   0   
0   0   0   0   0   0   0   0   0   0   0   0   0   0   1   0   0   0   255 255 0   0   0   0   0   0   0   0   0   0   0   0   
0   0   0   0   0   0   255 255 0   0   0   0   0   0   2   0   0   0   255 255 0   0   2   0   255 255 255 255 5   0   17  0   
0   0   0   0   2   0   2   0   1   0   0   0   7   0   8   0   0   0   0   0   1   0   1   0   0   0   0   0   3   0   4   0   
0   0   0   0   1   0   0   0   0   0   0   0   1   0   1   0   0   0   0   0   1   0   0   0   0   0   0   0   0   0   1   0   
0   0   0   0   0   0   0   0   0   0   0   0   0   0   1   0   0   0   255 255 0   0   0   0   0   0   0   0   0   0   0   0   
0   0   0   0   255 255 254 255 0   0   0   0   0   0   2   0   0   0   255 255 0   0   2   0   255 255 255 255 5   0   17  0   
0   0   0   0   2   0   2   0   1   0   0   0   7   0   8   0   0   0   0   0   1   0   1   0   0   0   0   0   3   0   4   0   
0   0   0   0   1   0   0   0   0   0   0   0   1   0   1   0   0   0   0   0   1   0   0   0   0   0   0   0   255 255 0   0   
0   0   0   0   0   0   0   0   0   0   0   0   0   0   1   0   0   0   255 255 0   0   0   0   0   0   0   0   0   0   0   0   
0   0   0   0   255 255 254 255 0   0   0   0   0   0   2   0   0   0   255 255 0   0   2   0   255 255 255 255 5   0   17  0   
0   0   0   0   2   0   2   0   1   0   0   0   7   0   9   0   0   0   0   0   1   0   1   0   0   0   0   0   3   0   4   0   
0   0   0   0   1   0   0   0   0   0   0   0   1   0   1   0   0   0   0   0   1   0   0   0   0   0   0   0   255 255 0   0   
0   0   0   0   0   0   0   0   0   0   0   0   0   0   1   0   0   0   0   0   0   0   0   0   0   0   0   0   0   0   0   0   
0   0   0   0   255 255 254 255 0   0   0   0   0   0   2   0   0   0   255 255 0   0   2   0   255 255 255 255 4   0   18  0   
0   0   0   0   2   0   2   0   0   0   0   0   7   0   9   0   0   0   0   0   1   0   1   0   0   0   0   0   3   0   4   0   
0   0   0   0   0   0   0   0   0   0   0   0   1   0   1   0   0   0   0   0   0   0   0   0   0   0   0   0   255 255 0   0   
0   0   0   0   0   0   0   0   0   0   0   0   0   0   1   0   0   0   0   0   0   0   0   0   0   0   0   0   0   0   0   0   
0   0   0   0   255 255 254 255 0   0   0   0   0   0   2   0   0   0   255 255 0   0   2   0   255 255 255 255 5   0   18  0   
0   0   0   0   2   0   2   0   0   0   0   0   7   0   9   0   0   0   0   0   1   0   1   0   0   0   0   0   3   0   4   0   
0   0   0   0   0   0   0   0   0   0   0   0   1   0   1   0   0   0   0   0   0   0   0   0   0   0   0   0   255 255 0   0   
0   0   0   0   0   0   0   0   0   0   0   0   0   0   1   0   0   0   0   0   0   0   0   0   0   0   0   0   0   0   0   0   
0   0   0   0   0   0   255 255 0   0   0   0   0   0   2   0   0   0   255 255 0   0   1   0   255 255 255 255 4   0   18  0   
0   0   0   0   2   0   2   0   0   0   0   0   8   0   9   0   0   0   0   0   2   0   1   0   0   0   0   0   4   0   5   0   
0   0   0   0   1   0   0   0   0   0   0   0   1   0   1   0   0   0   0   0   0   0   0   0   0   0   0   0   0   0   1   0   
0   0   0   0   0   0   0   0   0   0   0   0   0   0   1   0   0   0   0   0   0   0   0   0   0   0   0   0   0   0   0   0   
0   0   0   0   0   0   255 255 0   0   0   0   0   0   2   0   0   0   255 255 0   0   1   0   255 255 255 255 4   0   18  0   
0   0   0   0   2   0   2   0   0   0   0   0   8   0   9   0   0   0   0   0   1   0   1   0   0   0   0   0   4   0   5   0   
0   0   0   0   1   0   0   0   0   0   0   0   1   0   1   0   0   0   0   0   0   0   0   0   0   0   0   0   0   0   1   0   
0   0   0   0   0   0   0   0   0   0   0   0   0   0   1   0   0   0   0   0   0   0   0   0   0   0   0   0   0   0   0   0   
0   0   0   0   0   0   255 255 0   0   0   0   0   0   2   0   0   0   255 255 0   0   1   0   255 255 255 255 4   0   18  0   
0   0   0   0   2   0   2   0   0   0   0   0   8   0   9   0   0   0   0   0   1   0   1   0   0   0   0   0   4   0   5   0   
0   0   0   0   1   0   0   0   255 255 0   0   1   0   1   0   0   0   0   0   0   0   0   0   0   0   0   0   0   0   1   0   
0   0   0   0   0   0   0   0   0   0   0   0   0   0   1   0   0   0   0   0   0   0   0   0   0   0   0   0   0   0   0   0   
0   0   0   0   0   0   255 255 0   0   0   0   0   0   2   0   0   0   255 255 0   0   1   0   255 255 255 255 4   0   18  0   
0   0   0   0   2   0   2   0   0   0   0   0   8   0   9   0   0   0   0   0   1   0   1   0   0   0   0   0   4   0   5   0   
0   0   0   0   1   0   0   0   255 255 0   0   1   0   1   0   0   0   0   0   0   0   0   0   0   0   0   0   0   0   1   0   
0   0   0   0   0   0   0   0   255 255 0   0   0   0   1   0   0   0   0   0   0   0   0   0   0   0   0   0   0   0   0   0   
0   0   0   0   0   0   255 255 0   0   0   0   0   0   1   0   0   0   255 255 0   0   1   0   255 255 255 255 4   0   18  0   
0   0   0   0   2   0   2   0   0   0   0   0   8   0   9   0   0   0   0   0   1   0   1   0   0   0   0   0   4   0   5   0   
0   0   0   0   1   0   0   0   255 255 0   0   1   0   1   0   0   0   0   0   0   0   0   0   0   0   0   0   0   0   1   0   
0   0   0   0   0   0   0   0   255 255 0   0   0   0   1   0   0   0   0   0   0   0   0   0   0   0   0   0   0   0   0   0   
0   0   0   0   0   0   255 255 0   0   0   0   0   0   1   0   0   0   255 255 0   0   1   0   255 255 255 255 4   0   18  0   
0   0   0   0   2   0   2   0   0   0   0   0   8   0   9   0   0   0   0   0   1   0   1   0   0   0   0   0   4   0   5   0   
0   0   0   0   1   0   0   0   0   0   0   0   2   0   2   0   0   0   0   0   0   0   0   0   0   0   0   0   0   0   1   0   
0   0   0   0   0   0   0   0   255 255 0   0   0   0   1   0   0   0   0   0   0   0   0   0   0   0   0   0   0   0   0   0   
0   0   0   0   0   0   255 255 0   0   0   0   0   0   1   0   0   0   255 255 0   0   1   0   255 255 255 255 5   0   19  0   
0   0   0   0   2   0   2   0   0   0   0   0   7   0   9   0   0   0   0   0   1   0   2   0   0   0   0   0   4   0   5   0   
0   0   0   0   1   0   0   0   0   0   0   0   2   0   2   0   0   0   0   0   0   0   0   0   0   0   0   0   0   0   1   0   
0   0   0   0   0   0   0   0   255 255 0   0   0   0   1   0   0   0   0   0   0   0   0   0   0   0   0   0   0   0   0   0   
0   0   0   0   0   0   255 255 0   0   0   0   0   0   2   0   0   0   255 255 0   0   1   0   0   0   255 255 5   0   19  0   
0   0   0   0   2   0   2   0   0   0   0   0   7   0   9   0   0   0   0   0   1   0   2   0   0   0   0   0   4   0   5   0   
0   0   0   0   1   0   0   0   0   0   0   0   1   0   1   0   0   0   0   0   0   0   0   0   0   0   0   0   0   0   1   0   
0   0   0   0   0   0   0   0   255 255 0   0   0   0   1   0   0   0   0   0   0   0   1   0   0   0   0   0   0   0   0   0   
0   0   0   0   0   0   255 255 0   0   0   0   0   0   2   0   0   0   255 255 0   0   1   0   0   0   255 255 5   0   19  0   
0   0   0   0   2   0   2   0   0   0   0   0   7   0   9   0   0   0   0   0   1   0   2   0   0   0   0   0   4   0   5   0   
0   0   0   0   1   0   0   0   0   0   0   0   1   0   1   0   0   0   0   0   0   0   0   0   0   0   0   0   0   0   1   0   
0   0   0   0   0   0   0   0   0   0   0   0   0   0   1   0   0   0   0   0   0   0   1   0   0   0   0   0   0   0   0   0   
0   0   0   0   0   0   254 255 0   0   0   0   0   0   2   0   0   0   255 255 0   0   1   0   0   0   255 255 5   0   19  0   
0   0   0   0   2   0   2   0   0   0   0   0   7   0   9   0   0   0   0   0   1   0   2   0   0   0   0   0   4   0   5   0   
0   0   0   0   1   0   0   0   0   0   0   0   1   0   1   0   0   0   0   0   0   0   0   0   0   0   0   0   0   0   1   0   
0   0   0   0   0   0   0   0   0   0   0   0   0   0   1   0   0   0   0   0   0   0   0   0   0   0   0   0   0   0   0   0   
0   0   0   0   0   0   254 255 0   0   0   0   0   0   2   0   0   0   255 255 0   0   1   0   0   0   255 255 5   0   18  0   
0   0   0   0   2   0   1   0   0   0   0   0   7   0   9   0   0   0   0   0   1   0   1   0   0   0   0   0   4   0   5   0   
0   0   0   0   1   0   0   0   0   0   0   0   1   0   1   0   0   0   0   0   0   0   0   0   0   0   0   0   0   0   1   0   
0   0   0   0   0   0   255 255 0   0   0   0   0   0   1   0   0   0   0   0   0   0   0   0   0   0   0   0   0   0   0   0   
0   0   0   0   0   0   254 255 0   0   0   0   0   0   2   0   0   0   255 255 0   0   1   0   0   0   255 255 5   0   18  0   
0   0   0   0   2   0   1   0   0   0   0   0   7   0   8   0   0   0   0   0   1   0   1   0   0   0   0   0   3   0   4   0   
0   0   0   0   1   0   255 255 0   0   0   0   1   0   1   0   0   0   0   0   0   0   0   0   255 255 0   0   0   0   0   0   
0   0   0   0   0   0   0   0   0   0   0   0   0   0   1   0   0   0   0   0   0   0   0   0   0   0   0   0   0   0   0   0   
0   0   0   0   0   0   255 255 0   0   0   0   0   0   1   0   0   0   255 255 0   0   2   0   255 255 255 255 4   0   17  0   
0   0   0   0   2   0   1   0   0   0   0   0   7   0   8   0   0   0   0   0   1   0   1   0   0   0   0   0   3   0   4   0   
0   0   0   0   1   0   255 255 0   0   0   0   1   0   1   0   0   0   0   0   0   0   0   0   255 255 0   0   0   0   0   0   
0   0   0   0   0   0   0   0   0   0   0   0   0   0   1   0   0   0   0   0   0   0   0   0   0   0   0   0   0   0   0   0   
0   0   0   0   0   0   255 255 0   0   0   0   0   0   2   0   0   0   255 255 0   0   2   0   255 255 255 255 4   0   17  0   
0   0   0   0   2   0   1   0   0   0   0   0   7   0   8   0   0   0   0   0   1   0   1   0   1   0   0   0   3   0   4   0   
0   0   0   0   1   0   255 255 0   0   0   0   1   0   1   0   0   0   0   0   0   0   0   0   255 255 0   0   0   0   1   0   
0   0   255 255 0   0   0   0   0   0   0   0   0   0   1   0   0   0   0   0   0   0   0   0   0   0   0   0   0   0   0   0   
0   0   0   0   0   0   255 255 0   0   0   0   0   0   2   0   0   0   255 255 0   0   2   0   255 255 255 255 4   0   17  0   
0   0   0   0   2   0   2   0   0   0   0   0   7   0   8   0   0   0   0   0   1   0   1   0   1   0   0   0   3   0   4   0   
0   0   0   0   1   0   255 255 0   0   0   0   1   0   1   0   0   0   0   0   0   0   0   0   255 255 0   0   0   0   1   0   
0   0   0   0   0   0   0   0   0   0   0   0   0   0   1   0   0   0   0   0   0   0   0   0   0   0   0   0   0   0   0   0   
0   0   0   0   0   0   255 255 0   0   0   0   0   0   2   0   0   0   255 255 0   0   2   0   0   0   255 255 4   0   18  0   
0   0   0   0   2   0   2   0   0   0   0   0   7   0   8   0   0   0   0   0   1   0   1   0   1   0   0   0   3   0   4   0   
0   0   0   0   1   0   0   0   0   0   0   0   1   0   1   0   0   0   0   0   0   0   0   0   0   0   0   0   0   0   1   0   
0   0   0   0   0   0   0   0   255 255 0   0   1   0   1   0   0   0   0   0   0   0   0   0   0   0   0   0   0   0   0   0   
0   0   0   0   0   0   255 255 0   0   0   0   0   0   2   0   0   0   255 255 0   0   2   0   0   0   255 255 4   0   17  0   
0   0   0   0   2   0   1   0   0   0   0   0   7   0   8   0   0   0   0   0   1   0   0   0   1   0   0   0   3   0   4   0   
0   0   0   0   1   0   0   0   0   0   0   0   1   0   1   0   0   0   0   0   0   0   0   0   0   0   0   0   0   0   1   0   
0   0   0   0   0   0   0   0   255 255 0   0   1   0   1   0   0   0   0   0   0   0   0   0   0   0   0   0   0   0   0   0   
0   0   0   0   0   0   255 255 0   0   0   0   0   0   2   0   0   0   255 255 0   0   1   0   0   0   255 255 4   0   17  0   
0   0   0   0   2   0   1   0   0   0   0   0   6   0   7   0   0   0   0   0   1   0   1   0   1   0   0   0   3   0   4   0   
0   0   0   0   1   0   0   0   0   0   0   0   1   0   1   0   0   0   0   0   0   0   0   0   0   0   0   0   0   0   1   0   
0   0   0   0   0   0   0   0   255 255 0   0   1   0   1   0   0   0   0   0   0   0   0   0   0   0   0   0   0   0   0   0   
0   0   0   0   0   0   255 255 0   0   0   0   0   0   2   0   0   0   255 255 0   0   1   0   0   0   255 255 4   0   17  0   
0   0   0   0   2   0   1   0   0   0   0   0   6   0   7   0   0   0   0   0   1   0   1   0   1   0   0   0   3   0   4   0   
0   0   0   0   1   0   0   0   0   0   0   0   1   0   1   0   0   0   0   0   0   0   0   0   0   0   0   0   0   0   1   0   
0   0   0   0   0   0   0   0   255 255 0   0   1   0   1   0   0   0   0   0   0   0   0   0   0   0   0   0   0   0   0   0   
0   0   0   0   0   0   255 255 0   0   0   0   0   0   2   0   0   0   255 255 0   0   1   0   0   0   255 255 4   0   17  0   
0   0   0   0   2   0   2   0   0   0   0   0   6   0   7   0   0   0   0   0   1   0   1   0   1   0   0   0   3   0   4   0   
0   0   0   0   1   0   0   0   0   0   0   0   1   0   0   0   0   0   0   0   0   0   0   0   0   0   0   0   0   0   1   0   
0   0   0   0   0   0   0   0   255 255 0   0   1   0   1   0   0   0   0   0   0   0   0   0   0   0   0   0   0   0   0   0   
0   0   0   0   0   0   255 255 0   0   0   0   1   0   2   0   0   0   255 255 0   0   2   0   0   0   255 255 4   0   17  0   
0   0   0   0   2   0   2   0   0   0   0   0   6   0   7   0   0   0   0   0   1   0   0   0   1   0   0   0   3   0   4   0   
0   0   0   0   1   0   0   0   0   0   0   0   1   0   0   0   0   0   0   0   0   0   0   0   0   0   0   0   0   0   1   0   
0   0   0   0   0   0   1   0   255 255 0   0   1   0   1   0   0   0   0   0   0   0   0   0   0   0   0   0   0   0   0   0   
0   0   0   0   0   0   255 255 0   0   0   0   0   0   1   0   0   0   255 255 0   0   1   0   0   0   255 255 4   0   17  0   
0   0   0   0   2   0   1   0   1   0   0   0   6   0   7   0   0   0   0   0   1   0   0   0   1   0   0   0   3   0   4   0   
0   0   0   0   1   0   0   0   0   0   0   0   1   0   1   0   0   0   0   0   0   0   0   0   0   0   0   0   0   0   1   0   
0   0   0   0   1   0   1   0   0   0   0   0   1   0   1   0   0   0   0   0   0   0   0   0   0   0   0   0   0   0   0   0   
0   0   0   0   0   0   255 255 0   0   0   0   0   0   2   0   0   0   255 255 0   0   2   0   0   0   255 255 5   0   17  0   
0   0   0   0   2   0   1   0   1   0   0   0   6   0   6   0   0   0   0   0   1   0   0   0   1   0   0   0   3   0   4   0   
0   0   0   0   1   0   0   0   0   0   0   0   1   0   1   0   0   0   0   0   0   0   0   0   0   0   0   0   0   0   1   0   
0   0   0   0   1   0   0   0   255 255 0   0   0   0   0   0   0   0   0   0   0   0   0   0   0   0   0   0   0   0   0   0   
0   0   0   0   0   0   255 255 0   0   255 255 0   0   1   0   0   0   255 255 0   0   2   0   0   0   255 255 5   0   17  0   
0   0   0   0   2   0   1   0   1   0   0   0   6   0   7   0   0   0   0   0   1   0   0   0   1   0   0   0   3   0   4   0   
0   0   0   0   1   0   0   0   0   0   0   0   1   0   1   0   0   0   0   0   0   0   0   0   0   0   0   0   0   0   1   0   
0   0   0   0   0   0   255 255 255 255 0   0   0   0   0   0   0   0   0   0   0   0   0   0   0   0   0   0   0   0   0   0   
0   0   0   0   0   0   0   0   0   0   255 255 0   0   2   0   0   0   255 255 0   0   2   0   0   0   255 255 5   0   18  0   
0   0   0   0   1   0   0   0   1   0   0   0   6   0   7   0   0   0   0   0   1   0   1   0   1   0   0   0   3   0   3   0   
0   0   0   0   1   0   0   0   0   0   0   0   1   0   1   0   0   0   0   0   0   0   0   0   0   0   0   0   0   0   1   0   
0   0   0   0   0   0   255 255 255 255 0   0   0   0   0   0   0   0   0   0   0   0   0   0   0   0   0   0   0   0   0   0   
0   0   0   0   255 255 255 255 0   0   255 255 0   0   1   0   0   0   255 255 0   0   2   0   0   0   255 255 5   0   18  0   
0   0   0   0   1   0   1   0   1   0   0   0   6   0   7   0   0   0   0   0   1   0   1   0   0   0   0   0   3   0   3   0   
0   0   0   0   1   0   0   0   0   0   0   0   1   0   1   0   0   0   0   0   0   0   0   0   0   0   0   0   0   0   1   0   
0   0   0   0   0   0   255 255 0   0   0   0   0   0   0   0   0   0   0   0   0   0   0   0   0   0   0   0   0   0   0   0   
0   0   0   0   255 255 255 255 0   0   255 255 0   0   1   0   0   0   255 255 0   0   2   0   0   0   255 255 5   0   18  0   
0   0   0   0   1   0   1   0   0   0   0   0   6   0   7   0   0   0   0   0   1   0   2   0   0   0   0   0   3   0   3   0   
0   0   0   0   1   0   0   0   0   0   0   0   1   0   1   0   0   0   0   0   0   0   0   0   0   0   0   0   0   0   1   0   
0   0   0   0   0   0   0   0   0   0   0   0   0   0   0   0   0   0   0   0   0   0   0   0   255 255 255 255 0   0   0   0   
0   0   0   0   255 255 255 255 0   0   255 255 0   0   1   0   0   0   255 255 0   0   2   0   0   0   255 255 5   0   18  0   
0   0   0   0   1   0   2   0   0   0   0   0   6   0   7   0   0   0   0   0   1   0   1   0   0   0   0   0   3   0   3   0   
0   0   0   0   1   0   0   0   0   0   0   0   1   0   1   0   0   0   0   0   0   0   0   0   255 255 0   0   255 255 0   0   
0   0   0   0   0   0   0   0   0   0   0   0   0   0   0   0   0   0   0   0   0   0   0   0   255 255 255 255 0   0   0   0   
0   0   0   0   0   0   255 255 0   0   0   0   1   0   2   0   0   0   255 255 0   0   2   0   0   0   255 255 5   0   17  0   
0   0   0   0   2   0   2   0   0   0   0   0   6   0   7   0   0   0   0   0   1   0   1   0   0   0   0   0   3   0   3   0   
0   0   0   0   1   0   0   0   0   0   0   0   1   0   1   0   0   0   0   0   0   0   0   0   0   0   0   0   0   0   0   0   
0   0   0   0   0   0   0   0   0   0   0   0   0   0   0   0   0   0   0   0   0   0   0   0   255 255 255 255 0   0   0   0   
0   0   0   0   0   0   255 255 0   0   0   0   1   0   2   0   0   0   255 255 0   0   2   0   0   0   255 255 5   0   17  0   
0   0   0   0   2   0   1   0   0   0   0   0   6   0   7   0   0   0   0   0   1   0   1   0   0   0   0   0   3   0   3   0   
0   0   0   0   1   0   0   0   255 255 0   0   1   0   1   0   0   0   0   0   0   0   0   0   0   0   0   0   0   0   0   0   
0   0   0   0   0   0   0   0   0   0   0   0   0   0   0   0   0   0   0   0   0   0   0   0   0   0   0   0   0   0   0   0   
0   0   0   0   255 255 255 255 0   0   0   0   1   0   2   0   0   0   255 255 0   0   1   0   0   0   255 255 5   0   17  0   
0   0   0   0   2   0   1   0   0   0   0   0   6   0   7   0   0   0   0   0   1   0   1   0   0   0   0   0   3   0   3   0   
0   0   0   0   1   0   0   0   255 255 0   0   1   0   1   0   0   0   0   0   0   0   0   0   0   0   0   0   0   0   0   0   
0   0   0   0   0   0   0   0   0   0   0   0   0   0   0   0   0   0   0   0   0   0   0   0   0   0   0   0   0   0   0   0   
0   0   0   0   255 255 255 255 0   0   0   0   1   0   2   0   0   0   255 255 0   0   2   0   0   0   255 255 5   0   17  0   
0   0   0   0   2   0   1   0   0   0   0   0   6   0   7   0   0   0   0   0   1   0   1   0   0   0   0   0   3   0   3   0   
0   0   0   0   1   0   0   0   0   0   0   0   1   0   1   0   0   0   0   0   0   0   0   0   0   0   0   0   0   0   0   0   
0   0   0   0   0   0   0   0   0   0   0   0   0   0   0   0   0   0   0   0   0   0   0   0   0   0   0   0   0   0   0   0   
0   0   0   0   255 255 255 255 0   0   0   0   1   0   2   0   0   0   255 255 0   0   2   0   0   0   255 255 5   0   17  0   
0   0   0   0   2   0   2   0   0   0   0   0   6   0   7   0   0   0   0   0   1   0   1   0   0   0   0   0   3   0   3   0   
0   0   0   0   1   0   0   0   0   0   0   0   1   0   1   0   0   0   0   0   0   0   0   0   0   0   0   0   0   0   0   0   
0   0   0   0   0   0   0   0   0   0   0   0   0   0   0   0   0   0   0   0   0   0   0   0   0   0   0   0   0   0   0   0   
0   0   0   0   0   0   255 255 0   0   0   0   1   0   2   0   0   0   255 255 0   0   1   0   0   0   255 255 5   0   17  0   
0   0   0   0   2   0   2   0   0   0   0   0   6   0   7   0   0   0   0   0   1   0   0   0   0   0   0   0   3   0   3   0   
0   0   0   0   1   0   0   0   0   0   0   0   1   0   1   0   0   0   0   0   0   0   0   0   0   0   0   0   0   0   0   0   
0   0   0   0   0   0   0   0   0   0   0   0   0   0   0   0   0   0   0   0   0   0   0   0   0   0   0   0   0   0   0   0   
0   0   0   0   0   0   255 255 0   0   0   0   1   0   2   0   0   0   255 255 0   0   1   0   0   0   255 255 5   0   17  0   
0   0   0   0   2   0   2   0   0   0   0   0   6   0   7   0   0   0   0   0   1   0   0   0   0   0   0   0   3   0   4   0   
0   0   0   0   1   0   0   0   0   0   0   0   1   0   1   0   0   0   0   0   0   0   0   0   0   0   0   0   0   0   0   0   
0   0   0   0   0   0   0   0   0   0   0   0   0   0   0   0   0   0   255 255 0   0   0   0   0   0   0   0   0   0   0   0   
0   0   0   0   0   0   255 255 0   0   0   0   1   0   2   0   0   0   255 255 0   0   1   0   0   0   255 255 5   0   17  0   
0   0   0   0   2   0   2   0   0   0   0   0   7   0   7   0   0   0   0   0   1   0   0   0   1   0   0   0   3   0   4   0   
0   0   0   0   1   0   0   0   0   0   0   0   1   0   1   0   0   0   0   0   0   0   0   0   0   0   0   0   0   0   0   0   
0   0   0   0   0   0   0   0   0   0   0   0   0   0   0   0   0   0   255 255 0   0   0   0   0   0   0   0   0   0   0   0   
0   0   0   0   0   0   255 255 0   0   0   0   1   0   2   0   0   0   255 255 0   0   2   0   0   0   255 255 5   0   18  0   
0   0   0   0   2   0   2   0   0   0   0   0   7   0   7   0   0   0   0   0   1   0   1   0   1   0   0   0   3   0   3   0   
0   0   0   0   1   0   0   0   0   0   0   0   0   0   0   0   0   0   0   0   0   0   0   0   0   0   0   0   0   0   0   0   
0   0   0   0   0   0   0   0   0   0   0   0   0   0   0   0   0   0   255 255 0   0   0   0   0   0   0   0   0   0   0   0   
0   0   0   0   0   0   0   0   0   0   0   0   1   0   2   0   0   0   255 255 0   0   1   0   0   0   255 255 5   0   18  0   
0   0   0   0   2   0   2   0   0   0   0   0   7   0   7   0   0   0   0   0   1   0   1   0   1   0   0   0   3   0   3   0   
0   0   0   0   1   0   0   0   0   0   0   0   1   0   0   0   0   0   0   0   0   0   0   0   0   0   0   0   0   0   0   0   
0   0   0   0   0   0   0   0   0   0   0   0   0   0   0   0   0   0   0   0   0   0   0   0   0   0   0   0   0   0   0   0   
0   0   0   0   0   0   255 255 0   0   0   0   0   0   1   0   0   0   255 255 0   0   1   0   0   0   255 255 5   0   18  0   
0   0   0   0   2   0   2   0   0   0   0   0   6   0   7   0   0   0   0   0   1   0   1   0   1   0   0   0   3   0   3   0   
0   0   0   0   1   0   0   0   0   0   0   0   1   0   0   0   0   0   0   0   0   0   0   0   0   0   0   0   0   0   0   0   
0   0   0   0   0   0   0   0   0   0   0   0   0   0   0   0   0   0   0   0   0   0   0   0   0   0   0   0   0   0   0   0   
0   0   0   0   0   0   255 255 0   0   0   0   0   0   1   0   0   0   0   0   1   0   2   0   0   0   255 255 5   0   18  0   
0   0   0   0   2   0   2   0   0   0   0   0   6   0   6   0   0   0   0   0   1   0   1   0   1   0   0   0   3   0   3   0   
0   0   0   0   1   0   0   0   0   0   0   0   1   0   0   0   0   0   0   0   0   0   0   0   0   0   0   0   0   0   0   0   
0   0   0   0   0   0   0   0   0   0   0   0   0   0   0   0   0   0   0   0   0   0   0   0   0   0   0   0   0   0   0   0   
0   0   0   0   0   0   255 255 0   0   0   0   0   0   1   0   0   0   255 255 0   0   2   0   0   0   255 255 5   0   18  0   
0   0   0   0   2   0   1   0   0   0   0   0   6   0   6   0   0   0   0   0   1   0   1   0   1   0   0   0   3   0   3   0   
0   0   0   0   0   0   255 255 0   0   0   0   1   0   0   0   0   0   0   0   0   0   0   0   0   0   0   0   0   0   0   0   
0   0   0   0   0   0   0   0   0   0   0   0   0   0   0   0   0   0   0   0   0   0   0   0   0   0   0   0   0   0   0   0   
0   0   0   0   0   0   0   0   0   0   0   0   1   0   2   0   0   0   0   0   0   0   2   0   0   0   255 255 5   0   18  0   
0   0   0   0   2   0   1   0   0   0   0   0   6   0   6   0   0   0   0   0   1   0   1   0   1   0   0   0   3   0   3   0   
0   0   0   0   0   0   255 255 0   0   0   0   1   0   0   0   0   0   0   0   0   0   0   0   0   0   0   0   0   0   0   0   
0   0   0   0   0   0   0   0   0   0   0   0   0   0   0   0   255 255 255 255 0   0   255 255 0   0   0   0   0   0   0   0   
0   0   0   0   0   0   255 255 0   0   0   0   0   0   1   0   0   0   0   0   0   0   2   0   0   0   255 255 5   0   17  0   
0   0   0   0   2   0   1   0   0   0   0   0   6   0   6   0   0   0   0   0   1   0   0   0   1   0   0   0   3   0   3   0   
0   0   0   0   0   0   255 255 0   0   0   0   1   0   0   0   0   0   0   0   0   0   0   0   0   0   0   0   0   0   0   0   
0   0   0   0   0   0   0   0   0   0   0   0   0   0   0   0   0   0   0   0   0   0   0   0   0   0   0   0   0   0   0   0   
0   0   0   0   0   0   255 255 0   0   0   0   1   0   2   0   0   0   0   0   0   0   1   0   0   0   255 255 5   0   17  0   
0   0   0   0   2   0   1   0   0   0   0   0   6   0   6   0   0   0   0   0   1   0   0   0   1   0   0   0   3   0   3   0   
0   0   0   0   0   0   255 255 0   0   0   0   1   0   0   0   0   0   0   0   0   0   0   0   0   0   0   0   0   0   1   0   
0   0   0   0   0   0   0   0   0   0   0   0   0   0   0   0   0   0   0   0   0   0   0   0   0   0   0   0   0   0   0   0   
0   0   0   0   0   0   255 255 0   0   0   0   1   0   2   0   0   0   0   0   0   0   1   0   0   0   255 255 5   0   17  0   
0   0   0   0   2   0   1   0   0   0   0   0   6   0   6   0   0   0   0   0   1   0   0   0   1   0   0   0   3   0   3   0   
0   0   0   0   0   0   255 255 0   0   0   0   1   0   0   0   0   0   0   0   0   0   0   0   0   0   0   0   0   0   1   0   
0   0   0   0   0   0   0   0   0   0   0   0   0   0   0   0   0   0   0   0   0   0   0   0   0   0   0   0   0   0   0   0   
0   0   0   0   0   0   255 255 0   0   0   0   1   0   2   0   0   0   255 255 0   0   1   0   0   0   255 255 5   0   17  0   
0   0   0   0   2   0   1   0   0   0   0   0   6   0   7   0   0   0   0   0   1   0   0   0   1   0   0   0   3   0   3   0   
0   0   0   0   0   0   255 255 0   0   0   0   1   0   0   0   0   0   0   0   0   0   0   0   0   0   0   0   0   0   1   0   
0   0   0   0   0   0   0   0   0   0   0   0   0   0   0   0   0   0   0   0   0   0   0   0   0   0   0   0   0   0   0   0   
0   0   0   0   0   0   255 255 0   0   0   0   1   0   2   0   0   0   255 255 0   0   1   0   0   0   255 255 5   0   17  0   
0   0   0   0   1   0   1   0   0   0   0   0   6   0   7   0   0   0   0   0   1   0   1   0   1   0   0   0   3   0   3   0   
0   0   0   0   0   0   255 255 0   0   0   0   1   0   1   0   0   0   0   0   0   0   1   0   0   0   0   0   0   0   1   0   
0   0   0   0   0   0   0   0   0   0   0   0   0   0   0   0   0   0   0   0   0   0   0   0   0   0   0   0   0   0   0   0   
0   0   0   0   0   0   255 255 0   0   0   0   1   0   2   0   0   0   255 255 0   0   1   0   0   0   255 255 5   0   17  0   
0   0   0   0   1   0   1   0   0   0   0   0   6   0   7   0   0   0   0   0   1   0   1   0   0   0   0   0   2   0   2   0   
0   0   0   0   0   0   0   0   0   0   0   0   1   0   1   0   0   0   0   0   0   0   1   0   0   0   0   0   0   0   1   0   
0   0   0   0   0   0   0   0   0   0   0   0   0   0   0   0   0   0   0   0   0   0   0   0   0   0   0   0   0   0   0   0   
0   0   0   0   0   0   255 255 0   0   0   0   1   0   2   0   0   0   255 255 0   0   1   0   0   0   255 255 5   0   17  0   
0   0   0   0   1   0   1   0   0   0   0   0   6   0   7   0   0   0   0   0   1   0   1   0   0   0   0   0   2   0   3   0   
0   0   0   0   0   0   255 255 0   0   0   0   1   0   1   0   0   0   0   0   0   0   0   0   0   0   0   0   0   0   0   0   
0   0   0   0   0   0   0   0   0   0   0   0   0   0   0   0   0   0   255 255 0   0   0   0   0   0   0   0   0   0   0   0   
0   0   0   0   0   0   255 255 0   0   0   0   1   0   2   0   0   0   255 255 0   0   1   0   0   0   255 255 5   0   17  0   
0   0   0   0   1   0   1   0   0   0   0   0   6   0   7   0   0   0   0   0   1   0   0   0   0   0   0   0   2   0   3   0   
0   0   0   0   0   0   255 255 0   0   0   0   1   0   1   0   0   0   0   0   0   0   0   0   0   0   0   0   0   0   0   0   
0   0   0   0   0   0   0   0   0   0   0   0   0   0   0   0   0   0   255 255 0   0   0   0   0   0   0   0   0   0   0   0   
0   0   0   0   0   0   255 255 0   0   0   0   1   0   2   0   0   0   255 255 0   0   1   0   0   0   255 255 4   0   16  0   
0   0   0   0   1   0   1   0   0   0   0   0   6   0   7   0   0   0   0   0   1   0   1   0   0   0   0   0   2   0   3   0   
0   0   0   0   1   0   0   0   0   0   0   0   1   0   1   0   0   0   0   0   0   0   0   0   0   0   1   0   0   0   1   0   
0   0   0   0   0   0   0   0   0   0   0   0   0   0   0   0   0   0   0   0   0   0   0   0   0   0   0   0   0   0   0   0   
0   0   0   0   0   0   255 255 0   0   0   0   1   0   2   0   0   0   255 255 0   0   1   0   0   0   255 255 4   0   17  0   
0   0   0   0   1   0   1   0   0   0   0   0   6   0   7   0   0   0   0   0   1   0   1   0   0   0   0   0   2   0   3   0   
0   0   0   0   1   0   0   0   0   0   0   0   1   0   1   0   0   0   0   0   0   0   0   0   0   0   0   0   0   0   1   0   
0   0   0   0   0   0   0   0   255 255 0   0   0   0   0   0   0   0   0   0   0   0   0   0   0   0   0   0   0   0   0   0   
0   0   0   0   0   0   255 255 0   0   0   0   1   0   2   0   0   0   255 255 255 255 1   0   0   0   255 255 5   0   17  0   
0   0   0   0   1   0   1   0   0   0   0   0   6   0   7   0   0   0   0   0   1   0   1   0   0   0   0   0   2   0   3   0   
0   0   0   0   1   0   0   0   0   0   0   0   1   0   0   0   0   0   0   0   0   0   0   0   255 255 0   0   0   0   1   0   
0   0   0   0   0   0   0   0   255 255 0   0   0   0   0   0   0   0   0   0   0   0   0   0   0   0   0   0   0   0   0   0   
0   0   0   0   0   0   255 255 0   0   0   0   1   0   2   0   0   0   255 255 255 255 1   0   0   0   255 255 5   0   17  0   
0   0   0   0   1   0   1   0   0   0   0   0   6   0   7   0   0   0   0   0   1   0   1   0   0   0   0   0   3   0   3   0   
0   0   0   0   1   0   0   0   0   0   0   0   1   0   0   0   0   0   0   0   0   0   0   0   255 255 0   0   0   0   1   0   
0   0   0   0   0   0   0   0   255 255 0   0   0   0   0   0   0   0   0   0   0   0   0   0   0   0   0   0   0   0   0   0   
0   0   0   0   0   0   255 255 0   0   0   0   1   0   2   0   0   0   255 255 0   0   1   0   0   0   255 255 5   0   17  0   
0   0   0   0   1   0   1   0   0   0   0   0   6   0   7   0   0   0   0   0   1   0   1   0   0   0   0   0   3   0   3   0   
0   0   0   0   1   0   0   0   0   0   0   0   1   0   0   0   0   0   0   0   0   0   0   0   255 255 0   0   0   0   1   0   
0   0   0   0   0   0   0   0   0   0   0   0   0   0   0   0   0   0   0   0   0   0   0   0   0   0   0   0   0   0   0   0   
0   0   0   0   0   0   255 255 0   0   0   0   1   0   2   0   0   0   255 255 0   0   1   0   0   0   255 255 5   0   18  0   
0   0   0   0   1   0   1   0   0   0   0   0   6   0   7   0   0   0   0   0   1   0   1   0   0   0   0   0   3   0   3   0   
0   0   0   0   1   0   0   0   0   0   0   0   1   0   0   0   0   0   0   0   0   0   0   0   0   0   0   0   0   0   1   0   
0   0   0   0   1   0   0   0   0   0   0   0   0   0   0   0   0   0   0   0   0   0   0   0   0   0   0   0   0   0   0   0   
0   0   0   0   0   0   255 255 0   0   0   0   1   0   2   0   0   0   255 255 0   0   1   0   0   0   255 255 5   0   18  0   
0   0   0   0   1   0   2   0   0   0   0   0   6   0   6   0   1   0   0   0   1   0   1   0   0   0   0   0   3   0   3   0   
0   0   0   0   1   0   0   0   0   0   0   0   1   0   0   0   0   0   0   0   0   0   0   0   0   0   0   0   0   0   1   0   
0   0   0   0   1   0   0   0   0   0   0   0   0   0   0   0   0   0   0   0   0   0   0   0   0   0   0   0   0   0   0   0   
0   0   0   0   0   0   255 255 0   0   255 255 0   0   1   0   0   0   255 255 0   0   1   0   0   0   255 255 5   0   17  0   
0   0   0   0   1   0   2   0   0   0   0   0   6   0   7   0   1   0   0   0   1   0   1   0   0   0   0   0   3   0   3   0   
0   0   0   0   1   0   0   0   0   0   0   0   1   0   0   0   0   0   0   0   0   0   0   0   0   0   0   0   0   0   1   0   
0   0   0   0   1   0   0   0   255 255 0   0   0   0   0   0   0   0   0   0   0   0   0   0   0   0   0   0   0   0   0   0   
0   0   0   0   0   0   255 255 0   0   255 255 0   0   1   0   0   0   255 255 0   0   2   0   0   0   255 255 5   0   17  0   
0   0   0   0   1   0   1   0   0   0   0   0   6   0   7   0   0   0   0   0   1   0   1   0   0   0   0   0   3   0   3   0   
0   0   0   0   1   0   0   0   0   0   0   0   1   0   1   0   0   0   0   0   0   0   0   0   0   0   0   0   0   0   0   0   
0   0   0   0   1   0   0   0   255 255 0   0   0   0   0   0   0   0   0   0   0   0   0   0   0   0   0   0   0   0   0   0   
0   0   0   0   0   0   255 255 0   0   255 255 0   0   1   0   0   0   255 255 0   0   2   0   0   0   255 255 5   0   17  0   
0   0   0   0   1   0   1   0   0   0   0   0   6   0   7   0   0   0   0   0   1   0   1   0   0   0   0   0   3   0   3   0   
0   0   0   0   1   0   0   0   0   0   0   0   1   0   1   0   0   0   0   0   0   0   0   0   0   0   0   0   0   0   0   0   
0   0   0   0   0   0   0   0   0   0   0   0   0   0   0   0   0   0   0   0   0   0   0   0   0   0   0   0   0   0   0   0   
0   0   0   0   0   0   255 255 0   0   255 255 0   0   1   0   0   0   255 255 0   0   2   0   0   0   255 255 5   0   18  0   
0   0   0   0   1   0   1   0   0   0   0   0   6   0   8   0   0   0   0   0   1   0   1   0   0   0   0   0   3   0   3   0   
0   0   0   0   1   0   0   0   0   0   0   0   1   0   1   0   0   0   0   0   0   0   0   0   0   0   0   0   0   0   0   0   
0   0   0   0   0   0   0   0   0   0   0   0   0   0   0   0   0   0   0   0   0   0   0   0   0   0   0   0   0   0   0   0   
0   0   0   0   0   0   255 255 0   0   0   0   0   0   2   0   0   0   255 255 0   0   1   0   0   0   255 255 5   0   17  0   
0   0   0   0   1   0   2   0   0   0   0   0   6   0   8   0   0   0   0   0   1   0   1   0   0   0   0   0   3   0   4   0   
0   0   0   0   1   0   0   0   0   0   0   0   1   0   1   0   0   0   0   0   0   0   0   0   0   0   0   0   0   0   0   0   
0   0   0   0   0   0   0   0   0   0   0   0   0   0   0   0   0   0   0   0   0   0   0   0   255 255 0   0   0   0   0   0   
0   0   0   0   0   0   255 255 0   0   0   0   0   0   2   0   0   0   255 255 0   0   1   0   0   0   255 255 5   0   17  0   
0   0   0   0   1   0   2   0   0   0   0   0   6   0   8   0   0   0   0   0   1   0   1   0   0   0   0   0   3   0   3   0   
0   0   0   0   1   0   0   0   0   0   0   0   1   0   1   0   0   0   0   0   0   0   0   0   0   0   0   0   0   0   0   0   
0   0   0   0   0   0   0   0   0   0   0   0   0   0   0   0   0   0   0   0   0   0   0   0   255 255 0   0   0   0   0   0   
0   0   0   0   0   0   255 255 0   0   0   0   0   0   2   0   0   0   255 255 0   0   1   0   0   0   255 255 5   0   17  0   
0   0   0   0   1   0   2   0   0   0   0   0   6   0   8   0   0   0   0   0   1   0   1   0   0   0   0   0   3   0   3   0   
0   0   0   0   1   0   0   0   0   0   0   0   1   0   1   0   0   0   0   0   0   0   0   0   0   0   0   0   0   0   0   0   
0   0   0   0   0   0   0   0   0   0   0   0   0   0   0   0   0   0   0   0   0   0   0   0   255 255 0   0   0   0   0   0   
0   0   0   0   255 255 255 255 0   0   0   0   0   0   2   0   0   0   255 255 0   0   1   0   0   0   255 255 5   0   17  0   
0   0   0   0   1   0   1   0   0   0   0   0   6   0   8   0   0   0   0   0   1   0   1   0   0   0   0   0   3   0   3   0   
0   0   0   0   1   0   0   0   0   0   0   0   1   0   1   0   0   0   0   0   0   0   0   0   0   0   0   0   0   0   0   0   
0   0   0   0   0   0   0   0   0   0   0   0   0   0   0   0   0   0   0   0   0   0   0   0   255 255 0   0   0   0   0   0   
0   0   0   0   0   0   255 255 0   0   0   0   0   0   2   0   0   0   255 255 0   0   1   0   0   0   255 255 4   0   17  0   
0   0   0   0   1   0   1   0   0   0   0   0   6   0   8   0   0   0   0   0   1   0   1   0   0   0   0   0   3   0   3   0   
0   0   0   0   0   0   0   0   0   0   0   0   1   0   1   0   0   0   0   0   0   0   0   0   0   0   0   0   0   0   0   0   
0   0   0   0   0   0   0   0   0   0   0   0   0   0   0   0   0   0   0   0   0   0   0   0   255 255 0   0   0   0   0   0   
0   0   0   0   0   0   255 255 0   0   0   0   0   0   2   0   0   0   255 255 0   0   1   0   0   0   255 255 4   0   17  0   
0   0   0   0   2   0   2   0   0   0   0   0   6   0   8   0   0   0   0   0   1   0   0   0   0   0   0   0   3   0   3   0   
0   0   0   0   0   0   0   0   0   0   0   0   1   0   1   0   0   0   0   0   0   0   0   0   0   0   0   0   0   0   0   0   
0   0   0   0   0   0   0   0   0   0   0   0   0   0   0   0   0   0   0   0   0   0   0   0   255 255 0   0   0   0   0   0   
0   0   0   0   0   0   255 255 0   0   0   0   0   0   2   0   0   0   255 255 0   0   1   0   0   0   255 255 4   0   17  0   
0   0   0   0   2   0   2   0   0   0   0   0   6   0   8   0   0   0   0   0   1   0   0   0   0   0   0   0   3   0   3   0   
0   0   0   0   0   0   0   0   0   0   0   0   1   0   1   0   0   0   0   0   0   0   0   0   0   0   0   0   0   0   0   0   
0   0   0   0   0   0   0   0   0   0   0   0   0   0   0   0   0   0   0   0   0   0   0   0   255 255 0   0   0   0   0   0   
0   0   0   0   0   0   255 255 0   0   0   0   0   0   2   0   0   0   255 255 0   0   1   0   0   0   255 255 5   0   17  0   
0   0   0   0   2   0   2   0   0   0   0   0   6   0   8   0   0   0   0   0   1   0   0   0   0   0   0   0   3   0   3   0   
0   0   0   0   0   0   0   0   0   0   0   0   1   0   1   0   0   0   0   0   0   0   0   0   0   0   0   0   0   0   0   0   
0   0   0   0   0   0   0   0   0   0   0   0   0   0   0   0   0   0   0   0   0   0   0   0   255 255 0   0   0   0   0   0   
0   0   0   0   0   0   255 255 0   0   0   0   0   0   2   0   0   0   255 255 0   0   1   0   0   0   255 255 5   0   17  0   
0   0   0   0   2   0   2   0   0   0   0   0   6   0   8   0   0   0   0   0   1   0   0   0   0   0   0   0   3   0   4   0   
0   0   0   0   0   0   0   0   0   0   0   0   1   0   1   0   0   0   0   0   0   0   0   0   0   0   0   0   0   0   0   0   
0   0   0   0   0   0   0   0   0   0   0   0   0   0   0   0   0   0   0   0   0   0   0   0   255 255 0   0   0   0   0   0   
0   0   0   0   0   0   255 255 0   0   0   0   0   0   2   0   0   0   255 255 0   0   1   0   0   0   255 255 5   0   17  0   
0   0   0   0   2   0   2   0   0   0   0   0   6   0   8   0   0   0   0   0   1   0   0   0   0   0   0   0   3   0   4   0   
0   0   0   0   1   0   0   0   0   0   0   0   1   0   1   0   0   0   0   0   0   0   1   0   0   0   0   0   0   0   0   0   
0   0   0   0   0   0   0   0   0   0   0   0   0   0   0   0   0   0   0   0   0   0   0   0   255 255 0   0   0   0   0   0   
0   0   0   0   0   0   255 255 0   0   0   0   0   0   2   0   0   0   255 255 0   0   1   0   0   0   255 255 5   0   17  0   
0   0   0   0   2   0   2   0   0   0   0   0   6   0   8   0   0   0   0   0   1   0   1   0   0   0   0   0   3   0   3   0   
0   0   0   0   1   0   0   0   0   0   0   0   1   0   1   0   0   0   0   0   0   0   0   0   0   0   0   0   0   0   0   0   
0   0   0   0   0   0   0   0   0   0   0   0   0   0   0   0   0   0   0   0   0   0   0   0   255 255 0   0   0   0   0   0   
0   0   0   0   0   0   255 255 0   0   0   0   0   0   2   0   0   0   255 255 0   0   1   0   0   0   255 255 5   0   18  0   
0   0   0   0   2   0   2   0   0   0   0   0   6   0   8   0   0   0   0   0   1   0   2   0   0   0   0   0   3   0   3   0   
0   0   0   0   1   0   0   0   0   0   0   0   1   0   1   0   0   0   0   0   0   0   0   0   0   0   0   0   0   0   0   0   
0   0   0   0   0   0   0   0   255 255 0   0   0   0   0   0   0   0   0   0   0   0   0   0   0   0   0   0   0   0   0   0   
0   0   0   0   0   0   255 255 0   0   0   0   0   0   2   0   0   0   255 255 0   0   1   0   0   0   255 255 5   0   18  0   
0   0   0   0   2   0   2   0   0   0   0   0   6   0   8   0   0   0   0   0   1   0   2   0   0   0   0   0   3   0   3   0   
0   0   0   0   1   0   0   0   0   0   0   0   1   0   1   0   0   0   0   0   0   0   1   0   0   0   0   0   0   0   0   0   
255 255 255 255 0   0   0   0   255 255 0   0   0   0   0   0   0   0   0   0   0   0   0   0   0   0   0   0   0   0   0   0   
0   0   0   0   0   0   255 255 0   0   0   0   0   0   2   0   0   0   255 255 0   0   1   0   0   0   255 255 5   0   18  0   
0   0   0   0   2   0   2   0   0   0   0   0   6   0   8   0   0   0   0   0   1   0   1   0   0   0   0   0   3   0   3   0   
0   0   0   0   1   0   0   0   0   0   0   0   1   0   1   0   0   0   0   0   0   0   0   0   255 255 0   0   0   0   0   0   
0   0   255 255 0   0   0   0   255 255 0   0   0   0   0   0   0   0   0   0   0   0   0   0   0   0   0   0   0   0   0   0   
0   0   0   0   0   0   255 255 0   0   0   0   0   0   2   0   0   0   255 255 0   0   2   0   0   0   255 255 5   0   18  0   
0   0   0   0   2   0   2   0   0   0   0   0   6   0   7   0   0   0   0   0   1   0   1   0   0   0   0   0   3   0   3   0   
0   0   0   0   1   0   0   0   0   0   0   0   1   0   1   0   0   0   0   0   0   0   0   0   255 255 0   0   0   0   1   0   
0   0   0   0   0   0   0   0   255 255 0   0   0   0   0   0   0   0   0   0   0   0   0   0   0   0   0   0   0   0   0   0   
0   0   0   0   0   0   255 255 0   0   0   0   0   0   1   0   0   0   255 255 0   0   1   0   0   0   255 255 5   0   18  0   
0   0   0   0   2   0   2   0   0   0   0   0   6   0   7   0   0   0   0   0   1   0   1   0   0   0   0   0   3   0   3   0   
0   0   0   0   1   0   0   0   0   0   0   0   1   0   1   0   0   0   0   0   0   0   0   0   0   0   0   0   0   0   1   0   
0   0   0   0   0   0   0   0   0   0   0   0   0   0   0   0   0   0   0   0   0   0   0   0   0   0   0   0   0   0   0   0   
0   0   0   0   0   0   255 255 0   0   0   0   0   0   1   0   0   0   255 255 0   0   2   0   0   0   255 255 5   0   17  0   
0   0   0   0   1   0   1   0   0   0   0   0   6   0   7   0   0   0   0   0   1   0   1   0   0   0   0   0   3   0   3   0   
0   0   0   0   1   0   0   0   0   0   0   0   1   0   1   0   0   0   0   0   0   0   0   0   0   0   0   0   0   0   1   0   
0   0   0   0   0   0   0   0   0   0   0   0   0   0   0   0   0   0   0   0   0   0   0   0   0   0   0   0   0   0   0   0   
0   0   0   0   0   0   255 255 0   0   0   0   0   0   1   0   0   0   255 255 0   0   2   0   0   0   255 255 5   0   17  0   
0   0   0   0   1   0   1   0   0   0   0   0   6   0   7   0   0   0   0   0   1   0   1   0   0   0   0   0   3   0   3   0   
0   0   0   0   0   0   255 255 0   0   0   0   1   0   1   0   0   0   0   0   0   0   0   0   0   0   0   0   0   0   0   0   
0   0   0   0   0   0   0   0   0   0   0   0   0   0   0   0   0   0   255 255 0   0   0   0   255 255 0   0   0   0   0   0   
0   0   0   0   0   0   255 255 0   0   0   0   1   0   2   0   0   0   255 255 0   0   2   0   0   0   255 255 5   0   17  0   
0   0   0   0   1   0   1   0   0   0   0   0   6   0   7   0   0   0   0   0   1   0   1   0   0   0   0   0   3   0   3   0   
0   0   0   0   0   0   255 255 0   0   0   0   1   0   1   0   0   0   0   0   0   0   0   0   255 255 0   0   0   0   0   0   
0   0   0   0   0   0   0   0   0   0   0   0   0   0   0   0   0   0   255 255 0   0   0   0   255 255 0   0   0   0   0   0   
0   0   0   0   0   0   255 255 0   0   0   0   1   0   2   0   0   0   255 255 0   0   2   0   255 255 255 255 5   0   17  0   
0   0   0   0   1   0   1   0   0   0   0   0   6   0   7   0   0   0   0   0   1   0   1   0   0   0   0   0   3   0   3   0   
0   0   0   0   0   0   255 255 0   0   0   0   1   0   1   0   0   0   0   0   0   0   0   0   255 255 0   0   0   0   0   0   
0   0   0   0   0   0   0   0   0   0   0   0   0   0   0   0   0   0   255 255 0   0   0   0   255 255 0   0   0   0   0   0   
0   0   0   0   0   0   255 255 0   0   0   0   1   0   2   0   0   0   255 255 0   0   2   0   255 255 255 255 5   0   17  0   
0   0   0   0   1   0   1   0   0   0   0   0   6   0   7   0   0   0   0   0   1   0   1   0   0   0   0   0   3   0   3   0   
0   0   0   0   0   0   0   0   0   0   0   0   1   0   1   0   0   0   0   0   0   0   0   0   255 255 0   0   0   0   0   0   
0   0   0   0   0   0   0   0   0   0   0   0   0   0   0   0   0   0   255 255 0   0   0   0   255 255 0   0   0   0   0   0   
0   0   0   0   255 255 254 255 0   0   0   0   1   0   2   0   0   0   255 255 0   0   2   0   255 255 255 255 5   0   17  0   
0   0   0   0   1   0   1   0   0   0   0   0   6   0   7   0   0   0   0   0   1   0   1   0   0   0   0   0   3   0   3   0   
0   0   0   0   0   0   0   0   0   0   0   0   1   0   1   0   0   0   0   0   0   0   0   0   255 255 0   0   0   0   0   0   
0   0   0   0   0   0   0   0   0   0   0   0   0   0   0   0   0   0   255 255 0   0   0   0   255 255 255 255 0   0   0   0   
0   0   0   0   0   0   255 255 0   0   0   0   1   0   2   0   0   0   255 255 0   0   1   0   0   0   255 255 5   0   17  0   
0   0   0   0   1   0   1   0   0   0   0   0   6   0   7   0   0   0   0   0   1   0   1   0   0   0   0   0   2   0   3   0   
0   0   0   0   0   0   0   0   0   0   0   0   1   0   1   0   0   0   0   0   0   0   0   0   0   0   0   0   0   0   0   0   
0   0   0   0   0   0   0   0   0   0   0   0   0   0   0   0   0   0   255 255 0   0   0   0   255 255 255 255 0   0   0   0   
0   0   0   0   0   0   255 255 0   0   0   0   1   0   2   0   0   0   255 255 0   0   1   0   0   0   255 255 5   0   17  0   
0   0   0   0   1   0   1   0   0   0   0   0   6   0   7   0   0   0   0   0   1   0   1   0   0   0   0   0   3   0   4   0   
0   0   0   0   0   0   0   0   0   0   0   0   1   0   0   0   0   0   0   0   0   0   0   0   0   0   0   0   0   0   0   0   
0   0   0   0   0   0   0   0   0   0   0   0   0   0   0   0   0   0   255 255 0   0   0   0   0   0   255 255 0   0   0   0   
0   0   0   0   0   0   255 255 0   0   0   0   1   0   2   0   0   0   255 255 0   0   1   0   0   0   255 255 5   0   17  0   
0   0   0   0   1   0   1   0   0   0   0   0   6   0   8   0   0   0   0   0   1   0   1   0   0   0   0   0   3   0   3   0   
0   0   0   0   1   0   0   0   0   0   0   0   1   0   1   0   0   0   0   0   0   0   0   0   0   0   0   0   0   0   1   0   
0   0   0   0   0   0   0   0   255 255 0   0   0   0   0   0   0   0   255 255 0   0   0   0   0   0   255 255 0   0   0   0   
0   0   0   0   0   0   255 255 0   0   0   0   1   0   2   0   0   0   255 255 0   0   1   0   0   0   255 255 5   0   17  0   
0   0   0   0   1   0   1   0   0   0   0   0   6   0   8   0   0   0   0   0   1   0   1   0   0   0   0   0   3   0   3   0   
0   0   0   0   1   0   0   0   0   0   0   0   1   0   1   0   0   0   0   0   0   0   0   0   0   0   0   0   0   0   1   0   
0   0   0   0   0   0   0   0   255 255 0   0   0   0   0   0   0   0   255 255 0   0   0   0   0   0   255 255 0   0   0   0   
0   0   0   0   0   0   255 255 0   0   0   0   1   0   2   0   0   0   255 255 0   0   1   0   0   0   255 255 5   0   17  0   
0   0   0   0   1   0   1   0   0   0   0   0   6   0   8   0   0   0   0   0   1   0   1   0   0   0   0   0   3   0   3   0   
0   0   0   0   1   0   0   0   0   0   0   0   1   0   1   0   0   0   0   0   0   0   0   0   0   0   0   0   0   0   1   0   
0   0   0   0   0   0   0   0   255 255 0   0   0   0   0   0   0   0   255 255 0   0   0   0   0   0   255 255 0   0   0   0   
0   0   0   0   0   0   255 255 0   0   0   0   1   0   2   0   0   0   255 255 0   0   1   0   0   0   255 255 5   0   17  0   
0   0   0   0   1   0   1   0   0   0   0   0   6   0   8   0   0   0   0   0   1   0   1   0   0   0   0   0   3   0   3   0   
0   0   0   0   1   0   0   0   0   0   0   0   1   0   1   0   0   0   0   0   0   0   0   0   0   0   0   0   0   0   1   0   
0   0   0   0   0   0   0   0   255 255 0   0   0   0   0   0   0   0   255 255 0   0   0   0   0   0   255 255 0   0   0   0   
0   0   0   0   0   0   255 255 0   0   0   0   1   0   2   0   0   0   255 255 0   0   1   0   0   0   255 255 5   0   17  0   
0   0   0   0   1   0   1   0   0   0   0   0   6   0   8   0   0   0   0   0   1   0   1   0   0   0   0   0   3   0   3   0   
0   0   0   0   1   0   0   0   0   0   0   0   1   0   1   0   0   0   0   0   0   0   0   0   0   0   0   0   0   0   1   0   
255 255 0   0   0   0   0   0   255 255 0   0   0   0   0   0   0   0   255 255 0   0   0   0   0   0   0   0   0   0   0   0   
0   0   0   0   0   0   255 255 0   0   0   0   1   0   2   0   0   0   255 255 0   0   1   0   0   0   255 255 5   0   17  0   
0   0   0   0   1   0   1   0   0   0   0   0   6   0   8   0   0   0   0   0   1   0   1   0   0   0   0   0   3   0   3   0   
0   0   0   0   1   0   0   0   0   0   0   0   1   0   1   0   0   0   0   0   0   0   0   0   0   0   0   0   0   0   0   0   
255 255 0   0   0   0   0   0   0   0   0   0   0   0   0   0   0   0   255 255 0   0   0   0   0   0   0   0   0   0   0   0   
0   0   0   0   0   0   255 255 0   0   0   0   1   0   2   0   0   0   255 255 0   0   2   0   0   0   255 255 5   0   17  0   
0   0   0   0   1   0   1   0   0   0   0   0   6   0   8   0   0   0   0   0   1   0   1   0   0   0   0   0   3   0   3   0   
0   0   0   0   1   0   0   0   0   0   0   0   1   0   1   0   0   0   0   0   0   0   0   0   0   0   0   0   0   0   0   0   
0   0   0   0   0   0   0   0   0   0   0   0   0   0   0   0   0   0   255 255 0   0   0   0   0   0   0   0   0   0   0   0   
0   0   0   0   0   0   255 255 0   0   0   0   1   0   2   0   0   0   255 255 0   0   2   0   0   0   255 255 5   0   17  0   
0   0   0   0   1   0   1   0   0   0   0   0   6   0   7   0   0   0   0   0   1   0   1   0   0   0   0   0   3   0   3   0   
0   0   0   0   1   0   0   0   255 255 0   0   1   0   0   0   0   0   0   0   0   0   0   0   0   0   0   0   0   0   0   0   
0   0   0   0   0   0   0   0   0   0   0   0   0   0   0   0   0   0   255 255 0   0   0   0   0   0   0   0   0   0   0   0   
0   0   0   0   0   0   255 255 0   0   0   0   1   0   2   0   0   0   255 255 0   0   1   0   0   0   255 255 5   0   17  0   
0   0   0   0   1   0   1   0   0   0   0   0   6   0   7   0   0   0   0   0   1   0   1   0   0   0   0   0   3   0   3   0   
0   0   0   0   1   0   0   0   255 255 0   0   1   0   0   0   0   0   0   0   0   0   0   0   0   0   0   0   0   0   0   0   
0   0   0   0   0   0   0   0   0   0   0   0   0   0   0   0   0   0   255 255 0   0   0   0   0   0   0   0   0   0   0   0   
0   0   0   0   0   0   255 255 0   0   0   0   1   0   2   0   0   0   255 255 0   0   1   0   0   0   255 255 5   0   17  0   
0   0   0   0   1   0   1   0   0   0   0   0   6   0   7   0   0   0   0   0   1   0   1   0   0   0   0   0   3   0   3   0   
0   0   0   0   1   0   0   0   255 255 0   0   1   0   1   0   0   0   0   0   0   0   0   0   0   0   0   0   0   0   0   0   
0   0   255 255 0   0   0   0   0   0   0   0   0   0   0   0   0   0   0   0   0   0   0   0   0   0   0   0   0   0   0   0   
0   0   0   0   0   0   255 255 0   0   0   0   0   0   2   0   0   0   255 255 0   0   1   0   0   0   255 255 5   0   17  0   
0   0   0   0   1   0   2   0   0   0   0   0   6   0   7   0   0   0   0   0   1   0   1   0   0   0   0   0   3   0   3   0   
0   0   0   0   1   0   255 255 255 255 0   0   1   0   1   0   0   0   0   0   0   0   0   0   0   0   0   0   0   0   1   0   
0   0   255 255 0   0   0   0   0   0   0   0   0   0   0   0   0   0   0   0   0   0   0   0   0   0   0   0   0   0   0   0   
0   0   0   0   0   0   255 255 0   0   0   0   0   0   2   0   0   0   255 255 0   0   1   0   0   0   255 255 5   0   17  0   
0   0   0   0   1   0   2   0   0   0   0   0   6   0   7   0   0   0   0   0   1   0   1   0   0   0   0   0   3   0   3   0   
0   0   0   0   1   0   255 255 255 255 0   0   1   0   1   0   0   0   0   0   0   0   0   0   0   0   0   0   0   0   1   0   
0   0   255 255 0   0   0   0   0   0   0   0   0   0   0   0   0   0   0   0   0   0   0   0   0   0   0   0   0   0   0   0   
0   0   0   0   0   0   255 255 0   0   0   0   0   0   2   0   0   0   255 255 0   0   1   0   0   0   255 255 5   0   18  0   
0   0   0   0   1   0   2   0   0   0   0   0   6   0   7   0   1   0   0   0   1   0   2   0   0   0   0   0   3   0   3   0   
0   0   0   0   1   0   255 255 255 255 0   0   1   0   1   0   0   0   0   0   1   0   0   0   0   0   0   0   0   0   1   0   
0   0   0   0   0   0   0   0   0   0   0   0   0   0   0   0   0   0   0   0   0   0   1   0   0   0   0   0   0   0   0   0   
0   0   0   0   0   0   255 255 0   0   0   0   0   0   2   0   0   0   255 255 0   0   1   0   0   0   255 255 5   0   18  0   
0   0   0   0   1   0   2   0   0   0   0   0   6   0   7   0   1   0   0   0   1   0   2   0   0   0   0   0   3   0   3   0   
0   0   0   0   1   0   255 255 255 255 0   0   1   0   1   0   0   0   0   0   1   0   0   0   0   0   0   0   0   0   1   0   
0   0   0   0   0   0   0   0   0   0   0   0   0   0   0   0   0   0   0   0   0   0   1   0   0   0   0   0   0   0   0   0   
0   0   0   0   0   0   255 255 0   0   0   0   0   0   2   0   0   0   255 255 0   0   2   0   0   0   255 255 5   0   18  0   
0   0   0   0   1   0   2   0   0   0   0   0   6   0   7   0   1   0   0   0   1   0   2   0   0   0   0   0   3   0   3   0   
0   0   0   0   1   0   255 255 255 255 0   0   1   0   1   0   0   0   0   0   0   0   0   0   0   0   0   0   0   0   0   0   
0   0   0   0   0   0   0   0   0   0   0   0   0   0   0   0   0   0   0   0   0   0   1   0   0   0   0   0   0   0   0   0   
0   0   0   0   0   0   255 255 0   0   0   0   1   0   3   0   0   0   255 255 0   0   2   0   0   0   255 255 5   0   18  0   
0   0   0   0   1   0   1   0   0   0   0   0   6   0   7   0   1   0   0   0   1   0   1   0   0   0   0   0   3   0   3   0   
0   0   0   0   1   0   255 255 255 255 0   0   1   0   1   0   0   0   0   0   0   0   0   0   255 255 0   0   0   0   0   0   
0   0   0   0   0   0   0   0   0   0   0   0   0   0   0   0   0   0   0   0   0   0   1   0   0   0   0   0   0   0   0   0   
0   0   0   0   0   0   255 255 0   0   0   0   1   0   2   0   0   0   255 255 0   0   1   0   255 255 255 255 4   0   17  0   
0   0   0   0   1   0   2   0   0   0   0   0   6   0   7   0   0   0   0   0   1   0   1   0   0   0   0   0   3   0   3   0   
0   0   0   0   1   0   0   0   255 255 0   0   1   0   1   0   0   0   0   0   0   0   0   0   0   0   0   0   0   0   0   0   
0   0   0   0   0   0   0   0   0   0   0   0   0   0   0   0   0   0   0   0   0   0   1   0   0   0   0   0   0   0   0   0   
0   0   0   0   0   0   255 255 0   0   0   0   1   0   2   0   0   0   255 255 0   0   2   0   255 255 255 255 4   0   17  0   
0   0   0   0   1   0   2   0   0   0   0   0   6   0   7   0   0   0   0   0   1   0   1   0   0   0   0   0   3   0   3   0   
0   0   0   0   1   0   0   0   255 255 0   0   1   0   1   0   0   0   0   0   0   0   0   0   0   0   0   0   0   0   0   0   
0   0   0   0   0   0   0   0   0   0   0   0   0   0   0   0   255 255 255 255 0   0   0   0   0   0   0   0   0   0   0   0   
0   0   0   0   0   0   255 255 0   0   0   0   1   0   2   0   0   0   255 255 0   0   1   0   255 255 255 255 4   0   17  0   
0   0   0   0   1   0   1   0   0   0   0   0   6   0   7   0   0   0   0   0   1   0   1   0   0   0   0   0   3   0   3   0   
0   0   0   0   1   0   0   0   255 255 0   0   1   0   1   0   0   0   0   0   0   0   0   0   0   0   0   0   0   0   0   0   
0   0   0   0   0   0   0   0   0   0   0   0   0   0   0   0   255 255 255 255 0   0   0   0   0   0   0   0   0   0   0   0   
0   0   0   0   0   0   255 255 0   0   0   0   1   0   2   0   0   0   255 255 0   0   1   0   0   0   255 255 5   0   17  0   
0   0   0   0   1   0   1   0   0   0   0   0   6   0   7   0   0   0   0   0   1   0   1   0   0   0   0   0   3   0   3   0   
0   0   0   0   1   0   0   0   255 255 0   0   1   0   1   0   0   0   0   0   0   0   0   0   0   0   0   0   0   0   0   0   
0   0   0   0   0   0   0   0   0   0   0   0   0   0   0   0   255 255 255 255 0   0   0   0   0   0   0   0   0   0   0   0   
0   0   0   0   0   0   255 255 0   0   0   0   1   0   2   0   0   0   255 255 0   0   1   0   0   0   255 255 4   0   17  0   
0   0   0   0   1   0   1   0   0   0   0   0   6   0   7   0   0   0   0   0   1   0   1   0   0   0   0   0   3   0   3   0   
0   0   0   0   1   0   0   0   255 255 0   0   1   0   1   0   0   0   0   0   0   0   0   0   0   0   0   0   0   0   0   0   
0   0   0   0   0   0   0   0   0   0   0   0   0   0   0   0   0   0   0   0   0   0   0   0   0   0   0   0   0   0   0   0   
0   0   0   0   0   0   255 255 0   0   0   0   1   0   2   0   0   0   255 255 0   0   1   0   0   0   255 255 4   0   17  0   
0   0   0   0   1   0   2   0   0   0   0   0   6   0   7   0   0   0   0   0   1   0   1   0   0   0   0   0   3   0   3   0   
0   0   0   0   1   0   0   0   255 255 0   0   1   0   1   0   0   0   0   0   0   0   0   0   0   0   0   0   0   0   0   0   
0   0   0   0   0   0   0   0   0   0   0   0   0   0   0   0   0   0   0   0   0   0   0   0   0   0   0   0   0   0   0   0   
0   0   0   0   0   0   255 255 0   0   0   0   1   0   2   0   0   0   255 255 0   0   1   0   0   0   255 255 5   0   17  0   
0   0   0   0   1   0   2   0   0   0   0   0   6   0   7   0   0   0   0   0   1   0   1   0   0   0   0   0   3   0   3   0   
0   0   0   0   1   0   0   0   255 255 0   0   1   0   1   0   0   0   0   0   0   0   0   0   0   0   0   0   0   0   1   0   
0   0   0   0   0   0   0   0   0   0   0   0   0   0   0   0   0   0   0   0   0   0   0   0   0   0   0   0   0   0   0   0   
0   0   0   0   0   0   255 255 0   0   0   0   1   0   2   0   0   0   255 255 0   0   1   0   0   0   255 255 5   0   17  0   
0   0   0   0   1   0   2   0   0   0   0   0   6   0   7   0   0   0   0   0   1   0   0   0   0   0   0   0   3   0   3   0   
0   0   0   0   1   0   0   0   255 255 0   0   1   0   1   0   0   0   0   0   0   0   0   0   0   0   0   0   0   0   1   0   
0   0   0   0   0   0   0   0   0   0   0   0   0   0   0   0   0   0   255 255 0   0   0   0   0   0   0   0   0   0   0   0   
0   0   0   0   0   0   255 255 0   0   0   0   0   0   2   0   0   0   255 255 0   0   1   0   0   0   255 255 5   0   17  0   
0   0   0   0   1   0   2   0   0   0   0   0   6   0   7   0   0   0   0   0   1   0   0   0   0   0   0   0   3   0   3   0   
0   0   0   0   1   0   0   0   255 255 0   0   1   0   1   0   0   0   0   0   0   0   0   0   0   0   0   0   0   0   1   0   
0   0   0   0   0   0   0   0   0   0   0   0   0   0   0   0   0   0   255 255 0   0   0   0   0   0   0   0   0   0   0   0   
0   0   0   0   0   0   255 255 0   0   0   0   0   0   2   0   0   0   255 255 0   0   1   0   0   0   255 255 5   0   17  0   
0   0   0   0   1   0   2   0   0   0   0   0   6   0   7   0   0   0   0   0   1   0   0   0   0   0   0   0   3   0   3   0   
255 255 255 255 0   0   0   0   255 255 0   0   1   0   0   0   0   0   0   0   0   0   0   0   0   0   0   0   0   0   1   0   
0   0   0   0   0   0   0   0   255 255 0   0   0   0   0   0   0   0   255 255 0   0   0   0   0   0   0   0   0   0   0   0   
0   0   0   0   0   0   255 255 0   0   0   0   0   0   2   0   0   0   255 255 0   0   1   0   255 255 255 255 5   0   17  0   
0   0   0   0   1   0   1   0   0   0   0   0   6   0   7   0   0   0   0   0   1   0   1   0   0   0   0   0   3   0   3   0   
255 255 255 255 0   0   0   0   255 255 0   0   1   0   0   0   0   0   0   0   0   0   0   0   0   0   0   0   0   0   1   0   
0   0   0   0   0   0   255 255 255 255 0   0   0   0   0   0   0   0   255 255 0   0   0   0   0   0   0   0   0   0   0   0   
0   0   0   0   0   0   255 255 0   0   0   0   1   0   2   0   0   0   255 255 0   0   2   0   0   0   255 255 5   0   17  0   
0   0   0   0   1   0   1   0   0   0   0   0   6   0   7   0   0   0   0   0   1   0   1   0   0   0   0   0   3   0   3   0   
255 255 255 255 0   0   0   0   255 255 0   0   0   0   0   0   0   0   0   0   0   0   0   0   0   0   0   0   0   0   1   0   
0   0   0   0   0   0   0   0   255 255 0   0   0   0   0   0   0   0   255 255 0   0   0   0   0   0   255 255 0   0   0   0   
0   0   0   0   0   0   255 255 0   0   0   0   0   0   2   0   0   0   255 255 0   0   2   0   255 255 255 255 4   0   17  0   
0   0   0   0   1   0   1   0   0   0   0   0   6   0   6   0   0   0   0   0   1   0   1   0   0   0   0   0   3   0   3   0   
0   0   255 255 0   0   0   0   255 255 0   0   1   0   0   0   0   0   0   0   0   0   0   0   0   0   0   0   0   0   1   0   
0   0   0   0   0   0   0   0   255 255 0   0   0   0   0   0   0   0   0   0   0   0   0   0   0   0   255 255 0   0   0   0   
0   0   0   0   0   0   255 255 0   0   0   0   0   0   2   0   0   0   255 255 0   0   2   0   255 255 255 255 4   0   17  0   
0   0   0   0   1   0   2   0   0   0   0   0   6   0   7   0   0   0   0   0   1   0   1   0   0   0   0   0   3   0   3   0   
0   0   255 255 0   0   255 255 0   0   0   0   1   0   1   0   0   0   0   0   0   0   0   0   0   0   0   0   0   0   1   0   
0   0   0   0   0   0   0   0   255 255 0   0   0   0   0   0   0   0   0   0   0   0   0   0   0   0   255 255 0   0   0   0   
0   0   0   0   0   0   255 255 0   0   0   0   0   0   2   0   0   0   255 255 0   0   2   0   255 255 255 255 4   0   17  0   
0   0   0   0   1   0   2   0   0   0   0   0   6   0   7   0   0   0   0   0   1   0   1   0   0   0   0   0   3   0   3   0   
0   0   255 255 0   0   0   0   0   0   0   0   1   0   1   0   0   0   0   0   0   0   0   0   0   0   0   0   0   0   1   0   
0   0   0   0   0   0   0   0   255 255 0   0   0   0   0   0   0   0   0   0   0   0   0   0   0   0   255 255 0   0   0   0   
0   0   0   0   0   0   255 255 0   0   0   0   0   0   2   0   0   0   255 255 0   0   2   0   255 255 255 255 4   0   17  0   
0   0   0   0   1   0   2   0   0   0   0   0   6   0   7   0   0   0   0   0   1   0   1   0   0   0   0   0   3   0   3   0   
0   0   255 255 0   0   0   0   255 255 0   0   1   0   0   0   0   0   0   0   0   0   0   0   0   0   0   0   0   0   1   0   
0   0   0   0   0   0   0   0   255 255 0   0   0   0   0   0   0   0   0   0   0   0   0   0   0   0   255 255 0   0   0   0   
0   0   0   0   0   0   255 255 0   0   0   0   1   0   2   0   0   0   255 255 0   0   2   0   255 255 255 255 4   0   17  0   
0   0   0   0   1   0   2   0   0   0   0   0   6   0   7   0   0   0   0   0   1   0   1   0   0   0   0   0   3   0   3   0   
0   0   255 255 0   0   0   0   255 255 0   0   1   0   0   0   0   0   0   0   0   0   0   0   0   0   0   0   0   0   1   0   
0   0   0   0   0   0   0   0   0   0   0   0   0   0   0   0   0   0   0   0   0   0   0   0   0   0   255 255 0   0   0   0   
0   0   0   0   0   0   255 255 0   0   0   0   1   0   2   0   0   0   255 255 0   0   2   0   255 255 255 255 4   0   17  0   
0   0   0   0   1   0   2   0   0   0   0   0   6   0   7   0   0   0   0   0   1   0   1   0   0   0   0   0   3   0   3   0   
0   0   255 255 0   0   0   0   255 255 0   0   1   0   0   0   0   0   0   0   0   0   0   0   0   0   0   0   0   0   0   0   
0   0   0   0   0   0   0   0   0   0   0   0   1   0   0   0   0   0   0   0   0   0   0   0   0   0   0   0   0   0   0   0   
0   0   0   0   0   0   255 255 0   0   0   0   1   0   2   0   0   0   255 255 0   0   2   0   255 255 255 255 5   0   17  0   
0   0   0   0   1   0   2   0   0   0   0   0   6   0   7   0   0   0   0   0   1   0   1   0   0   0   0   0   2   0   3   0   
0   0   255 255 0   0   0   0   255 255 0   0   1   0   0   0   0   0   0   0   0   0   0   0   255 255 0   0   0   0   0   0   
0   0   255 255 0   0   0   0   0   0   0   0   1   0   0   0   0   0   0   0   0   0   0   0   0   0   0   0   0   0   0   0   
0   0   0   0   0   0   255 255 0   0   0   0   1   0   2   0   0   0   255 255 0   0   2   0   255 255 255 255 4   0   17  0   
0   0   0   0   1   0   2   0   0   0   0   0   6   0   7   0   0   0   0   0   1   0   1   0   0   0   0   0   2   0   3   0   
0   0   255 255 0   0   0   0   255 255 0   0   1   0   0   0   0   0   0   0   0   0   0   0   0   0   0   0   0   0   0   0   
0   0   255 255 0   0   0   0   0   0   0   0   1   0   0   0   0   0   255 255 0   0   0   0   0   0   0   0   0   0   0   0   
0   0   0   0   0   0   255 255 0   0   0   0   1   0   2   0   0   0   255 255 0   0   2   0   0   0   255 255 5   0   18  0   
0   0   0   0   1   0   2   0   1   0   0   0   6   0   7   0   0   0   0   0   1   0   0   0   0   0   0   0   2   0   3   0   
0   0   0   0   1   0   0   0   255 255 0   0   1   0   0   0   0   0   0   0   0   0   0   0   0   0   0   0   0   0   0   0   
0   0   255 255 0   0   0   0   0   0   0   0   1   0   0   0   0   0   0   0   0   0   0   0   0   0   0   0   0   0   0   0   
0   0   0   0   0   0   255 255 0   0   0   0   1   0   2   0   0   0   255 255 0   0   1   0   0   0   255 255 5   0   17  0   
0   0   0   0   1   0   2   0   1   0   0   0   6   0   7   0   0   0   0   0   1   0   0   0   0   0   0   0   2   0   2   0   
0   0   0   0   1   0   0   0   0   0   0   0   1   0   1   0   0   0   0   0   0   0   0   0   0   0   0   0   0   0   0   0   
0   0   255 255 0   0   0   0   0   0   0   0   1   0   0   0   0   0   0   0   0   0   0   0   0   0   0   0   0   0   0   0   
0   0   0   0   0   0   255 255 0   0   0   0   1   0   2   0   0   0   255 255 0   0   1   0   0   0   255 255 5   0   17  0   
0   0   0   0   1   0   2   0   1   0   0   0   6   0   7   0   0   0   0   0   1   0   0   0   0   0   0   0   2   0   3   0   
0   0   0   0   1   0   0   0   0   0   0   0   2   0   1   0   0   0   0   0   0   0   0   0   0   0   0   0   0   0   0   0   
0   0   255 255 0   0   0   0   0   0   0   0   1   0   0   0   0   0   0   0   0   0   0   0   0   0   0   0   0   0   0   0   
0   0   0   0   0   0   255 255 0   0   0   0   1   0   2   0   0   0   255 255 0   0   1   0   0   0   255 255 5   0   17  0   
0   0   0   0   1   0   2   0   1   0   0   0   6   0   7   0   0   0   0   0   1   0   0   0   0   0   0   0   2   0   3   0   
0   0   0   0   1   0   0   0   0   0   0   0   1   0   0   0   0   0   0   0   0   0   0   0   0   0   0   0   0   0   1   0   
0   0   255 255 0   0   0   0   0   0   0   0   1   0   0   0   0   0   0   0   0   0   0   0   0   0   0   0   0   0   0   0   
0   0   0   0   0   0   255 255 0   0   0   0   1   0   2   0   0   0   255 255 0   0   1   0   0   0   255 255 5   0   17  0   
0   0   0   0   1   0   1   0   1   0   0   0   6   0   6   0   1   0   0   0   1   0   1   0   0   0   0   0   2   0   3   0   
0   0   0   0   1   0   0   0   0   0   0   0   1   0   0   0   0   0   0   0   0   0   0   0   0   0   0   0   0   0   1   0   
0   0   255 255 0   0   0   0   0   0   0   0   1   0   0   0   0   0   0   0   0   0   0   0   0   0   0   0   0   0   0   0   
0   0   0   0   0   0   255 255 0   0   0   0   0   0   2   0   0   0   255 255 0   0   1   0   0   0   255 255 5   0   17  0   
0   0   0   0   1   0   2   0   1   0   0   0   6   0   7   0   1   0   0   0   1   0   1   0   0   0   0   0   2   0   3   0   
0   0   0   0   1   0   0   0   0   0   0   0   1   0   1   0   0   0   0   0   0   0   0   0   0   0   0   0   0   0   1   0   
0   0   255 255 0   0   0   0   0   0   0   0   1   0   0   0   0   0   0   0   0   0   0   0   0   0   0   0   0   0   0   0   
0   0   0   0   0   0   255 255 0   0   0   0   0   0   2   0   0   0   255 255 0   0   1   0   0   0   255 255 5   0   17  0   
0   0   0   0   1   0   2   0   0   0   255 255 5   0   6   0   1   0   0   0   1   0   1   0   0   0   0   0   3   0   4   0   
0   0   0   0   1   0   0   0   0   0   0   0   1   0   1   0   0   0   0   0   0   0   0   0   0   0   0   0   0   0   1   0   
0   0   255 255 0   0   0   0   0   0   0   0   1   0   0   0   0   0   0   0   0   0   0   0   0   0   0   0   0   0   0   0   
0   0   0   0   0   0   255 255 0   0   0   0   0   0   2   0   0   0   255 255 0   0   1   0   0   0   255 255 5   0   17  0   
0   0   0   0   1   0   2   0   0   0   255 255 5   0   6   0   1   0   0   0   1   0   1   0   0   0   0   0   3   0   4   0   
0   0   0   0   1   0   0   0   255 255 0   0   1   0   1   0   0   0   0   0   0   0   0   0   0   0   0   0   0   0   1   0   
0   0   255 255 0   0   0   0   0   0   0   0   1   0   0   0   0   0   0   0   0   0   0   0   0   0   0   0   0   0   0   0   
0   0   0   0   0   0   255 255 0   0   0   0   0   0   2   0   0   0   255 255 0   0   1   0   0   0   255 255 5   0   17  0   
0   0   0   0   1   0   2   0   0   0   255 255 5   0   6   0   1   0   0   0   1   0   1   0   0   0   0   0   3   0   4   0   
0   0   0   0   1   0   0   0   255 255 0   0   1   0   1   0   0   0   0   0   0   0   0   0   0   0   0   0   0   0   1   0   
0   0   255 255 0   0   0   0   0   0   0   0   1   0   0   0   0   0   0   0   0   0   0   0   0   0   0   0   0   0   0   0   
0   0   0   0   0   0   255 255 0   0   0   0   1   0   2   0   0   0   255 255 0   0   1   0   0   0   255 255 5   0   17  0   
0   0   0   0   1   0   2   0   0   0   255 255 5   0   7   0   1   0   0   0   1   0   1   0   0   0   0   0   2   0   3   0   
0   0   0   0   0   0   0   0   255 255 0   0   1   0   1   0   0   0   0   0   0   0   0   0   0   0   0   0   0   0   1   0   
0   0   0   0   0   0   0   0   0   0   0   0   1   0   1   0   0   0   0   0   0   0   0   0   0   0   0   0   0   0   0   0   
0   0   0   0   0   0   255 255 0   0   0   0   0   0   2   0   0   0   255 255 0   0   1   0   0   0   255 255 5   0   17  0   
0   0   0   0   1   0   2   0   0   0   255 255 5   0   7   0   1   0   0   0   1   0   1   0   0   0   0   0   2   0   3   0   
0   0   0   0   0   0   255 255 255 255 0   0   1   0   1   0   0   0   0   0   0   0   0   0   0   0   0   0   0   0   1   0   
