0   0   0   0   1   0   6   0   0   0   0   0   1   0   3   0   0   0   1   0   0   0   4   0   0   0   0   0   0   0   2   0   
1   0   0   0   1   0   2   0   0   0   1   0   1   0   1   0   0   0   0   0   0   0   1   0   0   0   1   0   0   0   1   0   
1   0   0   0   0   0   0   0   1   0   0   0   0   0   0   0   0   0   1   0   0   0   1   0   0   0   0   0   0   0   0   0   
0   0   0   0   0   0   1   0   0   0   0   0   0   0   0   0   0   0   0   0   1   0   0   0   0   0   1   0   0   0   0   0   
0   0   0   0   1   0   6   0   0   0   0   0   1   0   3   0   0   0   1   0   0   0   4   0   0   0   0   0   0   0   2   0   
1   0   0   0   1   0   2   0   0   0   1   0   1   0   2   0   0   0   0   0   0   0   1   0   0   0   1   0   0   0   1   0   
1   0   0   0   0   0   0   0   1   0   0   0   0   0   0   0   1   0   1   0   0   0   1   0   0   0   0   0   0   0   0   0   
0   0   0   0   0   0   1   0   0   0   0   0   0   0   0   0   0   0   0   0   1   0   0   0   0   0   1   0   0   0   0   0   
0   0   0   0   1   0   7   0   0   0   0   0   1   0   3   0   0   0   1   0   0   0   4   0   0   0   0   0   0   0   2   0   
1   0   0   0   1   0   2   0   0   0   1   0   1   0   1   0   0   0   0   0   0   0   1   0   0   0   1   0   0   0   1   0   
1   0   0   0   0   0   0   0   0   0   0   0   0   0   0   0   1   0   1   0   0   0   1   0   0   0   0   0   0   0   0   0   
0   0   1   0   0   0   1   0   0   0   0   0   0   0   0   0   0   0   0   0   1   0   0   0   0   0   1   0   0   0   0   0   
0   0   0   0   1   0   7   0   0   0   0   0   1   0   3   0   0   0   1   0   0   0   4   0   0   0   0   0   0   0   2   0   
1   0   0   0   0   0   2   0   0   0   1   0   1   0   1   0   0   0   0   0   0   0   1   0   0   0   1   0   0   0   1   0   
1   0   0   0   0   0   255 255 0   0   0   0   255 255 0   0   1   0   1   0   0   0   1   0   255 255 0   0   0   0   0   0   
0   0   0   0   0   0   0   0   0   0   0   0   0   0   0   0   0   0   255 255 0   0   255 255 0   0   0   0   255 255 255 255 
0   0   0   0   1   0   8   0   255 255 0   0   1   0   4   0   0   0   1   0   0   0   4   0   0   0   0   0   0   0   2   0   
1   0   0   0   0   0   1   0   0   0   0   0   0   0   0   0   0   0   0   0   0   0   1   0   0   0   1   0   0   0   1   0   
0   0   0   0   0   0   255 255 0   0   0   0   255 255 0   0   1   0   0   0   0   0   1   0   255 255 0   0   0   0   0   0   
0   0   0   0   0   0   0   0   0   0   0   0   0   0   0   0   0   0   255 255 0   0   255 255 0   0   0   0   255 255 255 255 
0   0   0   0   0   0   8   0   255 255 0   0   0   0   3   0   0   0   1   0   0   0   4   0   0   0   0   0   0   0   2   0   
1   0   0   0   0   0   1   0   0   0   1   0   0   0   1   0   0   0   0   0   0   0   0   0   255 255 1   0   0   0   1   0   
0   0   0   0   0   0   0   0   0   0   0   0   255 255 0   0   1   0   0   0   0   0   1   0   255 255 0   0   0   0   0   0   
0   0   0   0   0   0   0   0   0   0   0   0   0   0   0   0   0   0   255 255 0   0   255 255 0   0   0   0   255 255 255 255 
0   0   0   0   0   0   8   0   255 255 0   0   1   0   3   0   0   0   1   0   0   0   4   0   0   0   0   0   0   0   2   0   
0   0   0   0   0   0   1   0   0   0   1   0   0   0   1   0   0   0   0   0   0   0   0   0   255 255 1   0   0   0   1   0   
0   0   0   0   0   0   0   0   0   0   0   0   0   0   0   0   1   0   0   0   0   0   1   0   255 255 0   0   0   0   0   0   
0   0   0   0   0   0   0   0   0   0   0   0   0   0   0   0   255 255 255 255 0   0   255 255 0   0   0   0   255 255 255 255 
0   0   0   0   0   0   8   0   255 255 0   0   1   0   3   0   0   0   1   0   0   0   4   0   0   0   0   0   0   0   2   0   
0   0   0   0   0   0   1   0   0   0   1   0   0   0   1   0   0   0   0   0   0   0   0   0   255 255 1   0   0   0   1   0   
0   0   0   0   0   0   0   0   0   0   0   0   0   0   0   0   1   0   0   0   0   0   1   0   255 255 0   0   0   0   0   0   
0   0   0   0   0   0   255 255 0   0   0   0   0   0   0   0   255 255 255 255 0   0   254 255 255 255 255 255 255 255 254 255 
0   0   0   0   0   0   8   0   255 255 0   0   1   0   2   0   0   0   1   0   0   0   4   0   0   0   0   0   0   0   2   0   
0   0   0   0   0   0   1   0   0   0   1   0   0   0   1   0   255 255 0   0   255 255 255 255 0   0   1   0   0   0   1   0   
0   0   0   0   0   0   0   0   0   0   0   0   0   0   0   0   0   0   0   0   0   0   0   0   255 255 0   0   0   0   255 255 
0   0   0   0   0   0   255 255 0   0   255 255 255 255 255 255 255 255 255 255 0   0   255 255 255 255 255 255 255 255 254 255 
0   0   0   0   0   0   8   0   255 255 0   0   1   0   2   0   0   0   1   0   0   0   3   0   0   0   0   0   0   0   2   0   
0   0   0   0   0   0   0   0   0   0   1   0   0   0   1   0   0   0   0   0   0   0   0   0   0   0   1   0   0   0   1   0   
0   0   0   0   0   0   0   0   0   0   0   0   255 255 255 255 0   0   0   0   255 255 0   0   255 255 0   0   0   0   255 255 
0   0   0   0   0   0   255 255 0   0   255 255 255 255 255 255 255 255 255 255 0   0   255 255 255 255 255 255 255 255 255 255 
0   0   255 255 0   0   7   0   255 255 0   0   1   0   2   0   0   0   0   0   0   0   2   0   0   0   0   0   0   0   1   0   
0   0   0   0   0   0   0   0   0   0   1   0   0   0   1   0   0   0   0   0   0   0   0   0   0   0   0   0   255 255 0   0   
0   0   0   0   0   0   0   0   0   0   0   0   255 255 255 255 0   0   0   0   255 255 0   0   255 255 0   0   0   0   255 255 
0   0   0   0   0   0   255 255 0   0   255 255 255 255 255 255 0   0   255 255 0   0   254 255 255 255 255 255 255 255 255 255 
0   0   255 255 0   0   7   0   255 255 0   0   1   0   2   0   0   0   0   0   0   0   2   0   0   0   0   0   0   0   1   0   
0   0   0   0   0   0   0   0   0   0   0   0   0   0   0   0   0   0   0   0   0   0   0   0   0   0   0   0   255 255 0   0   
0   0   255 255 0   0   255 255 0   0   0   0   255 255 255 255 0   0   0   0   255 255 0   0   255 255 0   0   0   0   255 255 
0   0   255 255 255 255 255 255 0   0   255 255 255 255 255 255 0   0   255 255 0   0   254 255 255 255 255 255 255 255 255 255 
0   0   255 255 0   0   9   0   255 255 0   0   1   0   2   0   0   0   0   0   0   0   3   0   0   0   0   0   0   0   1   0   
0   0   0   0   0   0   0   0   0   0   0   0   0   0   0   0   0   0   0   0   255 255 255 255 0   0   0   0   255 255 0   0   
0   0   255 255 0   0   255 255 0   0   0   0   255 255 255 255 0   0   0   0   255 255 0   0   255 255 0   0   0   0   255 255 
0   0   255 255 255 255 255 255 255 255 255 255 255 255 255 255 0   0   255 255 0   0   254 255 255 255 255 255 255 255 255 255 
0   0   255 255 0   0   9   0   255 255 0   0   1   0   2   0   0   0   0   0   0   0   2   0   0   0   0   0   255 255 0   0   
0   0   0   0   0   0   0   0   0   0   0   0   0   0   0   0   0   0   0   0   255 255 255 255 0   0   0   0   255 255 0   0   
0   0   255 255 0   0   255 255 0   0   0   0   255 255 255 255 0   0   0   0   255 255 0   0   255 255 0   0   0   0   255 255 
0   0   255 255 255 255 255 255 255 255 255 255 255 255 255 255 0   0   255 255 0   0   254 255 255 255 255 255 255 255 255 255 
0   0   255 255 0   0   10  0   255 255 0   0   1   0   2   0   0   0   0   0   0   0   2   0   0   0   0   0   0   0   1   0   
0   0   0   0   0   0   1   0   0   0   0   0   0   0   0   0   0   0   0   0   255 255 255 255 0   0   0   0   255 255 0   0   
0   0   255 255 0   0   255 255 0   0   0   0   255 255 255 255 0   0   0   0   255 255 0   0   255 255 0   0   0   0   255 255 
0   0   255 255 255 255 255 255 255 255 255 255 255 255 255 255 0   0   254 255 0   0   254 255 255 255 255 255 255 255 255 255 
0   0   255 255 0   0   14  0   255 255 0   0   1   0   3   0   0   0   0   0   0   0   3   0   0   0   0   0   0   0   1   0   
0   0   0   0   0   0   1   0   0   0   0   0   0   0   0   0   0   0   0   0   255 255 255 255 0   0   0   0   255 255 0   0   
0   0   255 255 0   0   255 255 0   0   0   0   255 255 255 255 0   0   0   0   255 255 0   0   255 255 0   0   0   0   255 255 
0   0   255 255 255 255 255 255 255 255 255 255 255 255 255 255 0   0   254 255 0   0   253 255 255 255 255 255 255 255 255 255 
0   0   255 255 0   0   15  0   255 255 0   0   1   0   3   0   0   0   0   0   0   0   3   0   0   0   0   0   0   0   1   0   
0   0   0   0   0   0   1   0   0   0   0   0   0   0   0   0   0   0   0   0   255 255 255 255 0   0   0   0   255 255 0   0   
0   0   255 255 0   0   255 255 0   0   0   0   255 255 255 255 0   0   0   0   255 255 0   0   255 255 255 255 255 255 255 255 
0   0   255 255 255 255 255 255 0   0   255 255 255 255 255 255 0   0   254 255 0   0   253 255 255 255 255 255 255 255 255 255 
0   0   255 255 0   0   16  0   255 255 0   0   1   0   3   0   0   0   0   0   0   0   3   0   0   0   0   0   0   0   1   0   
0   0   0   0   0   0   1   0   0   0   0   0   0   0   0   0   0   0   0   0   255 255 254 255 0   0   0   0   255 255 0   0   
0   0   255 255 0   0   255 255 0   0   0   0   255 255 255 255 0   0   0   0   255 255 0   0   255 255 255 255 255 255 255 255 
0   0   255 255 255 255 254 255 0   0   255 255 255 255 255 255 0   0   254 255 0   0   254 255 255 255 255 255 255 255 255 255 
255 255 255 255 0   0   16  0   255 255 0   0   1   0   3   0   0   0   0   0   0   0   3   0   0   0   0   0   0   0   1   0   
0   0   0   0   0   0   1   0   0   0   0   0   0   0   0   0   0   0   0   0   255 255 255 255 0   0   0   0   255 255 0   0   
0   0   255 255 0   0   255 255 0   0   0   0   255 255 255 255 0   0   0   0   255 255 0   0   255 255 255 255 255 255 255 255 
0   0   255 255 255 255 255 255 0   0   255 255 255 255 255 255 0   0   254 255 0   0   254 255 255 255 255 255 255 255 255 255 
255 255 255 255 0   0   16  0   255 255 0   0   1   0   3   0   0   0   0   0   0   0   3   0   0   0   0   0   0   0   1   0   
0   0   0   0   0   0   1   0   0   0   0   0   0   0   0   0   0   0   0   0   255 255 255 255 0   0   0   0   255 255 0   0   
0   0   255 255 0   0   255 255 0   0   0   0   255 255 255 255 0   0   0   0   255 255 0   0   255 255 255 255 255 255 255 255 
255 255 255 255 255 255 254 255 0   0   255 255 255 255 255 255 0   0   254 255 0   0   254 255 255 255 255 255 255 255 255 255 
255 255 255 255 0   0   16  0   255 255 255 255 0   0   3   0   0   0   0   0   0   0   3   0   0   0   0   0   0   0   1   0   
0   0   0   0   0   0   1   0   0   0   0   0   0   0   0   0   0   0   0   0   255 255 255 255 0   0   0   0   255 255 0   0   
0   0   255 255 0   0   254 255 0   0   0   0   255 255 254 255 0   0   0   0   255 255 0   0   255 255 255 255 255 255 255 255 
255 255 255 255 255 255 254 255 0   0   255 255 255 255 255 255 0   0   254 255 0   0   254 255 255 255 255 255 255 255 255 255 
255 255 255 255 0   0   16  0   255 255 255 255 0   0   3   0   0   0   0   0   0   0   3   0   0   0   0   0   0   0   1   0   
0   0   0   0   0   0   1   0   0   0   0   0   0   0   0   0   0   0   0   0   255 255 255 255 0   0   0   0   255 255 0   0   
0   0   255 255 0   0   254 255 0   0   0   0   255 255 254 255 0   0   0   0   255 255 0   0   255 255 255 255 255 255 255 255 
255 255 255 255 255 255 255 255 0   0   255 255 255 255 255 255 0   0   254 255 0   0   254 255 255 255 255 255 255 255 255 255 
255 255 255 255 0   0   16  0   255 255 255 255 0   0   3   0   0   0   0   0   0   0   3   0   0   0   0   0   0   0   1   0   
0   0   0   0   0   0   1   0   0   0   0   0   0   0   0   0   0   0   0   0   255 255 255 255 0   0   0   0   255 255 0   0   
0   0   255 255 0   0   255 255 0   0   0   0   255 255 254 255 0   0   0   0   255 255 0   0   255 255 255 255 255 255 255 255 
255 255 255 255 255 255 255 255 0   0   255 255 255 255 255 255 0   0   254 255 0   0   254 255 255 255 255 255 255 255 255 255 
255 255 255 255 0   0   16  0   255 255 255 255 0   0   3   0   0   0   0   0   0   0   3   0   0   0   0   0   0   0   1   0   
0   0   0   0   0   0   0   0   0   0   0   0   0   0   0   0   0   0   0   0   255 255 255 255 0   0   0   0   255 255 0   0   
0   0   255 255 0   0   255 255 0   0   0   0   255 255 255 255 0   0   0   0   255 255 0   0   255 255 255 255 255 255 255 255 
255 255 255 255 255 255 255 255 0   0   255 255 255 255 255 255 0   0   255 255 0   0   254 255 255 255 254 255 255 255 254 255 
255 255 255 255 0   0   16  0   255 255 0   0   1   0   4   0   0   0   0   0   0   0   3   0   0   0   0   0   0   0   1   0   
0   0   0   0   0   0   0   0   0   0   0   0   0   0   0   0   0   0   0   0   255 255 255 255 0   0   0   0   255 255 0   0   
0   0   255 255 255 255 255 255 0   0   0   0   255 255 255 255 0   0   0   0   255 255 0   0   255 255 255 255 255 255 255 255 
255 255 255 255 255 255 255 255 0   0   255 255 255 255 255 255 0   0   255 255 0   0   254 255 255 255 255 255 255 255 254 255 
255 255 255 255 0   0   16  0   255 255 0   0   0   0   4   0   0   0   0   0   0   0   3   0   0   0   0   0   0   0   1   0   
0   0   0   0   0   0   0   0   0   0   0   0   0   0   0   0   0   0   0   0   255 255 255 255 0   0   0   0   255 255 0   0   
0   0   255 255 255 255 255 255 0   0   255 255 255 255 255 255 0   0   0   0   255 255 0   0   255 255 255 255 255 255 255 255 
255 255 255 255 255 255 255 255 255 255 254 255 254 255 255 255 0   0   255 255 0   0   254 255 255 255 255 255 255 255 255 255 
255 255 255 255 0   0   15  0   255 255 0   0   0   0   4   0   0   0   0   0   0   0   3   0   0   0   0   0   255 255 0   0   
0   0   0   0   0   0   0   0   0   0   0   0   0   0   0   0   0   0   0   0   255 255 255 255 0   0   0   0   255 255 0   0   
0   0   255 255 255 255 255 255 0   0   255 255 255 255 255 255 0   0   0   0   255 255 0   0   255 255 255 255 255 255 255 255 
0   0   255 255 255 255 255 255 255 255 254 255 254 255 255 255 0   0   255 255 0   0   254 255 255 255 255 255 255 255 255 255 
255 255 255 255 0   0   15  0   255 255 255 255 0   0   3   0   0   0   0   0   0   0   3   0   0   0   0   0   255 255 1   0   
0   0   0   0   0   0   0   0   0   0   0   0   0   0   0   0   0   0   0   0   255 255 255 255 0   0   0   0   255 255 0   0   
0   0   255 255 255 255 255 255 0   0   255 255 255 255 255 255 0   0   0   0   255 255 0   0   255 255 255 255 255 255 255 255 
0   0   255 255 255 255 255 255 255 255 254 255 254 255 255 255 0   0   255 255 0   0   254 255 255 255 255 255 255 255 255 255 
255 255 255 255 0   0   16  0   255 255 255 255 0   0   3   0   0   0   0   0   0   0   3   0   0   0   0   0   255 255 0   0   
0   0   0   0   0   0   0   0   255 255 0   0   0   0   0   0   0   0   0   0   255 255 255 255 0   0   0   0   255 255 0   0   
0   0   255 255 255 255 255 255 0   0   255 255 255 255 255 255 0   0   255 255 255 255 255 255 255 255 255 255 255 255 255 255 
0   0   255 255 255 255 255 255 255 255 254 255 254 255 255 255 0   0   255 255 0   0   254 255 255 255 255 255 255 255 254 255 
255 255 255 255 0   0   16  0   255 255 255 255 0   0   3   0   0   0   0   0   255 255 3   0   0   0   0   0   255 255 0   0   
0   0   0   0   0   0   0   0   0   0   0   0   0   0   0   0   0   0   0   0   255 255 255 255 0   0   0   0   255 255 255 255 
0   0   255 255 255 255 255 255 0   0   255 255 255 255 255 255 0   0   255 255 255 255 255 255 255 255 255 255 255 255 255 255 
0   0   255 255 255 255 255 255 255 255 254 255 254 255 255 255 0   0   255 255 0   0   254 255 255 255 255 255 255 255 254 255 
255 255 255 255 0   0   16  0   255 255 255 255 0   0   3   0   0   0   0   0   255 255 3   0   0   0   0   0   255 255 0   0   
0   0   0   0   0   0   0   0   0   0   0   0   0   0   0   0   0   0   0   0   255 255 255 255 0   0   0   0   255 255 255 255 
0   0   255 255 255 255 255 255 0   0   255 255 255 255 255 255 0   0   255 255 255 255 0   0   255 255 255 255 255 255 255 255 
0   0   0   0   255 255 255 255 255 255 254 255 254 255 255 255 0   0   255 255 0   0   254 255 255 255 255 255 255 255 254 255 
255 255 255 255 0   0   16  0   255 255 255 255 0   0   3   0   0   0   0   0   255 255 3   0   0   0   0   0   255 255 0   0   
0   0   0   0   0   0   1   0   0   0   0   0   0   0   0   0   0   0   0   0   255 255 255 255 0   0   0   0   255 255 255 255 
0   0   255 255 0   0   255 255 0   0   255 255 255 255 255 255 0   0   255 255 255 255 0   0   255 255 0   0   255 255 255 255 
0   0   0   0   255 255 255 255 255 255 254 255 254 255 255 255 0   0   255 255 0   0   254 255 255 255 255 255 255 255 254 255 
255 255 255 255 0   0   17  0   255 255 255 255 0   0   3   0   0   0   0   0   255 255 3   0   0   0   0   0   255 255 0   0   
0   0   0   0   0   0   1   0   0   0   0   0   0   0   0   0   0   0   0   0   255 255 0   0   0   0   0   0   255 255 0   0   
0   0   255 255 0   0   255 255 0   0   255 255 255 255 255 255 0   0   255 255 255 255 0   0   255 255 0   0   255 255 255 255 
0   0   0   0   255 255 255 255 255 255 254 255 254 255 255 255 0   0   255 255 0   0   254 255 255 255 255 255 255 255 254 255 
255 255 255 255 0   0   17  0   255 255 255 255 0   0   3   0   0   0   0   0   255 255 3   0   0   0   0   0   255 255 0   0   
0   0   0   0   0   0   0   0   0   0   0   0   0   0   0   0   0   0   0   0   255 255 255 255 0   0   0   0   255 255 0   0   
0   0   255 255 0   0   255 255 0   0   255 255 255 255 255 255 0   0   255 255 255 255 0   0   255 255 0   0   255 255 255 255 
0   0   0   0   255 255 255 255 255 255 254 255 254 255 255 255 0   0   255 255 0   0   254 255 255 255 255 255 255 255 254 255 
255 255 255 255 0   0   16  0   255 255 255 255 0   0   3   0   0   0   0   0   255 255 3   0   0   0   0   0   255 255 0   0   
0   0   0   0   0   0   1   0   0   0   0   0   255 255 0   0   0   0   0   0   255 255 255 255 0   0   0   0   255 255 0   0   
0   0   255 255 0   0   255 255 0   0   255 255 255 255 255 255 0   0   255 255 255 255 0   0   255 255 255 255 255 255 255 255 
0   0   0   0   255 255 255 255 0   0   255 255 254 255 255 255 0   0   255 255 0   0   254 255 255 255 255 255 255 255 254 255 
255 255 255 255 0   0   17  0   255 255 255 255 0   0   3   0   0   0   0   0   255 255 3   0   0   0   0   0   255 255 0   0   
0   0   0   0   0   0   1   0   0   0   0   0   255 255 0   0   0   0   0   0   255 255 255 255 0   0   0   0   255 255 0   0   
0   0   255 255 0   0   255 255 0   0   255 255 255 255 255 255 0   0   255 255 255 255 0   0   255 255 255 255 255 255 255 255 
0   0   0   0   255 255 255 255 0   0   255 255 254 255 255 255 0   0   255 255 0   0   254 255 255 255 255 255 255 255 254 255 
255 255 255 255 0   0   17  0   255 255 255 255 0   0   3   0   0   0   0   0   255 255 3   0   0   0   0   0   255 255 0   0   
0   0   0   0   0   0   1   0   0   0   0   0   255 255 0   0   0   0   0   0   255 255 255 255 0   0   0   0   255 255 0   0   
0   0   255 255 255 255 255 255 0   0   255 255 255 255 255 255 0   0   255 255 255 255 0   0   255 255 255 255 255 255 255 255 
0   0   255 255 255 255 254 255 0   0   255 255 254 255 255 255 0   0   255 255 0   0   254 255 255 255 255 255 255 255 254 255 
255 255 255 255 0   0   16  0   255 255 255 255 0   0   3   0   0   0   0   0   255 255 3   0   0   0   0   0   255 255 0   0   
0   0   0   0   0   0   1   0   0   0   0   0   255 255 0   0   0   0   0   0   255 255 255 255 0   0   0   0   255 255 0   0   
0   0   255 255 255 255 255 255 0   0   255 255 254 255 254 255 0   0   255 255 255 255 0   0   255 255 255 255 255 255 255 255 
0   0   255 255 255 255 255 255 0   0   255 255 254 255 255 255 0   0   255 255 0   0   254 255 255 255 255 255 255 255 254 255 
255 255 255 255 0   0   16  0   255 255 255 255 0   0   3   0   0   0   0   0   0   0   3   0   0   0   0   0   255 255 0   0   
0   0   0   0   255 255 0   0   0   0   0   0   255 255 0   0   0   0   0   0   255 255 255 255 0   0   0   0   255 255 0   0   
0   0   255 255 255 255 255 255 0   0   255 255 255 255 255 255 0   0   0   0   255 255 0   0   255 255 255 255 255 255 255 255 
0   0   255 255 255 255 255 255 0   0   255 255 254 255 255 255 0   0   255 255 0   0   254 255 255 255 255 255 255 255 254 255 
255 255 255 255 0   0   15  0   255 255 255 255 0   0   3   0   0   0   0   0   0   0   3   0   0   0   0   0   255 255 0   0   
0   0   0   0   255 255 0   0   0   0   0   0   255 255 0   0   0   0   0   0   255 255 255 255 0   0   0   0   255 255 0   0   
0   0   255 255 255 255 255 255 0   0   255 255 255 255 255 255 0   0   0   0   255 255 0   0   0   0   0   0   255 255 255 255 
0   0   255 255 255 255 255 255 0   0   255 255 254 255 255 255 0   0   255 255 0   0   254 255 255 255 255 255 255 255 254 255 
255 255 255 255 0   0   16  0   255 255 255 255 0   0   3   0   0   0   0   0   0   0   3   0   0   0   0   0   255 255 0   0   
0   0   0   0   255 255 0   0   0   0   0   0   255 255 0   0   0   0   0   0   255 255 255 255 0   0   0   0   255 255 0   0   
0   0   255 255 255 255 255 255 0   0   255 255 255 255 255 255 0   0   0   0   255 255 0   0   255 255 0   0   255 255 255 255 
0   0   255 255 255 255 255 255 0   0   255 255 254 255 255 255 0   0   255 255 0   0   254 255 255 255 255 255 255 255 254 255 
255 255 255 255 0   0   16  0   255 255 255 255 0   0   3   0   0   0   0   0   0   0   3   0   0   0   0   0   255 255 0   0   
0   0   0   0   255 255 0   0   0   0   0   0   0   0   0   0   0   0   0   0   255 255 255 255 0   0   0   0   255 255 0   0   
0   0   255 255 255 255 255 255 0   0   255 255 255 255 255 255 0   0   0   0   255 255 0   0   255 255 0   0   255 255 255 255 
0   0   255 255 255 255 254 255 0   0   255 255 254 255 255 255 0   0   254 255 0   0   254 255 255 255 255 255 255 255 255 255 
255 255 255 255 0   0   17  0   255 255 255 255 0   0   3   0   0   0   0   0   0   0   3   0   0   0   0   0   255 255 0   0   
0   0   0   0   255 255 0   0   0   0   0   0   0   0   0   0   0   0   0   0   255 255 255 255 0   0   0   0   255 255 0   0   
0   0   255 255 255 255 255 255 0   0   255 255 255 255 255 255 0   0   255 255 255 255 0   0   255 255 0   0   255 255 255 255 
0   0   255 255 255 255 255 255 0   0   255 255 254 255 255 255 0   0   254 255 0   0   254 255 255 255 255 255 255 255 254 255 
255 255 255 255 0   0   16  0   255 255 255 255 0   0   3   0   0   0   0   0   0   0   4   0   0   0   0   0   255 255 0   0   
0   0   0   0   255 255 0   0   0   0   0   0   0   0   0   0   0   0   0   0   255 255 255 255 0   0   0   0   255 255 0   0   
0   0   255 255 255 255 255 255 0   0   255 255 255 255 255 255 0   0   255 255 255 255 0   0   0   0   0   0   255 255 255 255 
0   0   255 255 255 255 255 255 0   0   255 255 254 255 255 255 0   0   254 255 0   0   254 255 255 255 255 255 255 255 254 255 
255 255 255 255 0   0   16  0   255 255 255 255 0   0   3   0   0   0   0   0   0   0   4   0   255 255 0   0   255 255 0   0   
0   0   0   0   255 255 0   0   0   0   0   0   0   0   0   0   0   0   0   0   255 255 255 255 0   0   0   0   255 255 255 255 
0   0   255 255 255 255 255 255 0   0   255 255 255 255 255 255 0   0   255 255 255 255 0   0   0   0   0   0   255 255 255 255 
0   0   255 255 255 255 255 255 0   0   255 255 254 255 255 255 0   0   254 255 0   0   253 255 255 255 255 255 255 255 254 255 
255 255 255 255 0   0   16  0   255 255 255 255 0   0   3   0   0   0   0   0   255 255 3   0   255 255 0   0   255 255 0   0   
0   0   0   0   255 255 0   0   0   0   0   0   0   0   0   0   0   0   0   0   255 255 255 255 0   0   0   0   255 255 0   0   
0   0   255 255 255 255 255 255 0   0   255 255 255 255 255 255 0   0   255 255 255 255 0   0   0   0   0   0   255 255 255 255 
0   0   255 255 255 255 255 255 0   0   255 255 254 255 255 255 0   0   254 255 0   0   254 255 255 255 255 255 255 255 254 255 
255 255 255 255 0   0   16  0   255 255 255 255 0   0   3   0   0   0   0   0   0   0   4   0   255 255 0   0   255 255 0   0   
0   0   0   0   255 255 0   0   0   0   0   0   0   0   0   0   0   0   0   0   255 255 255 255 0   0   0   0   255 255 0   0   
0   0   255 255 255 255 254 255 0   0   255 255 255 255 255 255 0   0   255 255 255 255 0   0   0   0   0   0   255 255 255 255 
0   0   255 255 255 255 255 255 255 255 255 255 254 255 255 255 0   0   254 255 0   0   254 255 255 255 255 255 255 255 255 255 
255 255 255 255 0   0   16  0   255 255 255 255 0   0   3   0   0   0   0   0   0   0   3   0   255 255 0   0   255 255 0   0   
0   0   0   0   255 255 0   0   0   0   0   0   0   0   0   0   0   0   0   0   255 255 255 255 0   0   0   0   255 255 0   0   
0   0   255 255 255 255 255 255 0   0   255 255 255 255 255 255 0   0   255 255 255 255 0   0   0   0   0   0   255 255 255 255 
0   0   255 255 255 255 255 255 255 255 255 255 254 255 255 255 0   0   254 255 0   0   254 255 255 255 255 255 255 255 255 255 
255 255 255 255 0   0   16  0   255 255 255 255 0   0   3   0   0   0   0   0   255 255 3   0   255 255 0   0   255 255 0   0   
0   0   0   0   255 255 0   0   0   0   0   0   0   0   0   0   1   0   0   0   255 255 255 255 0   0   0   0   255 255 0   0   
0   0   255 255 255 255 255 255 0   0   255 255 255 255 255 255 0   0   255 255 255 255 0   0   0   0   0   0   255 255 255 255 
0   0   255 255 255 255 255 255 255 255 255 255 254 255 255 255 0   0   254 255 0   0   254 255 255 255 255 255 255 255 255 255 
255 255 255 255 0   0   16  0   255 255 255 255 0   0   3   0   0   0   0   0   255 255 2   0   255 255 0   0   255 255 0   0   
0   0   0   0   255 255 0   0   0   0   0   0   0   0   0   0   1   0   0   0   255 255 255 255 0   0   0   0   255 255 0   0   
0   0   255 255 255 255 255 255 0   0   255 255 255 255 255 255 0   0   255 255 255 255 0   0   0   0   0   0   255 255 255 255 
0   0   255 255 255 255 255 255 255 255 255 255 254 255 255 255 0   0   255 255 0   0   254 255 255 255 255 255 255 255 255 255 
255 255 255 255 0   0   16  0   255 255 255 255 0   0   3   0   0   0   0   0   255 255 3   0   255 255 0   0   255 255 0   0   
0   0   0   0   255 255 0   0   0   0   0   0   0   0   0   0   1   0   0   0   255 255 255 255 0   0   0   0   255 255 0   0   
0   0   255 255 255 255 255 255 0   0   255 255 255 255 255 255 0   0   255 255 255 255 0   0   255 255 255 255 255 255 255 255 
0   0   255 255 255 255 255 255 0   0   255 255 254 255 255 255 0   0   255 255 0   0   254 255 255 255 255 255 255 255 255 255 
255 255 255 255 0   0   16  0   255 255 255 255 0   0   3   0   0   0   0   0   255 255 3   0   255 255 0   0   255 255 0   0   
0   0   0   0   255 255 0   0   0   0   0   0   0   0   0   0   1   0   0   0   255 255 255 255 0   0   0   0   255 255 255 255 
0   0   255 255 255 255 255 255 0   0   255 255 255 255 255 255 0   0   255 255 255 255 0   0   255 255 255 255 255 255 255 255 
0   0   255 255 255 255 255 255 0   0   255 255 254 255 255 255 0   0   255 255 0   0   254 255 255 255 255 255 255 255 255 255 
255 255 255 255 0   0   16  0   255 255 255 255 0   0   3   0   0   0   0   0   255 255 3   0   255 255 0   0   255 255 0   0   
0   0   0   0   255 255 0   0   0   0   0   0   0   0   0   0   0   0   0   0   255 255 255 255 0   0   0   0   255 255 255 255 
0   0   255 255 255 255 255 255 0   0   255 255 255 255 255 255 0   0   255 255 255 255 0   0   255 255 255 255 255 255 255 255 
0   0   255 255 255 255 255 255 0   0   255 255 254 255 255 255 0   0   255 255 0   0   254 255 255 255 255 255 255 255 255 255 
255 255 255 255 0   0   16  0   255 255 255 255 0   0   3   0   0   0   0   0   255 255 3   0   255 255 0   0   255 255 0   0   
0   0   0   0   255 255 0   0   0   0   0   0   0   0   0   0   0   0   0   0   255 255 255 255 0   0   0   0   255 255 0   0   
0   0   255 255 255 255 255 255 0   0   255 255 255 255 255 255 0   0   0   0   255 255 0   0   255 255 255 255 255 255 255 255 
0   0   255 255 255 255 254 255 0   0   255 255 254 255 255 255 0   0   254 255 255 255 254 255 255 255 255 255 255 255 255 255 
255 255 255 255 0   0   16  0   255 255 255 255 0   0   3   0   0   0   0   0   255 255 3   0   255 255 0   0   255 255 0   0   
0   0   0   0   255 255 0   0   0   0   0   0   0   0   0   0   0   0   0   0   255 255 0   0   0   0   0   0   255 255 0   0   
0   0   255 255 255 255 254 255 0   0   255 255 255 255 255 255 0   0   0   0   255 255 0   0   255 255 255 255 255 255 255 255 
0   0   255 255 255 255 255 255 0   0   255 255 254 255 255 255 0   0   254 255 255 255 254 255 255 255 255 255 255 255 255 255 
255 255 255 255 0   0   16  0   255 255 255 255 0   0   3   0   0   0   0   0   255 255 3   0   255 255 0   0   255 255 0   0   
0   0   0   0   255 255 0   0   0   0   0   0   0   0   255 255 0   0   0   0   255 255 0   0   0   0   0   0   255 255 255 255 
0   0   255 255 255 255 255 255 0   0   255 255 255 255 255 255 0   0   0   0   255 255 0   0   255 255 255 255 255 255 255 255 
0   0   255 255 255 255 255 255 0   0   255 255 254 255 255 255 0   0   254 255 255 255 253 255 255 255 255 255 255 255 255 255 
255 255 255 255 255 255 15  0   255 255 255 255 0   0   3   0   0   0   0   0   255 255 3   0   255 255 0   0   255 255 0   0   
0   0   0   0   255 255 0   0   0   0   0   0   0   0   255 255 0   0   0   0   255 255 0   0   0   0   0   0   255 255 255 255 
0   0   255 255 255 255 255 255 0   0   255 255 255 255 255 255 0   0   0   0   255 255 0   0   0   0   0   0   255 255 255 255 
0   0   255 255 255 255 255 255 0   0   255 255 254 255 255 255 0   0   254 255 255 255 254 255 255 255 255 255 255 255 255 255 
255 255 255 255 255 255 15  0   255 255 255 255 0   0   3   0   0   0   0   0   255 255 3   0   255 255 0   0   255 255 0   0   
0   0   0   0   255 255 0   0   0   0   0   0   0   0   0   0   0   0   0   0   255 255 0   0   0   0   0   0   255 255 255 255 
0   0   255 255 255 255 255 255 0   0   255 255 255 255 255 255 0   0   0   0   255 255 0   0   255 255 255 255 255 255 255 255 
0   0   255 255 255 255 255 255 0   0   255 255 254 255 255 255 0   0   254 255 255 255 254 255 255 255 255 255 255 255 254 255 
255 255 255 255 255 255 15  0   255 255 255 255 0   0   3   0   0   0   0   0   255 255 3   0   255 255 0   0   255 255 0   0   
0   0   0   0   255 255 0   0   0   0   0   0   0   0   0   0   0   0   0   0   255 255 0   0   0   0   0   0   255 255 255 255 
0   0   255 255 255 255 255 255 0   0   255 255 255 255 255 255 0   0   0   0   255 255 0   0   255 255 255 255 255 255 254 255 
255 255 255 255 255 255 255 255 0   0   255 255 254 255 255 255 0   0   254 255 255 255 254 255 255 255 255 255 255 255 255 255 
255 255 255 255 0   0   16  0   255 255 255 255 0   0   3   0   0   0   0   0   255 255 3   0   255 255 0   0   255 255 0   0   
0   0   0   0   255 255 255 255 0   0   0   0   0   0   0   0   0   0   0   0   255 255 255 255 0   0   0   0   255 255 255 255 
0   0   255 255 255 255 255 255 0   0   255 255 255 255 255 255 0   0   0   0   255 255 0   0   255 255 255 255 255 255 255 255 
255 255 255 255 255 255 255 255 0   0   255 255 254 255 255 255 0   0   254 255 255 255 254 255 255 255 255 255 255 255 255 255 
255 255 255 255 255 255 15  0   255 255 255 255 0   0   3   0   0   0   0   0   255 255 3   0   255 255 0   0   255 255 0   0   
0   0   0   0   255 255 0   0   0   0   0   0   0   0   0   0   0   0   0   0   255 255 255 255 0   0   0   0   255 255 255 255 
0   0   255 255 255 255 255 255 0   0   0   0   255 255 255 255 0   0   0   0   255 255 0   0   255 255 255 255 255 255 255 255 
255 255 255 255 255 255 255 255 0   0   255 255 254 255 255 255 0   0   254 255 255 255 254 255 255 255 255 255 255 255 255 255 
255 255 255 255 255 255 15  0   255 255 255 255 0   0   3   0   0   0   0   0   255 255 3   0   255 255 0   0   255 255 0   0   
0   0   0   0   255 255 0   0   0   0   0   0   0   0   0   0   0   0   0   0   255 255 255 255 0   0   0   0   255 255 255 255 
0   0   255 255 255 255 255 255 0   0   0   0   255 255 255 255 0   0   0   0   255 255 0   0   255 255 255 255 255 255 255 255 
0   0   0   0   255 255 255 255 0   0   255 255 254 255 255 255 0   0   254 255 255 255 254 255 255 255 255 255 255 255 255 255 
255 255 255 255 255 255 15  0   255 255 255 255 0   0   3   0   0   0   0   0   255 255 3   0   255 255 0   0   255 255 0   0   
0   0   0   0   255 255 0   0   0   0   0   0   0   0   0   0   0   0   0   0   255 255 255 255 0   0   0   0   255 255 255 255 
0   0   255 255 255 255 255 255 0   0   0   0   255 255 255 255 0   0   0   0   255 255 0   0   255 255 255 255 255 255 255 255 
0   0   0   0   255 255 255 255 0   0   255 255 254 255 255 255 0   0   254 255 255 255 254 255 255 255 255 255 255 255 255 255 
255 255 255 255 255 255 16  0   255 255 255 255 0   0   3   0   0   0   0   0   255 255 3   0   255 255 0   0   255 255 0   0   
0   0   0   0   255 255 0   0   0   0   0   0   0   0   0   0   0   0   0   0   255 255 255 255 0   0   0   0   255 255 255 255 
0   0   255 255 255 255 255 255 0   0   0   0   255 255 255 255 0   0   0   0   255 255 0   0   0   0   0   0   255 255 255 255 
0   0   0   0   255 255 255 255 0   0   255 255 254 255 255 255 0   0   254 255 255 255 254 255 255 255 255 255 255 255 255 255 
255 255 255 255 255 255 16  0   255 255 255 255 0   0   3   0   0   0   0   0   255 255 3   0   255 255 0   0   255 255 0   0   
0   0   0   0   255 255 0   0   0   0   0   0   0   0   0   0   0   0   0   0   255 255 255 255 0   0   0   0   255 255 0   0   
0   0   255 255 255 255 255 255 0   0   0   0   255 255 255 255 0   0   0   0   255 255 0   0   255 255 0   0   255 255 255 255 
0   0   255 255 255 255 255 255 0   0   255 255 254 255 255 255 0   0   254 255 255 255 254 255 255 255 255 255 255 255 255 255 
255 255 255 255 255 255 16  0   255 255 255 255 0   0   3   0   0   0   0   0   255 255 3   0   255 255 0   0   255 255 0   0   
0   0   0   0   255 255 0   0   0   0   0   0   0   0   0   0   0   0   0   0   255 255 255 255 0   0   0   0   255 255 0   0   
0   0   255 255 255 255 255 255 0   0   0   0   255 255 255 255 0   0   255 255 255 255 0   0   255 255 0   0   255 255 255 255 
0   0   255 255 255 255 255 255 0   0   255 255 254 255 255 255 0   0   254 255 255 255 254 255 255 255 255 255 255 255 255 255 
255 255 255 255 255 255 16  0   255 255 255 255 0   0   3   0   0   0   0   0   255 255 3   0   255 255 0   0   255 255 0   0   
0   0   0   0   255 255 0   0   0   0   0   0   0   0   0   0   0   0   0   0   255 255 255 255 0   0   0   0   255 255 0   0   
0   0   255 255 255 255 255 255 0   0   0   0   255 255 255 255 0   0   255 255 255 255 0   0   255 255 0   0   255 255 255 255 
0   0   255 255 255 255 255 255 0   0   255 255 254 255 255 255 0   0   254 255 255 255 254 255 255 255 255 255 255 255 255 255 
255 255 255 255 0   0   16  0   255 255 255 255 0   0   3   0   0   0   0   0   255 255 3   0   255 255 0   0   255 255 0   0   
0   0   0   0   255 255 0   0   0   0   0   0   0   0   0   0   0   0   0   0   255 255 255 255 0   0   0   0   255 255 0   0   
0   0   255 255 255 255 255 255 0   0   0   0   255 255 255 255 0   0   255 255 255 255 0   0   255 255 255 255 255 255 255 255 
255 255 255 255 255 255 255 255 0   0   255 255 254 255 255 255 0   0   254 255 255 255 253 255 255 255 255 255 255 255 255 255 
255 255 255 255 0   0   16  0   255 255 255 255 0   0   3   0   0   0   0   0   255 255 3   0   255 255 0   0   255 255 0   0   
0   0   0   0   255 255 0   0   0   0   0   0   0   0   0   0   0   0   0   0   255 255 255 255 0   0   0   0   255 255 255 255 
0   0   255 255 255 255 255 255 0   0   0   0   255 255 255 255 0   0   255 255 255 255 0   0   255 255 255 255 255 255 255 255 
255 255 255 255 255 255 255 255 0   0   255 255 254 255 255 255 0   0   254 255 255 255 253 255 255 255 255 255 255 255 255 255 
255 255 255 255 0   0   16  0   255 255 255 255 0   0   3   0   0   0   0   0   255 255 4   0   255 255 0   0   255 255 0   0   
0   0   0   0   255 255 0   0   0   0   0   0   0   0   0   0   0   0   0   0   255 255 255 255 0   0   0   0   255 255 255 255 
0   0   255 255 255 255 255 255 0   0   0   0   255 255 255 255 0   0   255 255 255 255 0   0   255 255 255 255 255 255 255 255 
255 255 255 255 255 255 255 255 0   0   255 255 254 255 255 255 0   0   254 255 255 255 253 255 255 255 255 255 255 255 255 255 
255 255 255 255 0   0   16  0   255 255 255 255 0   0   3   0   0   0   0   0   255 255 3   0   255 255 0   0   255 255 0   0   
0   0   0   0   255 255 0   0   255 255 0   0   255 255 0   0   0   0   0   0   255 255 255 255 0   0   0   0   255 255 0   0   
0   0   255 255 255 255 255 255 0   0   0   0   255 255 255 255 0   0   255 255 255 255 0   0   255 255 255 255 255 255 255 255 
255 255 255 255 255 255 254 255 0   0   255 255 254 255 255 255 0   0   254 255 255 255 253 255 255 255 255 255 255 255 255 255 
255 255 255 255 0   0   16  0   255 255 255 255 0   0   3   0   0   0   0   0   255 255 3   0   255 255 0   0   255 255 0   0   
0   0   0   0   255 255 0   0   255 255 0   0   255 255 0   0   0   0   0   0   255 255 255 255 0   0   0   0   255 255 0   0   
0   0   255 255 255 255 255 255 0   0   0   0   255 255 254 255 0   0   255 255 255 255 0   0   255 255 255 255 255 255 255 255 
255 255 255 255 255 255 254 255 0   0   255 255 254 255 255 255 0   0   254 255 255 255 253 255 255 255 255 255 255 255 255 255 
255 255 255 255 0   0   16  0   255 255 255 255 0   0   3   0   0   0   0   0   255 255 3   0   255 255 0   0   255 255 0   0   
0   0   0   0   255 255 0   0   0   0   0   0   255 255 0   0   0   0   0   0   255 255 255 255 0   0   0   0   255 255 0   0   
0   0   255 255 255 255 255 255 0   0   0   0   255 255 254 255 0   0   255 255 255 255 0   0   255 255 255 255 255 255 255 255 
255 255 255 255 255 255 254 255 0   0   255 255 254 255 255 255 0   0   254 255 255 255 254 255 255 255 255 255 255 255 255 255 
255 255 255 255 255 255 16  0   255 255 255 255 0   0   3   0   0   0   0   0   255 255 3   0   255 255 0   0   255 255 0   0   
0   0   0   0   255 255 0   0   0   0   0   0   255 255 0   0   0   0   0   0   255 255 255 255 0   0   0   0   255 255 0   0   
0   0   255 255 255 255 255 255 0   0   0   0   255 255 254 255 0   0   255 255 255 255 0   0   255 255 255 255 255 255 255 255 
255 255 255 255 255 255 254 255 0   0   255 255 254 255 255 255 0   0   254 255 255 255 254 255 255 255 255 255 255 255 255 255 
255 255 255 255 255 255 16  0   255 255 255 255 0   0   3   0   0   0   0   0   0   0   3   0   255 255 0   0   255 255 0   0   
0   0   0   0   255 255 0   0   0   0   0   0   255 255 0   0   0   0   0   0   255 255 255 255 0   0   0   0   255 255 0   0   
0   0   255 255 255 255 255 255 0   0   0   0   255 255 254 255 0   0   255 255 255 255 0   0   255 255 255 255 255 255 255 255 
255 255 255 255 255 255 254 255 0   0   255 255 254 255 255 255 0   0   254 255 255 255 254 255 255 255 255 255 255 255 255 255 
255 255 255 255 255 255 16  0   255 255 255 255 0   0   3   0   0   0   0   0   0   0   3   0   255 255 0   0   255 255 0   0   
0   0   0   0   255 255 0   0   0   0   0   0   255 255 0   0   0   0   0   0   255 255 255 255 0   0   0   0   255 255 0   0   
0   0   255 255 255 255 255 255 0   0   0   0   255 255 254 255 0   0   255 255 255 255 0   0   255 255 255 255 255 255 255 255 
255 255 255 255 255 255 254 255 0   0   255 255 254 255 255 255 0   0   254 255 255 255 254 255 255 255 255 255 255 255 255 255 
255 255 255 255 0   0   16  0   255 255 255 255 0   0   3   0   0   0   0   0   0   0   3   0   255 255 0   0   255 255 0   0   
0   0   0   0   255 255 0   0   0   0   0   0   0   0   0   0   0   0   0   0   255 255 255 255 0   0   0   0   255 255 0   0   
0   0   255 255 255 255 255 255 0   0   0   0   255 255 254 255 0   0   255 255 255 255 0   0   255 255 255 255 255 255 255 255 
255 255 255 255 255 255 255 255 0   0   255 255 255 255 255 255 0   0   254 255 255 255 254 255 255 255 255 255 255 255 255 255 
255 255 255 255 0   0   16  0   255 255 255 255 0   0   3   0   0   0   0   0   0   0   3   0   255 255 0   0   255 255 0   0   
0   0   0   0   255 255 0   0   0   0   0   0   0   0   0   0   0   0   0   0   255 255 255 255 0   0   0   0   255 255 0   0   
0   0   255 255 255 255 255 255 0   0   0   0   255 255 254 255 0   0   255 255 255 255 0   0   255 255 255 255 255 255 255 255 
255 255 255 255 255 255 255 255 0   0   255 255 255 255 255 255 0   0   254 255 255 255 254 255 255 255 255 255 255 255 255 255 
255 255 255 255 0   0   16  0   255 255 255 255 0   0   3   0   0   0   0   0   255 255 3   0   0   0   0   0   255 255 1   0   
0   0   0   0   255 255 0   0   0   0   0   0   0   0   0   0   0   0   0   0   255 255 255 255 0   0   0   0   255 255 0   0   
0   0   255 255 255 255 255 255 0   0   0   0   255 255 255 255 0   0   255 255 255 255 0   0   255 255 255 255 255 255 255 255 
255 255 255 255 255 255 255 255 0   0   255 255 255 255 255 255 0   0   254 255 255 255 253 255 255 255 255 255 255 255 254 255 
255 255 255 255 0   0   16  0   255 255 255 255 0   0   3   0   0   0   0   0   0   0   3   0   255 255 0   0   255 255 0   0   
0   0   0   0   255 255 0   0   0   0   0   0   0   0   0   0   0   0   0   0   255 255 255 255 0   0   0   0   255 255 0   0   
0   0   255 255 255 255 255 255 0   0   0   0   255 255 255 255 0   0   255 255 255 255 0   0   255 255 255 255 255 255 255 255 
255 255 255 255 255 255 255 255 0   0   255 255 255 255 255 255 0   0   254 255 255 255 253 255 255 255 255 255 255 255 254 255 
255 255 255 255 0   0   16  0   255 255 255 255 0   0   3   0   0   0   0   0   0   0   3   0   255 255 0   0   255 255 0   0   
0   0   0   0   255 255 0   0   0   0   0   0   0   0   0   0   0   0   0   0   255 255 255 255 0   0   0   0   255 255 0   0   
0   0   255 255 0   0   255 255 0   0   0   0   255 255 255 255 0   0   255 255 255 255 0   0   255 255 255 255 255 255 255 255 
0   0   255 255 255 255 255 255 0   0   255 255 255 255 255 255 0   0   254 255 255 255 253 255 255 255 255 255 255 255 254 255 
255 255 255 255 0   0   16  0   255 255 255 255 0   0   3   0   0   0   0   0   0   0   3   0   255 255 0   0   255 255 0   0   
0   0   0   0   255 255 0   0   0   0   0   0   0   0   0   0   0   0   0   0   255 255 255 255 0   0   0   0   255 255 0   0   
0   0   255 255 0   0   255 255 0   0   0   0   255 255 255 255 0   0   255 255 255 255 0   0   0   0   0   0   255 255 255 255 
0   0   255 255 255 255 255 255 0   0   255 255 255 255 255 255 0   0   254 255 255 255 254 255 255 255 255 255 255 255 254 255 
255 255 255 255 0   0   16  0   255 255 255 255 0   0   3   0   0   0   0   0   0   0   3   0   255 255 0   0   255 255 0   0   
0   0   0   0   255 255 1   0   0   0   0   0   0   0   0   0   0   0   0   0   255 255 255 255 0   0   0   0   255 255 0   0   
0   0   255 255 0   0   255 255 0   0   0   0   255 255 255 255 0   0   255 255 255 255 0   0   0   0   0   0   255 255 255 255 
0   0   255 255 255 255 255 255 0   0   255 255 255 255 255 255 0   0   254 255 255 255 254 255 255 255 255 255 255 255 254 255 
255 255 255 255 0   0   16  0   255 255 255 255 0   0   3   0   0   0   0   0   255 255 3   0   255 255 0   0   255 255 0   0   
0   0   0   0   255 255 1   0   0   0   0   0   0   0   0   0   0   0   0   0   255 255 255 255 0   0   0   0   255 255 0   0   
0   0   255 255 0   0   255 255 0   0   0   0   255 255 255 255 0   0   255 255 255 255 0   0   255 255 0   0   255 255 255 255 
0   0   255 255 255 255 255 255 0   0   255 255 254 255 255 255 0   0   254 255 255 255 254 255 255 255 255 255 255 255 254 255 
255 255 255 255 0   0   16  0   255 255 255 255 0   0   3   0   0   0   0   0   255 255 3   0   255 255 0   0   255 255 0   0   
0   0   0   0   255 255 1   0   0   0   0   0   0   0   0   0   0   0   0   0   255 255 254 255 0   0   0   0   255 255 0   0   
0   0   255 255 0   0   255 255 0   0   0   0   255 255 255 255 0   0   255 255 255 255 0   0   255 255 0   0   255 255 255 255 
0   0   255 255 255 255 255 255 0   0   255 255 254 255 255 255 0   0   254 255 255 255 254 255 255 255 255 255 255 255 255 255 
255 255 255 255 0   0   16  0   255 255 255 255 0   0   3   0   0   0   0   0   255 255 3   0   255 255 0   0   255 255 0   0   
0   0   0   0   255 255 0   0   0   0   0   0   0   0   0   0   0   0   0   0   255 255 255 255 0   0   0   0   255 255 0   0   
0   0   255 255 0   0   255 255 0   0   0   0   255 255 255 255 0   0   255 255 255 255 0   0   255 255 0   0   255 255 255 255 
0   0   255 255 255 255 255 255 0   0   255 255 254 255 255 255 0   0   254 255 255 255 254 255 255 255 255 255 255 255 255 255 
255 255 255 255 0   0   16  0   255 255 255 255 0   0   3   0   0   0   0   0   255 255 3   0   255 255 0   0   255 255 0   0   
0   0   0   0   255 255 0   0   0   0   0   0   0   0   0   0   0   0   0   0   255 255 255 255 0   0   0   0   255 255 0   0   
0   0   255 255 0   0   255 255 0   0   0   0   255 255 255 255 0   0   255 255 255 255 0   0   255 255 0   0   255 255 255 255 
0   0   255 255 255 255 255 255 0   0   255 255 254 255 255 255 0   0   254 255 255 255 254 255 255 255 255 255 255 255 255 255 
255 255 255 255 0   0   16  0   255 255 255 255 0   0   3   0   0   0   0   0   255 255 3   0   255 255 0   0   255 255 0   0   
0   0   0   0   255 255 1   0   0   0   0   0   0   0   0   0   0   0   0   0   255 255 255 255 0   0   0   0   255 255 0   0   
0   0   255 255 255 255 255 255 0   0   0   0   255 255 255 255 0   0   255 255 255 255 0   0   255 255 0   0   255 255 255 255 
0   0   255 255 255 255 255 255 0   0   255 255 254 255 255 255 0   0   254 255 255 255 254 255 255 255 255 255 255 255 255 255 
255 255 255 255 0   0   16  0   255 255 255 255 0   0   3   0   0   0   0   0   255 255 3   0   255 255 255 255 255 255 0   0   
0   0   0   0   255 255 1   0   0   0   0   0   0   0   0   0   0   0   0   0   255 255 255 255 0   0   0   0   255 255 0   0   
0   0   255 255 255 255 255 255 0   0   0   0   255 255 254 255 0   0   255 255 255 255 0   0   255 255 0   0   255 255 255 255 
0   0   255 255 255 255 255 255 255 255 255 255 254 255 255 255 0   0   254 255 255 255 254 255 255 255 255 255 255 255 255 255 
255 255 255 255 0   0   16  0   255 255 255 255 0   0   3   0   0   0   0   0   255 255 3   0   255 255 255 255 255 255 0   0   
0   0   0   0   255 255 1   0   0   0   0   0   0   0   0   0   0   0   0   0   255 255 255 255 0   0   0   0   255 255 0   0   
0   0   255 255 255 255 255 255 0   0   0   0   255 255 254 255 0   0   255 255 255 255 0   0   255 255 255 255 255 255 255 255 
0   0   0   0   255 255 255 255 255 255 255 255 254 255 255 255 0   0   254 255 255 255 253 255 255 255 255 255 255 255 255 255 
255 255 255 255 0   0   15  0   255 255 255 255 0   0   3   0   0   0   0   0   255 255 3   0   255 255 0   0   255 255 0   0   
0   0   0   0   255 255 0   0   0   0   0   0   0   0   0   0   0   0   0   0   255 255 255 255 0   0   0   0   255 255 0   0   
0   0   255 255 255 255 255 255 0   0   0   0   255 255 254 255 0   0   255 255 255 255 0   0   255 255 255 255 255 255 255 255 
0   0   0   0   255 255 255 255 255 255 255 255 254 255 255 255 0   0   254 255 255 255 253 255 255 255 255 255 255 255 255 255 
255 255 255 255 0   0   16  0   255 255 255 255 0   0   3   0   0   0   0   0   255 255 3   0   255 255 0   0   255 255 0   0   
0   0   0   0   255 255 0   0   0   0   0   0   0   0   0   0   0   0   0   0   255 255 255 255 0   0   0   0   255 255 0   0   
0   0   255 255 255 255 255 255 0   0   0   0   255 255 254 255 0   0   255 255 255 255 0   0   255 255 255 255 255 255 255 255 
255 255 255 255 255 255 255 255 255 255 255 255 254 255 255 255 0   0   254 255 255 255 253 255 255 255 255 255 255 255 255 255 
255 255 255 255 0   0   16  0   255 255 255 255 0   0   3   0   0   0   0   0   255 255 3   0   255 255 0   0   255 255 0   0   
0   0   0   0   255 255 0   0   0   0   0   0   0   0   0   0   0   0   0   0   255 255 255 255 0   0   0   0   255 255 0   0   
0   0   255 255 255 255 255 255 0   0   0   0   255 255 254 255 0   0   255 255 255 255 0   0   255 255 255 255 255 255 255 255 
255 255 255 255 255 255 255 255 255 255 255 255 254 255 255 255 0   0   254 255 255 255 253 255 255 255 255 255 255 255 255 255 
255 255 255 255 0   0   16  0   255 255 255 255 0   0   3   0   0   0   0   0   255 255 3   0   255 255 0   0   255 255 0   0   
0   0   0   0   255 255 0   0   0   0   0   0   0   0   0   0   0   0   0   0   255 255 255 255 0   0   0   0   255 255 0   0   
0   0   255 255 255 255 255 255 0   0   0   0   255 255 255 255 0   0   0   0   255 255 0   0   255 255 255 255 255 255 255 255 
0   0   255 255 255 255 255 255 255 255 255 255 254 255 255 255 0   0   254 255 255 255 253 255 255 255 255 255 255 255 255 255 
255 255 255 255 0   0   16  0   255 255 255 255 0   0   3   0   0   0   0   0   255 255 3   0   255 255 0   0   0   0   0   0   
0   0   0   0   255 255 0   0   0   0   0   0   0   0   0   0   0   0   0   0   255 255 255 255 0   0   0   0   255 255 0   0   
0   0   255 255 255 255 255 255 0   0   0   0   255 255 255 255 0   0   0   0   255 255 0   0   255 255 255 255 255 255 255 255 
0   0   255 255 255 255 255 255 255 255 255 255 254 255 255 255 0   0   254 255 255 255 253 255 255 255 255 255 255 255 255 255 
255 255 255 255 0   0   16  0   255 255 255 255 0   0   3   0   0   0   0   0   255 255 3   0   255 255 0   0   0   0   0   0   
0   0   0   0   255 255 0   0   0   0   0   0   0   0   0   0   0   0   0   0   255 255 255 255 0   0   0   0   255 255 0   0   
0   0   255 255 255 255 255 255 0   0   0   0   255 255 255 255 0   0   255 255 255 255 0   0   255 255 255 255 255 255 255 255 
0   0   255 255 255 255 255 255 0   0   255 255 254 255 255 255 0   0   254 255 255 255 253 255 255 255 255 255 255 255 255 255 
255 255 255 255 0   0   16  0   255 255 255 255 0   0   3   0   0   0   0   0   255 255 3   0   255 255 0   0   0   0   0   0   
0   0   0   0   255 255 0   0   0   0   0   0   0   0   0   0   0   0   0   0   255 255 255 255 0   0   0   0   255 255 0   0   
0   0   255 255 255 255 255 255 0   0   0   0   255 255 255 255 0   0   255 255 255 255 0   0   255 255 255 255 255 255 255 255 
0   0   255 255 255 255 255 255 0   0   255 255 254 255 255 255 0   0   254 255 255 255 254 255 255 255 255 255 255 255 255 255 
255 255 255 255 0   0   16  0   255 255 0   0   1   0   4   0   0   0   0   0   255 255 3   0   255 255 0   0   0   0   0   0   
0   0   0   0   255 255 0   0   0   0   0   0   0   0   0   0   0   0   0   0   255 255 254 255 0   0   0   0   255 255 0   0   
0   0   255 255 255 255 255 255 0   0   0   0   255 255 255 255 0   0   255 255 255 255 0   0   255 255 255 255 255 255 255 255 
255 255 255 255 255 255 255 255 0   0   255 255 254 255 255 255 0   0   255 255 255 255 254 255 255 255 255 255 255 255 255 255 
255 255 255 255 0   0   16  0   255 255 0   0   0   0   3   0   0   0   0   0   255 255 3   0   255 255 0   0   0   0   0   0   
0   0   0   0   255 255 0   0   0   0   0   0   0   0   0   0   0   0   0   0   255 255 255 255 0   0   0   0   255 255 0   0   
0   0   255 255 255 255 255 255 0   0   0   0   255 255 255 255 0   0   255 255 255 255 0   0   255 255 0   0   255 255 255 255 
255 255 255 255 255 255 255 255 0   0   255 255 254 255 255 255 0   0   255 255 255 255 254 255 255 255 255 255 255 255 255 255 
255 255 255 255 0   0   16  0   255 255 0   0   0   0   3   0   0   0   0   0   0   0   4   0   255 255 0   0   0   0   0   0   
0   0   0   0   255 255 0   0   0   0   0   0   0   0   0   0   0   0   0   0   255 255 255 255 0   0   0   0   255 255 0   0   
0   0   255 255 255 255 255 255 0   0   0   0   255 255 255 255 0   0   255 255 255 255 0   0   255 255 0   0   255 255 255 255 
255 255 255 255 255 255 255 255 0   0   255 255 254 255 255 255 0   0   254 255 255 255 254 255 255 255 255 255 255 255 255 255 
255 255 255 255 0   0   16  0   255 255 0   0   0   0   3   0   0   0   0   0   0   0   3   0   255 255 0   0   0   0   0   0   
0   0   0   0   255 255 0   0   0   0   0   0   0   0   0   0   0   0   0   0   255 255 255 255 0   0   0   0   255 255 0   0   
0   0   255 255 255 255 255 255 0   0   0   0   255 255 255 255 0   0   255 255 255 255 0   0   255 255 0   0   255 255 255 255 
255 255 255 255 255 255 255 255 0   0   255 255 254 255 255 255 0   0   254 255 255 255 253 255 255 255 255 255 255 255 254 255 
255 255 255 255 0   0   17  0   255 255 0   0   0   0   3   0   0   0   0   0   0   0   3   0   255 255 0   0   0   0   1   0   
0   0   0   0   0   0   0   0   0   0   0   0   0   0   0   0   0   0   0   0   255 255 255 255 0   0   0   0   255 255 0   0   
0   0   255 255 255 255 255 255 0   0   0   0   255 255 255 255 0   0   255 255 255 255 0   0   255 255 0   0   255 255 255 255 
255 255 255 255 255 255 255 255 0   0   255 255 254 255 255 255 0   0   254 255 255 255 253 255 255 255 255 255 255 255 254 255 
255 255 255 255 0   0   16  0   255 255 255 255 0   0   3   0   0   0   0   0   255 255 2   0   255 255 0   0   0   0   1   0   
0   0   0   0   255 255 0   0   0   0   0   0   0   0   0   0   0   0   0   0   255 255 255 255 0   0   0   0   255 255 0   0   
0   0   255 255 255 255 255 255 0   0   255 255 254 255 254 255 0   0   255 255 255 255 0   0   255 255 255 255 255 255 255 255 
0   0   255 255 255 255 255 255 0   0   255 255 254 255 255 255 0   0   254 255 255 255 254 255 255 255 255 255 255 255 254 255 
255 255 255 255 0   0   16  0   255 255 255 255 0   0   3   0   0   0   0   0   255 255 3   0   255 255 0   0   0   0   1   0   
0   0   0   0   255 255 0   0   0   0   0   0   0   0   0   0   0   0   0   0   255 255 255 255 0   0   0   0   255 255 0   0   
0   0   255 255 255 255 255 255 0   0   255 255 254 255 254 255 0   0   255 255 255 255 0   0   255 255 255 255 255 255 255 255 
0   0   255 255 255 255 255 255 0   0   255 255 254 255 255 255 0   0   254 255 255 255 254 255 255 255 255 255 255 255 255 255 
255 255 255 255 0   0   16  0   255 255 255 255 0   0   3   0   0   0   0   0   255 255 3   0   255 255 0   0   255 255 1   0   
0   0   0   0   255 255 0   0   0   0   0   0   0   0   0   0   0   0   0   0   255 255 255 255 0   0   0   0   255 255 0   0   
0   0   255 255 255 255 255 255 0   0   255 255 254 255 255 255 0   0   255 255 255 255 0   0   255 255 255 255 255 255 255 255 
0   0   255 255 255 255 255 255 0   0   255 255 254 255 255 255 0   0   254 255 255 255 254 255 255 255 255 255 255 255 255 255 
255 255 255 255 0   0   16  0   255 255 255 255 0   0   3   0   0   0   0   0   255 255 3   0   255 255 0   0   255 255 1   0   
0   0   0   0   255 255 0   0   0   0   0   0   0   0   0   0   0   0   0   0   255 255 255 255 0   0   0   0   255 255 0   0   
0   0   255 255 255 255 255 255 0   0   255 255 254 255 254 255 0   0   255 255 255 255 0   0   255 255 255 255 255 255 255 255 
255 255 255 255 255 255 255 255 0   0   255 255 254 255 255 255 0   0   254 255 255 255 254 255 255 255 255 255 255 255 255 255 
255 255 255 255 0   0   16  0   255 255 255 255 0   0   3   0   0   0   0   0   255 255 3   0   255 255 0   0   255 255 1   0   
0   0   0   0   255 255 0   0   0   0   0   0   0   0   0   0   0   0   0   0   255 255 255 255 0   0   0   0   255 255 0   0   
0   0   255 255 255 255 255 255 0   0   255 255 255 255 255 255 0   0   255 255 255 255 0   0   255 255 255 255 255 255 255 255 
0   0   255 255 255 255 255 255 0   0   255 255 254 255 255 255 0   0   254 255 255 255 254 255 255 255 255 255 255 255 255 255 
255 255 255 255 0   0   16  0   255 255 255 255 0   0   3   0   0   0   0   0   255 255 3   0   255 255 0   0   255 255 0   0   
0   0   0   0   255 255 0   0   0   0   0   0   0   0   0   0   0   0   0   0   255 255 255 255 0   0   0   0   255 255 0   0   
0   0   255 255 0   0   255 255 0   0   255 255 255 255 255 255 0   0   255 255 255 255 0   0   255 255 255 255 255 255 255 255 
0   0   255 255 255 255 255 255 0   0   255 255 254 255 255 255 0   0   254 255 255 255 254 255 255 255 255 255 255 255 255 255 
255 255 255 255 0   0   16  0   255 255 255 255 0   0   3   0   0   0   0   0   255 255 4   0   255 255 0   0   255 255 0   0   
0   0   0   0   255 255 0   0   0   0   0   0   0   0   0   0   0   0   0   0   255 255 255 255 0   0   0   0   255 255 0   0   
0   0   255 255 0   0   255 255 0   0   255 255 255 255 255 255 0   0   255 255 255 255 0   0   255 255 255 255 255 255 255 255 
0   0   255 255 255 255 255 255 0   0   255 255 254 255 255 255 0   0   254 255 255 255 254 255 255 255 255 255 255 255 255 255 
255 255 255 255 0   0   16  0   255 255 255 255 0   0   3   0   0   0   0   0   255 255 4   0   255 255 0   0   255 255 0   0   
0   0   0   0   255 255 0   0   0   0   0   0   0   0   0   0   0   0   0   0   255 255 255 255 0   0   0   0   255 255 0   0   
0   0   255 255 255 255 254 255 0   0   255 255 255 255 255 255 0   0   255 255 255 255 0   0   255 255 255 255 255 255 255 255 
0   0   255 255 255 255 255 255 0   0   255 255 254 255 255 255 0   0   254 255 255 255 254 255 255 255 255 255 255 255 255 255 
255 255 255 255 0   0   17  0   255 255 255 255 0   0   3   0   0   0   0   0   255 255 3   0   0   0   0   0   255 255 0   0   
0   0   0   0   255 255 0   0   0   0   0   0   0   0   0   0   0   0   0   0   255 255 255 255 0   0   0   0   255 255 0   0   
0   0   255 255 255 255 255 255 0   0   255 255 255 255 255 255 0   0   255 255 255 255 0   0   255 255 255 255 255 255 255 255 
0   0   255 255 255 255 255 255 0   0   255 255 254 255 255 255 0   0   254 255 255 255 254 255 255 255 255 255 255 255 255 255 
255 255 255 255 0   0   16  0   255 255 255 255 0   0   3   0   0   0   0   0   255 255 3   0   0   0   0   0   255 255 0   0   
0   0   0   0   255 255 0   0   0   0   0   0   0   0   0   0   0   0   0   0   255 255 255 255 0   0   0   0   255 255 0   0   
0   0   255 255 255 255 255 255 0   0   255 255 255 255 255 255 0   0   255 255 255 255 0   0   255 255 255 255 255 255 255 255 
0   0   255 255 255 255 255 255 0   0   255 255 254 255 255 255 0   0   254 255 255 255 254 255 255 255 255 255 255 255 255 255 
255 255 255 255 0   0   16  0   255 255 255 255 0   0   3   0   0   0   0   0   255 255 3   0   0   0   0   0   255 255 0   0   
0   0   0   0   255 255 0   0   0   0   0   0   0   0   0   0   0   0   0   0   255 255 255 255 0   0   0   0   255 255 0   0   
0   0   255 255 255 255 255 255 0   0   255 255 255 255 255 255 0   0   255 255 255 255 0   0   255 255 255 255 255 255 255 255 
0   0   255 255 255 255 254 255 0   0   255 255 254 255 255 255 0   0   254 255 255 255 254 255 255 255 255 255 255 255 255 255 
255 255 255 255 0   0   16  0   255 255 255 255 0   0   3   0   0   0   0   0   255 255 3   0   0   0   0   0   255 255 0   0   
0   0   0   0   255 255 0   0   0   0   0   0   0   0   0   0   0   0   0   0   255 255 255 255 0   0   0   0   255 255 0   0   
0   0   255 255 255 255 255 255 0   0   255 255 255 255 255 255 0   0   255 255 255 255 0   0   255 255 255 255 255 255 255 255 
0   0   255 255 255 255 254 255 0   0   255 255 254 255 255 255 0   0   254 255 255 255 254 255 255 255 255 255 255 255 255 255 
255 255 255 255 0   0   16  0   255 255 255 255 0   0   3   0   0   0   0   0   255 255 3   0   0   0   0   0   255 255 0   0   
0   0   0   0   255 255 1   0   0   0   0   0   0   0   0   0   0   0   0   0   255 255 255 255 0   0   0   0   255 255 255 255 
0   0   255 255 255 255 255 255 0   0   255 255 255 255 255 255 0   0   255 255 255 255 0   0   255 255 255 255 255 255 255 255 
0   0   255 255 255 255 254 255 0   0   255 255 254 255 255 255 0   0   254 255 255 255 253 255 255 255 255 255 255 255 255 255 
255 255 255 255 0   0   16  0   255 255 255 255 0   0   3   0   0   0   0   0   255 255 3   0   0   0   0   0   255 255 0   0   
0   0   0   0   255 255 1   0   0   0   0   0   0   0   0   0   0   0   0   0   255 255 254 255 0   0   0   0   255 255 255 255 
0   0   255 255 255 255 255 255 0   0   255 255 255 255 255 255 0   0   255 255 255 255 255 255 255 255 255 255 255 255 255 255 
0   0   255 255 255 255 255 255 0   0   255 255 254 255 255 255 0   0   254 255 255 255 254 255 255 255 255 255 255 255 255 255 
255 255 255 255 0   0   16  0   255 255 255 255 0   0   3   0   0   0   0   0   255 255 3   0   0   0   0   0   255 255 0   0   
0   0   0   0   255 255 1   0   0   0   0   0   255 255 0   0   0   0   0   0   255 255 254 255 0   0   0   0   255 255 255 255 
0   0   255 255 255 255 255 255 0   0   255 255 255 255 255 255 0   0   255 255 255 255 0   0   255 255 255 255 255 255 255 255 
0   0   255 255 255 255 255 255 255 255 254 255 254 255 255 255 0   0   254 255 255 255 254 255 255 255 254 255 255 255 255 255 
255 255 255 255 0   0   16  0   255 255 255 255 0   0   3   0   0   0   0   0   255 255 3   0   0   0   0   0   255 255 0   0   
0   0   0   0   255 255 1   0   0   0   0   0   255 255 0   0   0   0   0   0   255 255 255 255 0   0   0   0   255 255 0   0   
0   0   255 255 255 255 255 255 0   0   255 255 255 255 255 255 0   0   255 255 255 255 0   0   255 255 255 255 255 255 255 255 
0   0   255 255 255 255 255 255 255 255 254 255 254 255 255 255 0   0   254 255 255 255 254 255 255 255 254 255 255 255 255 255 
255 255 255 255 0   0   16  0   255 255 255 255 0   0   3   0   0   0   0   0   255 255 3   0   255 255 0   0   255 255 0   0   
0   0   0   0   255 255 1   0   0   0   0   0   255 255 0   0   0   0   0   0   255 255 254 255 0   0   0   0   255 255 0   0   
0   0   255 255 255 255 255 255 0   0   255 255 255 255 255 255 0   0   255 255 255 255 0   0   255 255 255 255 255 255 255 255 
0   0   255 255 255 255 255 255 0   0   254 255 254 255 255 255 0   0   254 255 255 255 254 255 255 255 255 255 255 255 255 255 
255 255 255 255 0   0   16  0   255 255 255 255 0   0   3   0   0   0   0   0   255 255 3   0   255 255 0   0   255 255 0   0   
0   0   0   0   255 255 0   0   0   0   0   0   255 255 0   0   0   0   0   0   255 255 255 255 0   0   0   0   255 255 0   0   
0   0   255 255 255 255 255 255 0   0   255 255 255 255 255 255 0   0   255 255 255 255 0   0   255 255 255 255 255 255 255 255 
0   0   255 255 255 255 255 255 0   0   254 255 254 255 255 255 0   0   254 255 255 255 254 255 255 255 255 255 255 255 255 255 
255 255 255 255 0   0   16  0   255 255 255 255 1   0   3   0   0   0   0   0   255 255 3   0   255 255 0   0   255 255 0   0   
0   0   0   0   255 255 0   0   0   0   0   0   255 255 0   0   0   0   0   0   255 255 255 255 0   0   0   0   255 255 0   0   
0   0   255 255 255 255 255 255 0   0   255 255 255 255 255 255 0   0   255 255 255 255 0   0   255 255 255 255 255 255 255 255 
0   0   255 255 255 255 255 255 0   0   254 255 254 255 255 255 0   0   254 255 255 255 254 255 255 255 255 255 255 255 255 255 
255 255 255 255 0   0   16  0   255 255 255 255 0   0   3   0   0   0   0   0   255 255 3   0   255 255 0   0   255 255 1   0   
0   0   0   0   255 255 0   0   0   0   0   0   255 255 0   0   0   0   0   0   255 255 255 255 0   0   0   0   255 255 0   0   
0   0   255 255 255 255 255 255 0   0   255 255 254 255 254 255 0   0   255 255 255 255 0   0   255 255 255 255 255 255 255 255 
0   0   255 255 255 255 255 255 0   0   255 255 254 255 255 255 0   0   254 255 255 255 254 255 255 255 255 255 255 255 255 255 
255 255 255 255 0   0   16  0   255 255 255 255 0   0   4   0   0   0   0   0   255 255 3   0   255 255 0   0   255 255 1   0   
0   0   0   0   255 255 0   0   0   0   0   0   255 255 0   0   0   0   0   0   255 255 255 255 0   0   0   0   255 255 0   0   
0   0   255 255 255 255 255 255 0   0   255 255 254 255 254 255 0   0   255 255 255 255 0   0   255 255 255 255 255 255 255 255 
0   0   255 255 255 255 255 255 0   0   255 255 254 255 255 255 0   0   254 255 255 255 254 255 255 255 255 255 255 255 255 255 
255 255 255 255 255 255 15  0   255 255 255 255 0   0   3   0   0   0   0   0   255 255 3   0   255 255 0   0   255 255 1   0   
0   0   0   0   0   0   1   0   0   0   0   0   255 255 0   0   0   0   0   0   255 255 255 255 0   0   0   0   255 255 255 255 
0   0   255 255 255 255 254 255 0   0   255 255 254 255 254 255 0   0   255 255 255 255 0   0   255 255 255 255 255 255 255 255 
0   0   0   0   255 255 255 255 0   0   255 255 254 255 255 255 0   0   254 255 0   0   254 255 255 255 255 255 255 255 255 255 
255 255 255 255 255 255 15  0   255 255 255 255 0   0   3   0   0   0   0   0   255 255 3   0   255 255 0   0   255 255 0   0   
0   0   0   0   0   0   1   0   0   0   0   0   255 255 0   0   0   0   255 255 255 255 254 255 0   0   0   0   255 255 255 255 
0   0   255 255 255 255 255 255 0   0   255 255 254 255 255 255 0   0   255 255 255 255 0   0   255 255 255 255 255 255 255 255 
0   0   255 255 255 255 255 255 0   0   255 255 254 255 255 255 0   0   254 255 0   0   254 255 255 255 255 255 255 255 255 255 
255 255 255 255 255 255 15  0   255 255 255 255 0   0   3   0   0   0   0   0   255 255 3   0   255 255 0   0   255 255 0   0   
0   0   0   0   0   0   1   0   0   0   0   0   255 255 0   0   0   0   255 255 255 255 255 255 0   0   0   0   255 255 255 255 
0   0   255 255 255 255 255 255 0   0   255 255 254 255 255 255 0   0   255 255 255 255 0   0   255 255 255 255 255 255 255 255 
0   0   255 255 255 255 254 255 0   0   255 255 254 255 255 255 0   0   254 255 0   0   254 255 255 255 255 255 255 255 255 255 
255 255 255 255 0   0   16  0   255 255 255 255 0   0   3   0   0   0   0   0   255 255 3   0   255 255 0   0   255 255 0   0   
0   0   0   0   255 255 0   0   0   0   0   0   255 255 0   0   0   0   255 255 255 255 255 255 0   0   0   0   255 255 255 255 
0   0   255 255 255 255 255 255 0   0   255 255 254 255 255 255 0   0   255 255 255 255 0   0   255 255 255 255 255 255 255 255 
0   0   255 255 255 255 255 255 0   0   255 255 254 255 255 255 0   0   254 255 0   0   254 255 255 255 255 255 255 255 255 255 
255 255 255 255 0   0   16  0   255 255 255 255 0   0   3   0   0   0   0   0   255 255 3   0   255 255 0   0   255 255 0   0   
0   0   0   0   255 255 0   0   0   0   0   0   255 255 0   0   0   0   255 255 255 255 255 255 0   0   0   0   255 255 255 255 
0   0   255 255 255 255 255 255 0   0   255 255 254 255 255 255 0   0   255 255 255 255 0   0   0   0   255 255 255 255 255 255 
0   0   255 255 255 255 255 255 0   0   255 255 254 255 255 255 0   0   254 255 0   0   254 255 255 255 255 255 255 255 255 255 
255 255 255 255 0   0   16  0   255 255 255 255 0   0   3   0   0   0   0   0   255 255 3   0   255 255 0   0   255 255 0   0   
0   0   0   0   255 255 0   0   0   0   0   0   255 255 0   0   0   0   255 255 255 255 255 255 0   0   0   0   255 255 255 255 
0   0   255 255 255 255 255 255 0   0   0   0   255 255 255 255 0   0   255 255 255 255 0   0   0   0   255 255 255 255 255 255 
0   0   255 255 255 255 255 255 0   0   255 255 254 255 255 255 0   0   254 255 0   0   254 255 255 255 255 255 255 255 255 255 
255 255 255 255 0   0   16  0   255 255 255 255 0   0   3   0   0   0   0   0   255 255 3   0   255 255 0   0   255 255 0   0   
0   0   0   0   255 255 0   0   0   0   0   0   255 255 0   0   0   0   0   0   255 255 255 255 0   0   0   0   255 255 255 255 
0   0   255 255 255 255 255 255 0   0   0   0   255 255 255 255 0   0   255 255 255 255 0   0   255 255 255 255 255 255 255 255 
255 255 255 255 255 255 255 255 0   0   255 255 254 255 255 255 0   0   254 255 0   0   254 255 255 255 255 255 255 255 254 255 
255 255 255 255 0   0   16  0   255 255 255 255 0   0   3   0   0   0   0   0   255 255 3   0   255 255 0   0   255 255 1   0   
0   0   0   0   255 255 0   0   0   0   0   0   255 255 0   0   0   0   0   0   255 255 255 255 0   0   0   0   255 255 255 255 
0   0   255 255 255 255 255 255 0   0   0   0   255 255 255 255 0   0   255 255 255 255 0   0   255 255 255 255 255 255 255 255 
255 255 255 255 255 255 255 255 0   0   255 255 254 255 255 255 0   0   254 255 0   0   254 255 255 255 255 255 255 255 254 255 
255 255 255 255 0   0   16  0   255 255 255 255 0   0   3   0   0   0   0   0   255 255 3   0   255 255 0   0   255 255 0   0   
0   0   0   0   255 255 0   0   0   0   0   0   255 255 0   0   0   0   0   0   255 255 0   0   0   0   0   0   255 255 0   0   
0   0   255 255 255 255 255 255 0   0   0   0   255 255 255 255 0   0   255 255 255 255 0   0   255 255 255 255 255 255 255 255 
255 255 255 255 255 255 255 255 0   0   255 255 254 255 255 255 0   0   254 255 0   0   254 255 255 255 255 255 255 255 254 255 
255 255 255 255 0   0   16  0   255 255 255 255 0   0   3   0   0   0   0   0   255 255 3   0   255 255 0   0   255 255 0   0   
0   0   0   0   255 255 1   0   0   0   0   0   255 255 0   0   0   0   0   0   255 255 0   0   0   0   0   0   255 255 0   0   
0   0   255 255 255 255 255 255 0   0   0   0   255 255 255 255 0   0   0   0   255 255 0   0   255 255 255 255 255 255 255 255 
255 255 255 255 255 255 255 255 0   0   255 255 255 255 255 255 0   0   254 255 0   0   254 255 255 255 255 255 255 255 254 255 
255 255 255 255 255 255 15  0   255 255 255 255 0   0   3   0   0   0   0   0   255 255 3   0   255 255 0   0   255 255 0   0   
0   0   0   0   255 255 0   0   0   0   0   0   0   0   0   0   0   0   0   0   255 255 255 255 0   0   0   0   255 255 0   0   
0   0   255 255 255 255 255 255 0   0   0   0   255 255 255 255 0   0   0   0   255 255 0   0   255 255 255 255 255 255 255 255 
255 255 255 255 255 255 255 255 0   0   255 255 255 255 255 255 0   0   254 255 0   0   253 255 255 255 255 255 255 255 254 255 
255 255 255 255 0   0   16  0   255 255 255 255 0   0   4   0   0   0   0   0   255 255 3   0   255 255 0   0   0   0   1   0   
0   0   0   0   255 255 0   0   0   0   0   0   0   0   0   0   0   0   0   0   255 255 255 255 0   0   0   0   255 255 0   0   
0   0   255 255 255 255 255 255 0   0   0   0   255 255 255 255 0   0   0   0   255 255 0   0   255 255 255 255 255 255 255 255 
255 255 255 255 255 255 255 255 0   0   255 255 255 255 255 255 0   0   254 255 0   0   253 255 255 255 255 255 255 255 254 255 
255 255 255 255 0   0   16  0   255 255 255 255 0   0   4   0   0   0   0   0   255 255 3   0   255 255 0   0   0   0   1   0   
0   0   0   0   255 255 0   0   0   0   0   0   0   0   0   0   0   0   0   0   255 255 255 255 0   0   0   0   255 255 0   0   
0   0   255 255 255 255 255 255 0   0   0   0   255 255 255 255 0   0   0   0   255 255 0   0   255 255 255 255 255 255 255 255 
0   0   0   0   255 255 255 255 255 255 255 255 254 255 255 255 0   0   254 255 0   0   254 255 255 255 255 255 255 255 254 255 
255 255 255 255 0   0   16  0   255 255 255 255 0   0   3   0   0   0   0   0   255 255 3   0   255 255 255 255 255 255 0   0   
0   0   0   0   255 255 0   0   0   0   0   0   0   0   0   0   0   0   0   0   255 255 255 255 0   0   0   0   255 255 255 255 
0   0   255 255 255 255 255 255 0   0   0   0   255 255 255 255 0   0   0   0   255 255 0   0   255 255 255 255 255 255 255 255 
0   0   0   0   255 255 255 255 255 255 255 255 254 255 255 255 0   0   254 255 0   0   254 255 255 255 255 255 255 255 254 255 
255 255 255 255 0   0   16  0   255 255 255 255 0   0   3   0   0   0   0   0   255 255 3   0   255 255 0   0   255 255 0   0   
0   0   0   0   255 255 0   0   0   0   0   0   0   0   0   0   0   0   0   0   255 255 254 255 0   0   0   0   255 255 255 255 
0   0   255 255 255 255 255 255 0   0   0   0   255 255 255 255 0   0   0   0   255 255 0   0   255 255 255 255 255 255 255 255 
0   0   255 255 255 255 254 255 255 255 255 255 254 255 255 255 0   0   254 255 0   0   254 255 255 255 255 255 255 255 254 255 
255 255 255 255 255 255 15  0   255 255 255 255 0   0   3   0   0   0   0   0   255 255 3   0   255 255 0   0   255 255 0   0   
0   0   0   0   255 255 0   0   0   0   0   0   0   0   0   0   0   0   0   0   255 255 255 255 0   0   0   0   255 255 255 255 
0   0   255 255 255 255 255 255 0   0   0   0   255 255 255 255 0   0   0   0   255 255 0   0   255 255 255 255 255 255 255 255 
0   0   255 255 255 255 254 255 255 255 255 255 254 255 255 255 0   0   254 255 0   0   254 255 255 255 255 255 255 255 254 255 
255 255 255 255 255 255 16  0   255 255 255 255 0   0   3   0   0   0   0   0   255 255 3   0   255 255 0   0   255 255 0   0   
0   0   0   0   255 255 0   0   0   0   0   0   0   0   0   0   0   0   0   0   255 255 255 255 0   0   0   0   255 255 255 255 
0   0   255 255 255 255 255 255 0   0   0   0   255 255 255 255 0   0   0   0   255 255 0   0   255 255 255 255 255 255 255 255 
0   0   255 255 255 255 254 255 255 255 255 255 254 255 255 255 0   0   254 255 0   0   254 255 255 255 255 255 255 255 254 255 
255 255 255 255 255 255 15  0   255 255 255 255 0   0   3   0   0   0   0   0   255 255 3   0   255 255 0   0   255 255 0   0   
0   0   0   0   255 255 0   0   0   0   0   0   0   0   0   0   0   0   0   0   255 255 255 255 0   0   0   0   255 255 255 255 
0   0   255 255 255 255 255 255 0   0   0   0   255 255 255 255 0   0   0   0   255 255 0   0   255 255 255 255 255 255 255 255 
0   0   255 255 255 255 254 255 255 255 255 255 254 255 255 255 0   0   254 255 0   0   254 255 255 255 255 255 255 255 254 255 
255 255 255 255 255 255 15  0   255 255 255 255 0   0   3   0   0   0   0   0   255 255 3   0   255 255 0   0   255 255 0   0   
0   0   0   0   255 255 0   0   0   0   0   0   0   0   0   0   0   0   0   0   255 255 255 255 0   0   0   0   255 255 0   0   
0   0   255 255 255 255 255 255 0   0   0   0   255 255 255 255 0   0   0   0   255 255 0   0   255 255 255 255 255 255 255 255 
0   0   255 255 255 255 254 255 255 255 255 255 254 255 255 255 0   0   254 255 0   0   254 255 255 255 255 255 255 255 254 255 
255 255 255 255 255 255 15  0   255 255 255 255 0   0   3   0   0   0   0   0   255 255 3   0   255 255 0   0   255 255 0   0   
0   0   0   0   255 255 0   0   0   0   0   0   0   0   0   0   0   0   0   0   255 255 255 255 0   0   0   0   255 255 0   0   
0   0   255 255 255 255 255 255 0   0   0   0   255 255 255 255 0   0   255 255 255 255 0   0   255 255 255 255 255 255 255 255 
0   0   255 255 255 255 254 255 255 255 255 255 254 255 255 255 0   0   254 255 0   0   254 255 255 255 255 255 255 255 255 255 
255 255 255 255 0   0   16  0   255 255 255 255 0   0   3   0   0   0   0   0   255 255 3   0   255 255 0   0   255 255 1   0   
0   0   0   0   255 255 0   0   0   0   0   0   255 255 0   0   0   0   0   0   255 255 255 255 0   0   0   0   255 255 255 255 
0   0   255 255 255 255 255 255 0   0   0   0   255 255 255 255 0   0   255 255 255 255 0   0   255 255 255 255 255 255 255 255 
0   0   255 255 255 255 255 255 255 255 255 255 254 255 255 255 0   0   254 255 0   0   254 255 255 255 255 255 255 255 255 255 
255 255 255 255 0   0   16  0   255 255 255 255 0   0   3   0   0   0   0   0   255 255 3   0   255 255 0   0   255 255 0   0   
0   0   0   0   255 255 0   0   0   0   0   0   255 255 0   0   0   0   0   0   255 255 255 255 0   0   0   0   255 255 0   0   
0   0   255 255 255 255 255 255 0   0   0   0   255 255 255 255 0   0   255 255 255 255 0   0   0   0   255 255 255 255 255 255 
0   0   255 255 255 255 255 255 255 255 255 255 254 255 255 255 0   0   254 255 0   0   254 255 255 255 255 255 255 255 255 255 
255 255 255 255 0   0   16  0   255 255 255 255 0   0   3   0   0   0   0   0   255 255 3   0   255 255 0   0   255 255 0   0   
0   0   0   0   255 255 0   0   0   0   0   0   255 255 0   0   0   0   0   0   255 255 255 255 0   0   0   0   255 255 0   0   
0   0   255 255 255 255 255 255 0   0   0   0   255 255 255 255 0   0   255 255 255 255 0   0   0   0   255 255 255 255 255 255 
0   0   255 255 255 255 255 255 0   0   255 255 255 255 255 255 0   0   254 255 0   0   253 255 255 255 255 255 255 255 255 255 
255 255 255 255 0   0   16  0   255 255 255 255 0   0   3   0   0   0   0   0   255 255 3   0   255 255 0   0   255 255 0   0   
0   0   0   0   255 255 0   0   0   0   0   0   0   0   0   0   0   0   0   0   255 255 0   0   0   0   0   0   255 255 0   0   
0   0   255 255 255 255 255 255 0   0   0   0   255 255 255 255 0   0   255 255 255 255 0   0   255 255 255 255 255 255 255 255 
0   0   255 255 255 255 255 255 0   0   255 255 255 255 255 255 0   0   254 255 255 255 253 255 255 255 255 255 255 255 254 255 
255 255 255 255 0   0   16  0   255 255 255 255 0   0   3   0   0   0   0   0   0   0   3   0   255 255 0   0   255 255 0   0   
0   0   0   0   255 255 0   0   0   0   0   0   0   0   0   0   0   0   0   0   255 255 255 255 0   0   0   0   255 255 0   0   
0   0   255 255 255 255 255 255 0   0   0   0   255 255 255 255 0   0   255 255 255 255 0   0   255 255 255 255 255 255 255 255 
0   0   255 255 255 255 255 255 0   0   255 255 255 255 255 255 0   0   254 255 255 255 254 255 255 255 255 255 255 255 254 255 
255 255 255 255 0   0   16  0   255 255 255 255 0   0   3   0   0   0   0   0   255 255 3   0   255 255 0   0   255 255 0   0   
0   0   0   0   255 255 0   0   0   0   0   0   0   0   0   0   0   0   0   0   255 255 255 255 0   0   0   0   255 255 0   0   
0   0   255 255 255 255 255 255 0   0   0   0   255 255 255 255 0   0   255 255 255 255 0   0   255 255 255 255 255 255 255 255 
0   0   255 255 255 255 255 255 0   0   255 255 255 255 255 255 0   0   254 255 255 255 254 255 255 255 255 255 255 255 254 255 
255 255 255 255 255 255 15  0   255 255 255 255 0   0   3   0   0   0   0   0   255 255 3   0   255 255 0   0   255 255 0   0   
0   0   0   0   255 255 0   0   0   0   0   0   0   0   0   0   1   0   0   0   255 255 255 255 0   0   0   0   255 255 255 255 
0   0   255 255 255 255 255 255 0   0   0   0   255 255 255 255 0   0   255 255 255 255 0   0   255 255 255 255 255 255 255 255 
255 255 255 255 255 255 255 255 0   0   255 255 255 255 255 255 0   0   254 255 255 255 254 255 255 255 255 255 255 255 254 255 
255 255 255 255 255 255 15  0   255 255 255 255 0   0   3   0   0   0   0   0   255 255 2   0   255 255 0   0   255 255 0   0   
0   0   0   0   255 255 0   0   0   0   0   0   0   0   0   0   1   0   0   0   255 255 255 255 0   0   0   0   255 255 255 255 
0   0   255 255 255 255 255 255 0   0   0   0   255 255 255 255 0   0   255 255 255 255 0   0   255 255 255 255 255 255 255 255 
255 255 255 255 255 255 255 255 0   0   255 255 255 255 255 255 0   0   254 255 255 255 253 255 255 255 255 255 255 255 254 255 
255 255 255 255 255 255 16  0   255 255 255 255 0   0   3   0   0   0   0   0   255 255 3   0   255 255 0   0   255 255 0   0   
0   0   0   0   255 255 0   0   0   0   0   0   0   0   0   0   0   0   0   0   255 255 255 255 0   0   0   0   255 255 255 255 
0   0   255 255 255 255 255 255 0   0   0   0   255 255 255 255 0   0   255 255 255 255 0   0   255 255 255 255 255 255 255 255 
255 255 255 255 255 255 255 255 0   0   255 255 255 255 255 255 0   0   254 255 255 255 253 255 255 255 255 255 255 255 255 255 
255 255 255 255 255 255 16  0   255 255 255 255 0   0   3   0   0   0   0   0   255 255 3   0   255 255 0   0   255 255 0   0   
0   0   0   0   255 255 0   0   0   0   0   0   0   0   0   0   0   0   0   0   255 255 255 255 0   0   0   0   255 255 255 255 
0   0   255 255 255 255 255 255 0   0   0   0   255 255 255 255 0   0   255 255 255 255 0   0   255 255 255 255 255 255 255 255 
255 255 255 255 255 255 255 255 0   0   255 255 255 255 255 255 0   0   254 255 255 255 253 255 255 255 255 255 255 255 255 255 
255 255 255 255 255 255 16  0   255 255 255 255 0   0   3   0   0   0   0   0   255 255 3   0   255 255 0   0   255 255 0   0   
0   0   0   0   255 255 0   0   0   0   0   0   0   0   0   0   0   0   0   0   255 255 255 255 0   0   0   0   255 255 255 255 
0   0   255 255 255 255 255 255 0   0   0   0   255 255 255 255 0   0   255 255 255 255 0   0   255 255 255 255 255 255 255 255 
0   0   255 255 255 255 255 255 255 255 255 255 255 255 255 255 0   0   254 255 255 255 253 255 255 255 255 255 255 255 255 255 
255 255 255 255 255 255 16  0   255 255 255 255 0   0   3   0   0   0   0   0   255 255 3   0   255 255 0   0   255 255 0   0   
0   0   0   0   255 255 0   0   0   0   0   0   0   0   0   0   0   0   0   0   255 255 255 255 0   0   0   0   255 255 0   0   
0   0   255 255 255 255 255 255 0   0   0   0   255 255 255 255 0   0   255 255 255 255 0   0   255 255 255 255 255 255 255 255 
0   0   255 255 255 255 254 255 255 255 255 255 254 255 255 255 0   0   254 255 255 255 254 255 255 255 255 255 255 255 255 255 
255 255 255 255 0   0   16  0   255 255 255 255 0   0   3   0   0   0   0   0   0   0   3   0   255 255 0   0   255 255 1   0   
0   0   0   0   255 255 1   0   0   0   0   0   0   0   0   0   0   0   0   0   255 255 255 255 0   0   0   0   255 255 0   0   
0   0   255 255 255 255 254 255 0   0   0   0   255 255 255 255 0   0   255 255 255 255 0   0   255 255 255 255 255 255 255 255 
0   0   255 255 255 255 255 255 255 255 255 255 254 255 255 255 0   0   254 255 255 255 254 255 255 255 255 255 255 255 255 255 
255 255 255 255 0   0   16  0   255 255 255 255 0   0   3   0   0   0   0   0   0   0   3   0   255 255 0   0   255 255 1   0   
0   0   0   0   255 255 0   0   0   0   0   0   0   0   0   0   0   0   0   0   255 255 255 255 0   0   0   0   255 255 0   0   
0   0   255 255 255 255 254 255 0   0   0   0   255 255 255 255 0   0   255 255 255 255 0   0   255 255 255 255 255 255 255 255 
0   0   255 255 255 255 254 255 255 255 255 255 254 255 255 255 0   0   254 255 255 255 254 255 255 255 255 255 255 255 255 255 
255 255 255 255 255 255 15  0   255 255 255 255 0   0   3   0   0   0   0   0   0   0   3   0   255 255 0   0   255 255 1   0   
0   0   0   0   255 255 0   0   0   0   0   0   0   0   0   0   0   0   0   0   255 255 255 255 0   0   0   0   255 255 0   0   
0   0   255 255 255 255 254 255 0   0   0   0   255 255 255 255 0   0   255 255 255 255 0   0   255 255 255 255 255 255 255 255 
0   0   255 255 255 255 255 255 0   0   255 255 254 255 255 255 0   0   254 255 255 255 254 255 255 255 255 255 255 255 255 255 
255 255 255 255 255 255 16  0   255 255 255 255 0   0   3   0   0   0   255 255 255 255 2   0   255 255 0   0   255 255 1   0   
0   0   0   0   255 255 0   0   0   0   0   0   0   0   0   0   0   0   0   0   255 255 255 255 0   0   0   0   255 255 0   0   
0   0   255 255 255 255 254 255 0   0   0   0   255 255 255 255 0   0   255 255 255 255 0   0   255 255 255 255 255 255 255 255 
0   0   255 255 255 255 255 255 0   0   255 255 254 255 255 255 0   0   254 255 255 255 254 255 255 255 255 255 255 255 255 255 
255 255 255 255 255 255 15  0   255 255 255 255 0   0   3   0   0   0   0   0   255 255 3   0   255 255 0   0   255 255 1   0   
0   0   0   0   255 255 0   0   0   0   0   0   0   0   0   0   0   0   0   0   255 255 255 255 0   0   0   0   255 255 0   0   
0   0   255 255 255 255 254 255 0   0   0   0   255 255 255 255 0   0   255 255 255 255 0   0   255 255 255 255 255 255 255 255 
0   0   255 255 255 255 254 255 0   0   255 255 254 255 255 255 0   0   254 255 255 255 254 255 255 255 255 255 255 255 255 255 
255 255 255 255 255 255 16  0   255 255 255 255 0   0   3   0   0   0   0   0   255 255 3   0   255 255 0   0   255 255 1   0   
0   0   0   0   255 255 0   0   0   0   0   0   0   0   0   0   0   0   0   0   255 255 255 255 0   0   0   0   255 255 255 255 
0   0   255 255 255 255 254 255 0   0   0   0   255 255 255 255 0   0   255 255 255 255 0   0   255 255 255 255 255 255 255 255 
0   0   255 255 255 255 255 255 0   0   255 255 254 255 255 255 0   0   255 255 0   0   255 255 255 255 255 255 255 255 255 255 
255 255 255 255 255 255 15  0   255 255 255 255 0   0   3   0   0   0   0   0   255 255 3   0   255 255 0   0   255 255 1   0   
0   0   0   0   255 255 0   0   0   0   0   0   0   0   0   0   0   0   0   0   255 255 255 255 0   0   0   0   255 255 0   0   
0   0   255 255 0   0   255 255 0   0   0   0   255 255 255 255 0   0   255 255 255 255 0   0   255 255 255 255 255 255 255 255 
0   0   255 255 255 255 255 255 0   0   255 255 254 255 255 255 0   0   255 255 0   0   255 255 255 255 255 255 255 255 255 255 
255 255 255 255 255 255 15  0   255 255 255 255 0   0   3   0   0   0   0   0   255 255 3   0   255 255 0   0   255 255 1   0   
0   0   0   0   255 255 0   0   0   0   0   0   0   0   0   0   0   0   0   0   255 255 255 255 0   0   0   0   255 255 0   0   
0   0   255 255 0   0   255 255 0   0   0   0   255 255 255 255 0   0   255 255 255 255 0   0   255 255 255 255 255 255 255 255 
0   0   255 255 255 255 255 255 0   0   255 255 254 255 255 255 0   0   254 255 0   0   254 255 255 255 255 255 255 255 255 255 
255 255 255 255 255 255 16  0   255 255 255 255 0   0   3   0   0   0   0   0   255 255 3   0   255 255 0   0   255 255 0   0   
0   0   0   0   255 255 0   0   0   0   0   0   0   0   0   0   0   0   0   0   255 255 255 255 0   0   0   0   255 255 0   0   
0   0   255 255 0   0   255 255 0   0   0   0   255 255 255 255 0   0   255 255 255 255 255 255 255 255 255 255 255 255 255 255 
0   0   255 255 255 255 255 255 0   0   255 255 254 255 255 255 0   0   254 255 0   0   254 255 255 255 255 255 255 255 255 255 
255 255 255 255 255 255 16  0   255 255 255 255 0   0   3   0   0   0   0   0   255 255 3   0   255 255 0   0   255 255 0   0   
0   0   0   0   255 255 0   0   0   0   0   0   0   0   0   0   0   0   0   0   255 255 255 255 0   0   0   0   255 255 0   0   
0   0   255 255 0   0   255 255 0   0   0   0   255 255 255 255 0   0   255 255 255 255 255 255 255 255 255 255 255 255 255 255 
0   0   255 255 255 255 255 255 0   0   255 255 255 255 255 255 0   0   254 255 0   0   254 255 255 255 255 255 255 255 255 255 
255 255 255 255 255 255 16  0   255 255 255 255 0   0   3   0   0   0   0   0   255 255 3   0   255 255 0   0   255 255 0   0   
0   0   0   0   255 255 0   0   0   0   0   0   0   0   0   0   0   0   0   0   255 255 255 255 0   0   0   0   255 255 0   0   
0   0   255 255 0   0   255 255 0   0   0   0   255 255 255 255 0   0   255 255 255 255 255 255 255 255 255 255 255 255 255 255 
0   0   255 255 255 255 255 255 0   0   255 255 255 255 255 255 0   0   254 255 0   0   254 255 255 255 255 255 255 255 255 255 
255 255 255 255 255 255 16  0   255 255 255 255 0   0   3   0   0   0   0   0   255 255 3   0   255 255 0   0   255 255 0   0   
0   0   0   0   255 255 0   0   0   0   0   0   0   0   0   0   0   0   0   0   255 255 255 255 0   0   0   0   255 255 0   0   
0   0   255 255 0   0   255 255 0   0   0   0   255 255 255 255 0   0   255 255 255 255 0   0   255 255 255 255 255 255 255 255 
0   0   255 255 255 255 255 255 0   0   255 255 255 255 255 255 0   0   254 255 0   0   254 255 255 255 255 255 255 255 255 255 
255 255 255 255 255 255 16  0   255 255 255 255 0   0   3   0   0   0   0   0   255 255 3   0   255 255 0   0   255 255 0   0   
0   0   0   0   255 255 1   0   0   0   0   0   0   0   0   0   0   0   0   0   255 255 255 255 0   0   0   0   255 255 0   0   
0   0   255 255 0   0   255 255 0   0   0   0   255 255 255 255 0   0   255 255 255 255 0   0   255 255 255 255 255 255 255 255 
0   0   255 255 255 255 255 255 0   0   255 255 255 255 255 255 0   0   254 255 0   0   253 255 255 255 255 255 255 255 255 255 
255 255 255 255 255 255 16  0   255 255 255 255 1   0   3   0   0   0   0   0   255 255 3   0   255 255 0   0   255 255 0   0   
0   0   0   0   255 255 0   0   0   0   0   0   0   0   0   0   0   0   0   0   255 255 255 255 0   0   0   0   255 255 0   0   
0   0   255 255 0   0   255 255 0   0   0   0   255 255 255 255 0   0   255 255 255 255 255 255 255 255 255 255 255 255 255 255 
0   0   255 255 255 255 255 255 0   0   255 255 255 255 255 255 0   0   254 255 0   0   253 255 255 255 255 255 255 255 255 255 
255 255 255 255 255 255 15  0   255 255 255 255 0   0   3   0   0   0   0   0   255 255 3   0   255 255 0   0   255 255 0   0   
0   0   0   0   255 255 0   0   0   0   0   0   0   0   0   0   0   0   0   0   255 255 255 255 0   0   0   0   255 255 0   0   
0   0   255 255 0   0   255 255 0   0   0   0   255 255 255 255 0   0   255 255 255 255 255 255 255 255 0   0   255 255 255 255 
0   0   255 255 255 255 255 255 0   0   255 255 255 255 255 255 0   0   254 255 0   0   253 255 255 255 255 255 255 255 255 255 
255 255 255 255 255 255 15  0   255 255 255 255 0   0   3   0   0   0   0   0   255 255 3   0   255 255 0   0   255 255 0   0   
0   0   0   0   0   0   0   0   0   0   0   0   0   0   0   0   0   0   0   0   255 255 255 255 0   0   0   0   255 255 0   0   
0   0   255 255 0   0   255 255 0   0   0   0   255 255 255 255 0   0   255 255 255 255 255 255 255 255 0   0   255 255 255 255 
0   0   255 255 255 255 255 255 255 255 255 255 255 255 255 255 0   0   254 255 0   0   253 255 255 255 255 255 255 255 255 255 
255 255 255 255 255 255 15  0   255 255 255 255 0   0   3   0   0   0   0   0   255 255 3   0   255 255 0   0   255 255 0   0   
0   0   0   0   0   0   0   0   0   0   0   0   0   0   0   0   0   0   0   0   255 255 255 255 0   0   0   0   255 255 0   0   
0   0   255 255 0   0   255 255 0   0   0   0   255 255 255 255 0   0   255 255 255 255 0   0   254 255 255 255 255 255 255 255 
0   0   255 255 255 255 254 255 255 255 255 255 255 255 255 255 0   0   254 255 0   0   254 255 255 255 255 255 255 255 255 255 
255 255 255 255 0   0   16  0   255 255 255 255 0   0   3   0   0   0   0   0   255 255 3   0   255 255 0   0   255 255 0   0   
0   0   0   0   0   0   0   0   0   0   0   0   0   0   0   0   0   0   0   0   255 255 255 255 0   0   0   0   255 255 0   0   
0   0   255 255 255 255 255 255 0   0   0   0   255 255 255 255 0   0   255 255 255 255 0   0   254 255 255 255 255 255 255 255 
0   0   255 255 255 255 254 255 255 255 255 255 255 255 255 255 0   0   254 255 0   0   254 255 255 255 255 255 255 255 255 255 
255 255 255 255 0   0   16  0   255 255 255 255 0   0   3   0   0   0   0   0   255 255 3   0   255 255 0   0   255 255 0   0   
0   0   0   0   0   0   0   0   0   0   0   0   0   0   0   0   0   0   0   0   255 255 255 255 0   0   0   0   255 255 0   0   
0   0   255 255 255 255 255 255 0   0   0   0   255 255 255 255 0   0   255 255 255 255 0   0   255 255 255 255 255 255 255 255 
0   0   255 255 255 255 254 255 255 255 255 255 255 255 255 255 0   0   254 255 0   0   254 255 255 255 255 255 255 255 255 255 
255 255 255 255 255 255 16  0   255 255 255 255 0   0   3   0   0   0   0   0   255 255 3   0   255 255 0   0   255 255 0   0   
0   0   0   0   255 255 0   0   0   0   0   0   0   0   0   0   0   0   0   0   255 255 255 255 0   0   0   0   255 255 0   0   
0   0   255 255 255 255 255 255 0   0   0   0   255 255 255 255 0   0   255 255 255 255 0   0   255 255 255 255 255 255 255 255 
255 255 255 255 255 255 254 255 255 255 255 255 255 255 255 255 0   0   254 255 0   0   254 255 255 255 255 255 255 255 255 255 
255 255 255 255 255 255 16  0   255 255 255 255 0   0   3   0   0   0   0   0   255 255 3   0   255 255 0   0   255 255 0   0   
0   0   0   0   255 255 0   0   0   0   0   0   0   0   0   0   0   0   0   0   255 255 255 255 0   0   0   0   255 255 0   0   
0   0   255 255 255 255 255 255 0   0   0   0   255 255 255 255 0   0   255 255 255 255 0   0   255 255 255 255 255 255 255 255 
255 255 255 255 255 255 254 255 255 255 255 255 255 255 255 255 0   0   254 255 255 255 254 255 255 255 255 255 255 255 254 255 
255 255 255 255 255 255 16  0   255 255 255 255 0   0   3   0   0   0   0   0   255 255 3   0   255 255 0   0   255 255 0   0   
0   0   0   0   255 255 0   0   0   0   0   0   0   0   0   0   0   0   0   0   255 255 255 255 0   0   0   0   255 255 0   0   
0   0   255 255 255 255 255 255 0   0   0   0   255 255 255 255 0   0   255 255 255 255 0   0   255 255 255 255 255 255 254 255 
255 255 255 255 255 255 254 255 255 255 255 255 255 255 255 255 0   0   254 255 255 255 254 255 255 255 255 255 255 255 254 255 
255 255 255 255 255 255 16  0   255 255 0   0   1   0   4   0   0   0   0   0   255 255 3   0   255 255 0   0   255 255 0   0   
0   0   0   0   255 255 0   0   0   0   0   0   0   0   0   0   0   0   0   0   255 255 255 255 0   0   0   0   255 255 0   0   
0   0   255 255 255 255 255 255 0   0   0   0   255 255 255 255 0   0   255 255 255 255 0   0   255 255 255 255 255 255 254 255 
255 255 255 255 255 255 254 255 255 255 255 255 255 255 255 255 0   0   254 255 255 255 254 255 255 255 255 255 255 255 254 255 
255 255 255 255 255 255 16  0   255 255 0   0   0   0   4   0   0   0   0   0   255 255 3   0   255 255 0   0   255 255 1   0   
0   0   0   0   255 255 0   0   0   0   0   0   0   0   0   0   0   0   0   0   255 255 255 255 0   0   0   0   255 255 0   0   
0   0   255 255 255 255 255 255 0   0   0   0   255 255 255 255 0   0   255 255 255 255 0   0   255 255 255 255 255 255 254 255 
255 255 255 255 255 255 255 255 255 255 255 255 255 255 255 255 0   0   255 255 255 255 254 255 255 255 255 255 255 255 254 255 
255 255 255 255 255 255 16  0   255 255 0   0   0   0   4   0   0   0   0   0   255 255 3   0   255 255 0   0   255 255 1   0   
0   0   0   0   255 255 0   0   0   0   0   0   0   0   0   0   0   0   0   0   255 255 255 255 0   0   0   0   255 255 255 255 
0   0   255 255 255 255 255 255 0   0   0   0   255 255 255 255 0   0   255 255 255 255 0   0   255 255 255 255 255 255 255 255 
255 255 255 255 255 255 255 255 255 255 255 255 255 255 255 255 0   0   255 255 255 255 254 255 255 255 255 255 255 255 254 255 
255 255 255 255 255 255 16  0   255 255 0   0   0   0   4   0   0   0   0   0   255 255 3   0   255 255 0   0   255 255 0   0   
0   0   0   0   255 255 0   0   0   0   0   0   0   0   0   0   0   0   0   0   255 255 255 255 0   0   0   0   255 255 255 255 
0   0   255 255 255 255 255 255 0   0   0   0   255 255 255 255 0   0   255 255 255 255 0   0   255 255 255 255 255 255 255 255 
255 255 255 255 255 255 255 255 255 255 255 255 255 255 255 255 0   0   255 255 255 255 254 255 255 255 255 255 255 255 254 255 
255 255 255 255 0   0   16  0   255 255 0   0   0   0   4   0   0   0   0   0   255 255 3   0   255 255 0   0   255 255 0   0   
0   0   0   0   255 255 0   0   0   0   0   0   255 255 255 255 0   0   0   0   255 255 254 255 0   0   0   0   255 255 255 255 
0   0   255 255 255 255 255 255 0   0   0   0   255 255 255 255 0   0   255 255 255 255 0   0   255 255 255 255 255 255 255 255 
255 255 255 255 255 255 255 255 255 255 255 255 255 255 255 255 0   0   255 255 255 255 253 255 255 255 255 255 255 255 255 255 
255 255 255 255 0   0   16  0   255 255 255 255 0   0   3   0   0   0   0   0   255 255 3   0   255 255 0   0   255 255 0   0   
0   0   0   0   255 255 0   0   0   0   0   0   255 255 255 255 0   0   0   0   255 255 254 255 0   0   0   0   255 255 255 255 
0   0   255 255 255 255 255 255 0   0   0   0   255 255 255 255 0   0   255 255 255 255 0   0   255 255 255 255 255 255 255 255 
255 255 255 255 255 255 255 255 255 255 255 255 255 255 255 255 0   0   255 255 255 255 253 255 255 255 255 255 255 255 255 255 
255 255 255 255 0   0   16  0   255 255 255 255 0   0   3   0   0   0   0   0   255 255 3   0   255 255 0   0   255 255 0   0   
0   0   0   0   255 255 0   0   0   0   0   0   255 255 255 255 0   0   0   0   255 255 254 255 0   0   0   0   255 255 0   0   
0   0   255 255 0   0   255 255 0   0   0   0   255 255 255 255 0   0   255 255 255 255 0   0   255 255 255 255 255 255 255 255 
255 255 255 255 255 255 255 255 255 255 255 255 254 255 255 255 0   0   255 255 255 255 253 255 255 255 255 255 255 255 255 255 
255 255 255 255 0   0   16  0   255 255 255 255 0   0   3   0   0   0   0   0   255 255 3   0   255 255 0   0   255 255 0   0   
0   0   0   0   255 255 1   0   0   0   0   0   0   0   0   0   0   0   0   0   255 255 254 255 0   0   0   0   255 255 0   0   
0   0   255 255 0   0   255 255 0   0   0   0   255 255 255 255 0   0   255 255 255 255 0   0   255 255 255 255 255 255 255 255 
255 255 255 255 255 255 255 255 255 255 255 255 254 255 255 255 0   0   255 255 255 255 254 255 255 255 255 255 255 255 255 255 
255 255 255 255 0   0   16  0   255 255 255 255 0   0   3   0   0   0   0   0   255 255 3   0   255 255 0   0   255 255 0   0   
0   0   0   0   255 255 1   0   0   0   0   0   0   0   0   0   0   0   0   0   255 255 254 255 0   0   0   0   255 255 0   0   
0   0   255 255 255 255 255 255 0   0   0   0   255 255 255 255 0   0   255 255 255 255 0   0   255 255 255 255 255 255 255 255 
255 255 255 255 255 255 255 255 255 255 255 255 254 255 255 255 0   0   255 255 255 255 254 255 255 255 255 255 255 255 255 255 
255 255 255 255 0   0   16  0   255 255 255 255 0   0   2   0   0   0   0   0   255 255 3   0   255 255 0   0   255 255 0   0   
0   0   0   0   0   0   1   0   0   0   0   0   0   0   0   0   0   0   0   0   255 255 255 255 0   0   0   0   255 255 0   0   
0   0   255 255 0   0   255 255 0   0   0   0   255 255 255 255 0   0   255 255 255 255 0   0   255 255 255 255 255 255 255 255 
255 255 255 255 255 255 255 255 255 255 255 255 254 255 255 255 0   0   255 255 255 255 254 255 255 255 255 255 255 255 255 255 
255 255 255 255 0   0   16  0   255 255 255 255 0   0   3   0   0   0   0   0   255 255 3   0   255 255 0   0   255 255 0   0   
0   0   0   0   0   0   1   0   0   0   0   0   0   0   0   0   0   0   0   0   255 255 255 255 0   0   0   0   255 255 0   0   
0   0   255 255 0   0   255 255 0   0   0   0   255 255 255 255 0   0   255 255 255 255 0   0   255 255 255 255 255 255 255 255 
255 255 255 255 255 255 255 255 255 255 254 255 254 255 255 255 0   0   255 255 255 255 254 255 255 255 255 255 255 255 255 255 
255 255 255 255 0   0   16  0   255 255 255 255 0   0   3   0   0   0   0   0   255 255 3   0   255 255 0   0   255 255 0   0   
0   0   0   0   0   0   1   0   0   0   0   0   0   0   0   0   0   0   0   0   255 255 255 255 0   0   0   0   255 255 0   0   
0   0   255 255 0   0   255 255 0   0   0   0   255 255 255 255 0   0   255 255 255 255 0   0   255 255 255 255 255 255 255 255 
255 255 255 255 255 255 254 255 0   0   255 255 254 255 255 255 0   0   255 255 255 255 254 255 255 255 255 255 255 255 255 255 
255 255 255 255 0   0   16  0   255 255 255 255 0   0   3   0   0   0   0   0   255 255 3   0   255 255 0   0   255 255 0   0   
0   0   0   0   255 255 0   0   0   0   0   0   0   0   0   0   0   0   0   0   255 255 0   0   0   0   0   0   255 255 0   0   
0   0   255 255 0   0   255 255 0   0   255 255 254 255 254 255 0   0   255 255 255 255 0   0   255 255 255 255 255 255 255 255 
255 255 255 255 255 255 254 255 0   0   255 255 254 255 255 255 0   0   255 255 255 255 254 255 255 255 255 255 255 255 254 255 
255 255 255 255 0   0   16  0   255 255 255 255 0   0   3   0   0   0   0   0   255 255 3   0   255 255 0   0   255 255 0   0   
0   0   0   0   255 255 0   0   0   0   0   0   0   0   0   0   0   0   0   0   255 255 0   0   0   0   0   0   255 255 0   0   
0   0   255 255 0   0   255 255 0   0   255 255 254 255 254 255 0   0   255 255 255 255 0   0   255 255 255 255 255 255 255 255 
255 255 255 255 255 255 254 255 0   0   255 255 254 255 255 255 0   0   255 255 255 255 254 