0   0   0   0   0   0   4   0   0   0   0   0   1   0   2   0   1   0   0   0   1   0   5   0   0   0   0   0   1   0   3   0   
0   0   0   0   0   0   6   0   0   0   0   0   1   0   3   0   0   0   1   0   1   0   3   0   0   0   0   0   0   0   1   0   
0   0   0   0   1   0   2   0   0   0   0   0   0   0   0   0   0   0   0   0   0   0   2   0   0   0   0   0   0   0   1   0   
0   0   0   0   0   0   2   0   0   0   0   0   1   0   2   0   0   0   0   0   0   0   3   0   1   0   1   0   0   0   2   0   
0   0   0   0   0   0   3   0   0   0   0   0   0   0   2   0   0   0   0   0   0   0   5   0   0   0   0   0   1   0   3   0   
0   0   0   0   0   0   5   0   255 255 0   0   0   0   2   0   255 255 255 255 0   0   1   0   254 255 254 255 255 255 255 255 
0   0   0   0   0   0   1   0   0   0   0   0   0   0   0   0   0   0   0   0   0   0   1   0   0   0   0   0   0   0   1   0   
0   0   0   0   0   0   1   0   0   0   0   0   0   0   1   0   0   0   0   0   255 255 1   0   1   0   0   0   0   0   1   0   
0   0   0   0   255 255 2   0   0   0   0   0   255 255 0   0   255 255 255 255 255 255 3   0   255 255 0   0   1   0   1   0   
255 255 255 255 255 255 5   0   255 255 0   0   0   0   2   0   255 255 255 255 0   0   1   0   254 255 254 255 255 255 255 255 
0   0   0   0   0   0   0   0   0   0   0   0   0   0   0   0   0   0   0   0   255 255 255 255 255 255 0   0   0   0   0   0   
0   0   0   0   255 255 1   0   0   0   0   0   0   0   1   0   0   0   0   0   0   0   1   0   0   0   0   0   255 255 0   0   
0   0   0   0   255 255 2   0   0   0   0   0   255 255 0   0   255 255 255 255 255 255 3   0   255 255 0   0   0   0   1   0   
255 255 255 255 255 255 5   0   255 255 255 255 0   0   2   0   255 255 255 255 0   0   0   0   254 255 254 255 255 255 255 255 
0   0   0   0   0   0   0   0   0   0   0   0   0   0   255 255 0   0   0   0   255 255 0   0   255 255 0   0   1   0   1   0   
255 255 0   0   255 255 0   0   0   0   0   0   0   0   1   0   0   0   0   0   0   0   1   0   0   0   0   0   255 255 0   0   
0   0   0   0   255 255 2   0   0   0   0   0   255 255 0   0   255 255 255 255 255 255 2   0   255 255 0   0   0   0   1   0   
255 255 255 255 255 255 6   0   255 255 255 255 0   0   2   0   255 255 255 255 255 255 0   0   254 255 254 255 255 255 255 255 
0   0   0   0   0   0   0   0   0   0   255 255 255 255 255 255 0   0   0   0   255 255 0   0   255 255 0   0   0   0   0   0   
255 255 0   0   255 255 0   0   0   0   0   0   0   0   0   0   0   0   0   0   0   0   1   0   0   0   0   0   255 255 0   0   
0   0   0   0   255 255 2   0   0   0   0   0   255 255 0   0   255 255 255 255 255 255 2   0   255 255 0   0   0   0   1   0   
255 255 255 255 255 255 8   0   255 255 255 255 0   0   1   0   255 255 254 255 255 255 255 255 254 255 254 255 254 255 255 255 
0   0   0   0   0   0   0   0   255 255 255 255 255 255 255 255 0   0   0   0   255 255 0   0   0   0   0   0   0   0   0   0   
255 255 0   0   255 255 0   0   0   0   0   0   0   0   0   0   0   0   0   0   0   0   1   0   0   0   0   0   255 255 0   0   
0   0   0   0   255 255 2   0   0   0   0   0   255 255 0   0   255 255 254 255 255 255 2   0   255 255 0   0   0   0   1   0   
255 255 255 255 255 255 9   0   255 255 255 255 0   0   1   0   255 255 255 255 255 255 0   0   254 255 254 255 254 255 255 255 
0   0   0   0   0   0   0   0   255 255 255 255 0   0   0   0   0   0   0   0   255 255 0   0   0   0   0   0   0   0   0   0   
255 255 0   0   255 255 0   0   0   0   0   0   0   0   0   0   0   0   0   0   0   0   1   0   0   0   0   0   255 255 0   0   
0   0   0   0   255 255 3   0   0   0   0   0   0   0   0   0   255 255 254 255 255 255 4   0   255 255 0   0   0   0   1   0   
255 255 255 255 255 255 10  0   255 255 255 255 0   0   1   0   255 255 255 255 255 255 0   0   254 255 254 255 254 255 255 255 
255 255 0   0   255 255 255 255 255 255 255 255 0   0   0   0   0   0   0   0   255 255 255 255 0   0   0   0   0   0   0   0   
255 255 0   0   255 255 0   0   0   0   0   0   0   0   0   0   0   0   0   0   0   0   1   0   0   0   0   0   255 255 0   0   
0   0   0   0   255 255 2   0   0   0   0   0   0   0   0   0   255 255 255 255 255 255 4   0   255 255 0   0   0   0   1   0   
255 255 255 255 255 255 11  0   254 255 255 255 255 255 1   0   255 255 255 255 255 255 0   0   254 255 254 255 254 255 255 255 
255 255 0   0   255 255 255 255 255 255 255 255 0   0   0   0   0   0   0   0   255 255 255 255 0   0   0   0   0   0   0   0   
255 255 0   0   255 255 0   0   0   0   0   0   0   0   0   0   0   0   0   0   0   0   1   0   0   0   0   0   255 255 0   0   
0   0   0   0   255 255 2   0   0   0   0   0   0   0   0   0   255 255 255 255 255 255 4   0   255 255 255 255 0   0   1   0   
255 255 255 255 255 255 10  0   254 255 255 255 255 255 1   0   255 255 255 255 255 255 0   0   254 255 254 255 254 255 255 255 
255 255 0   0   255 255 255 255 255 255 255 255 0   0   0   0   0   0   0   0   255 255 255 255 0   0   0   0   0   0   0   0   
255 255 0   0   255 255 0   0   0   0   0   0   0   0   0   0   0   0   0   0   0   0   1   0   0   0   0   0   255 255 0   0   
0   0   0   0   255 255 2   0   0   0   0   0   0   0   0   0   255 255 255 255 255 255 4   0   255 255 255 255 0   0   1   0   
255 255 255 255 255 255 10  0   254 255 255 255 255 255 1   0   255 255 255 255 255 255 0   0   254 255 254 255 254 255 255 255 
255 255 0   0   0   0   0   0   255 255 255 255 0   0   0   0   0   0   0   0   255 255 0   0   0   0   0   0   0   0   0   0   
255 255 0   0   255 255 0   0   0   0   0   0   0   0   0   0   0   0   0   0   0   0   1   0   0   0   0   0   255 255 0   0   
0   0   0   0   255 255 2   0   0   0   0   0   0   0   0   0   255 255 255 255 255 255 4   0   254 255 255 255 0   0   1   0   
255 255 255 255 255 255 11  0   254 255 255 255 255 255 1   0   255 255 255 255 255 255 0   0   254 255 254 255 254 255 255 255 
255 255 0   0   255 255 255 255 255 255 255 255 0   0   0   0   0   0   0   0   255 255 0   0   0   0   0   0   0   0   0   0   
255 255 0   0   255 255 0   0   0   0   0   0   0   0   0   0   0   0   0   0   0   0   1   0   0   0   0   0   255 255 0   0   
0   0   0   0   255 255 2   0   0   0   0   0   0   0   0   0   255 255 255 255 255 255 4   0   254 255 255 255 0   0   1   0   
255 255 255 255 255 255 11  0   254 255 255 255 255 255 1   0   255 255 255 255 255 255 0   0   254 255 254 255 254 255 255 255 
255 255 0   0   255 255 255 255 255 255 255 255 0   0   0   0   0   0   0   0   255 255 0   0   0   0   0   0   0   0   0   0   
255 255 0   0   255 255 0   0   0   0   0   0   0   0   0   0   0   0   0   0   0   0   1   0   0   0   0   0   255 255 0   0   
255 255 0   0   254 255 1   0   0   0   0   0   0   0   0   0   255 255 255 255 255 255 4   0   254 255 255 255 0   0   1   0   
255 255 255 255 255 255 11  0   254 255 255 255 255 255 1   0   255 255 255 255 255 255 0   0   254 255 254 255 254 255 254 255 
255 255 0   0   255 255 255 255 255 255 255 255 0   0   0   0   0   0   0   0   255 255 255 255 0   0   255 255 0   0   0   0   
255 255 0   0   255 255 0   0   0   0   0   0   0   0   0   0   0   0   0   0   0   0   1   0   0   0   0   0   255 255 0   0   
255 255 0   0   254 255 2   0   0   0   0   0   0   0   0   0   255 255 255 255 255 255 4   0   254 255 255 255 0   0   1   0   
255 255 255 255 255 255 10  0   254 255 255 255 255 255 1   0   255 255 255 255 255 255 0   0   254 255 254 255 254 255 255 255 
255 255 0   0   255 255 255 255 255 255 255 255 0   0   0   0   0   0   0   0   255 255 255 255 0   0   255 255 0   0   0   0   
255 255 0   0   255 255 0   0   0   0   0   0   0   0   0   0   0   0   0   0   0   0   1   0   0   0   0   0   255 255 0   0   
255 255 0   0   255 255 2   0   0   0   0   0   0   0   0   0   255 255 255 255 255 255 4   0   254 255 255 255 0   0   1   0   
255 255 255 255 255 255 10  0   254 255 255 255 255 255 1   0   255 255 255 255 255 255 0   0   254 255 254 255 254 255 254 255 
255 255 0   0   255 255 255 255 255 255 255 255 0   0   0   0   0   0   0   0   255 255 255 255 0   0   255 255 0   0   0   0   
255 255 0   0   255 255 0   0   0   0   0   0   0   0   0   0   0   0   0   0   0   0   1   0   0   0   0   0   255 255 0   0   
255 255 0   0   255 255 2   0   0   0   0   0   0   0   0   0   255 255 255 255 255 255 4   0   254 255 255 255 255 255 0   0   
255 255 255 255 255 255 10  0   255 255 255 255 255 255 1   0   255 255 255 255 255 255 0   0   254 255 254 255 254 255 255 255 
255 255 0   0   255 255 255 255 255 255 255 255 255 255 0   0   0   0   0   0   255 255 255 255 0   0   255 255 0   0   0   0   
255 255 0   0   255 255 0   0   0   0   0   0   0   0   0   0   0   0   0   0   0   0   1   0   0   0   0   0   255 255 0   0   
255 255 0   0   255 255 2   0   0   0   0   0   0   0   1   0   255 255 255 255 255 255 4   0   254 255 255 255 255 255 1   0   
255 255 255 255 255 255 10  0   255 255 255 255 255 255 1   0   255 255 255 255 255 255 0   0   254 255 254 255 254 255 255 255 
255 255 0   0   255 255 255 255 255 255 255 255 255 255 0   0   0   0   0   0   255 255 255 255 0   0   255 255 0   0   0   0   
255 255 0   0   255 255 0   0   0   0   0   0   0   0   0   0   0   0   0   0   0   0   1   0   0   0   0   0   255 255 0   0   
255 255 0   0   255 255 2   0   0   0   0   0   0   0   0   0   255 255 255 255 255 255 4   0   254 255 255 255 255 255 0   0   
255 255 255 255 255 255 10  0   254 255 255 255 255 255 1   0   255 255 255 255 255 255 0   0   254 255 254 255 254 255 255 255 
255 255 0   0   255 255 0   0   255 255 255 255 0   0   0   0   0   0   0   0   255 255 0   0   0   0   255 255 0   0   0   0   
255 255 0   0   255 255 0   0   0   0   0   0   0   0   1   0   0   0   0   0   255 255 0   0   0   0   0   0   255 255 0   0   
255 255 0   0   255 255 2   0   0   0   0   0   0   0   0   0   255 255 255 255 255 255 4   0   254 255 255 255 255 255 0   0   
255 255 255 255 255 255 11  0   254 255 255 255 255 255 1   0   255 255 255 255 255 255 0   0   254 255 254 255 254 255 255 255 
255 255 0   0   255 255 0   0   255 255 255 255 0   0   0   0   0   0   0   0   255 255 255 255 0   0   255 255 0   0   0   0   
255 255 0   0   255 255 0   0   0   0   0   0   0   0   1   0   0   0   0   0   255 255 1   0   0   0   0   0   255 255 0   0   
255 255 0   0   255 255 2   0   0   0   0   0   0   0   0   0   255 255 255 255 255 255 4   0   254 255 255 255 255 255 1   0   
255 255 255 255 255 255 11  0   254 255 255 255 255 255 1   0   255 255 255 255 255 255 0   0   254 255 254 255 254 255 255 255 
255 255 0   0   255 255 0   0   255 255 255 255 0   0   0   0   0   0   0   0   255 255 255 255 0   0   255 255 0   0   0   0   
255 255 0   0   255 255 0   0   0   0   0   0   0   0   1   0   0   0   0   0   255 255 0   0   0   0   0   0   255 255 0   0   
255 255 0   0   255 255 2   0   0   0   0   0   0   0   0   0   255 255 255 255 255 255 4   0   254 255 255 255 255 255 1   0   
255 255 255 255 255 255 11  0   254 255 255 255 255 255 1   0   255 255 255 255 255 255 0   0   254 255 254 255 254 255 255 255 
255 255 0   0   255 255 0   0   255 255 255 255 0   0   0   0   0   0   0   0   255 255 255 255 0   0   255 255 0   0   0   0   
255 255 0   0   255 255 0   0   0   0   0   0   0   0   1   0   0   0   0   0   255 255 0   0   0   0   0   0   255 255 0   0   
255 255 0   0   255 255 2   0   0   0   0   0   0   0   0   0   255 255 255 255 255 255 4   0   254 255 255 255 255 255 1   0   
255 255 255 255 255 255 11  0   255 255 255 255 255 255 1   0   255 255 255 255 255 255 0   0   254 255 254 255 254 255 255 255 
255 255 0   0   255 255 0   0   255 255 255 255 0   0   0   0   0   0   0   0   255 255 0   0   0   0   255 255 0   0   0   0   
255 255 0   0   255 255 0   0   0   0   0   0   0   0   1   0   0   0   0   0   255 255 0   0   0   0   0   0   255 255 0   0   
255 255 0   0   255 255 2   0   0   0   0   0   0   0   0   0   255 255 255 255 255 255 4   0   254 255 255 255 255 255 1   0   
255 255 255 255 255 255 11  0   255 255 255 255 255 255 1   0   255 255 255 255 255 255 0   0   254 255 254 255 254 255 255 255 
255 255 0   0   255 255 0   0   255 255 255 255 0   0   0   0   0   0   0   0   255 255 0   0   0   0   255 255 0   0   0   0   
255 255 0   0   255 255 0   0   0   0   0   0   255 255 0   0   0   0   0   0   255 255 1   0   0   0   0   0   255 255 0   0   
255 255 255 255 254 255 2   0   0   0   0   0   0   0   0   0   255 255 255 255 255 255 4   0   254 255 255 255 255 255 1   0   
255 255 255 255 255 255 11  0   255 255 255 255 255 255 1   0   255 255 255 255 255 255 1   0   254 255 254 255 254 255 255 255 
255 255 0   0   255 255 0   0   255 255 255 255 0   0   0   0   0   0   0   0   255 255 255 255 0   0   0   0   0   0   0   0   
255 255 0   0   255 255 0   0   0   0   0   0   255 255 0   0   0   0   0   0   255 255 1   0   0   0   0   0   255 255 0   0   
255 255 255 255 254 255 2   0   0   0   0   0   0   0   0   0   255 255 255 255 255 255 4   0   254 255 255 255 255 255 1   0   
255 255 255 255 255 255 11  0   255 255 255 255 255 255 1   0   255 255 255 255 255 255 1   0   254 255 254 255 254 255 255 255 
255 255 0   0   255 255 0   0   255 255 255 255 0   0   0   0   0   0   0   0   255 255 255 255 0   0   0   0   0   0   0   0   
255 255 0   0   255 255 0   0   0   0   0   0   255 255 0   0   0   0   0   0   255 255 1   0   0   0   0   0   255 255 0   0   
255 255 255 255 254 255 2   0   0   0   0   0   0   0   0   0   255 255 255 255 255 255 4   0   254 255 255 255 255 255 1   0   
255 255 255 255 255 255 11  0   255 255 255 255 255 255 1   0   255 255 255 255 255 255 1   0   254 255 254 255 254 255 255 255 
255 255 0   0   255 255 0   0   255 255 255 255 0   0   0   0   0   0   0   0   255 255 255 255 0   0   0   0   0   0   0   0   
255 255 0   0   255 255 0   0   0   0   0   0   255 255 0   0   0   0   0   0   255 255 1   0   0   0   0   0   255 255 0   0   
255 255 255 255 254 255 2   0   0   0   0   0   0   0   0   0   255 255 255 255 255 255 4   0   254 255 255 255 255 255 1   0   
255 255 255 255 255 255 11  0   255 255 255 255 255 255 1   0   255 255 255 255 255 255 1   0   254 255 254 255 254 255 255 255 
255 255 0   0   255 255 0   0   255 255 255 255 0   0   0   0   0   0   0   0   255 255 255 255 0   0   0   0   0   0   0   0   
255 255 0   0   255 255 0   0   0   0   0   0   255 255 0   0   0   0   0   0   255 255 1   0   0   0   0   0   255 255 0   0   
255 255 255 255 254 255 2   0   0   0   0   0   0   0   0   0   255 255 255 255 255 255 4   0   254 255 255 255 0   0   1   0   
255 255 255 255 255 255 11  0   255 255 255 255 255 255 1   0   255 255 255 255 255 255 1   0   254 255 254 255 254 255 255 255 
255 255 0   0   255 255 255 255 255 255 255 255 0   0   0   0   0   0   0   0   255 255 255 255 0   0   0   0   0   0   0   0   
255 255 0   0   255 255 0   0   0   0   0   0   255 255 0   0   0   0   0   0   255 255 1   0   0   0   0   0   255 255 0   0   
255 255 255 255 254 255 1   0   0   0   0   0   0   0   0   0   255 255 255 255 255 255 4   0   254 255 255 255 0   0   1   0   
255 255 255 255 255 255 11  0   255 255 255 255 255 255 1   0   255 255 255 255 255 255 1   0   254 255 254 255 254 255 255 255 
255 255 0   0   255 255 255 255 255 255 255 255 0   0   0   0   0   0   0   0   255 255 255 255 0   0   0   0   0   0   0   0   
255 255 0   0   255 255 255 255 0   0   0   0   255 255 0   0   0   0   0   0   255 255 1   0   0   0   0   0   255 255 0   0   
255 255 255 255 254 255 2   0   0   0   0   0   0   0   0   0   255 255 255 255 255 255 4   0   254 255 255 255 0   0   1   0   
255 255 254 255 255 255 11  0   255 255 255 255 255 255 1   0   255 255 255 255 255 255 1   0   254 255 254 255 254 255 255 255 
255 255 0   0   255 255 255 255 255 255 255 255 0   0   0   0   0   0   0   0   255 255 255 255 0   0   0   0   0   0   0   0   
255 255 0   0   255 255 0   0   0   0   0   0   255 255 0   0   0   0   0   0   255 255 1   0   0   0   0   0   255 255 0   0   
255 255 0   0   255 255 2   0   255 255 0   0   0   0   0   0   255 255 255 255 255 255 4   0   254 255 255 255 0   0   1   0   
255 255 254 255 255 255 10  0   255 255 255 255 255 255 1   0   255 255 254 255 255 255 1   0   254 255 254 255 254 255 255 255 
255 255 0   0   255 255 255 255 255 255 255 255 0   0   0   0   0   0   0   0   255 255 255 255 0   0   0   0   0   0   0   0   
255 255 0   0   255 255 0   0   0   0   0   0   0   0   0   0   0   0   0   0   0   0   1   0   0   0   0   0   255 255 0   0   
255 255 0   0   255 255 1   0   0   0   0   0   0   0   0   0   255 255 255 255 255 255 4   0   254 255 255 255 0   0   1   0   
255 255 254 255 255 255 11  0   255 255 255 255 255 255 1   0   255 255 254 255 255 255 1   0   254 255 254 255 254 255 254 255 
255 255 0   0   255 255 255 255 255 255 255 255 0   0   0   0   0   0   0   0   255 255 255 255 0   0   0   0   0   0   0   0   
255 255 0   0   255 255 0   0   0   0   0   0   0   0   0   0   0   0   0   0   0   0   1   0   0   0   0   0   255 255 0   0   
255 255 0   0   255 255 2   0   0   0   0   0   0   0   0   0   255 255 255 255 255 255 4   0   254 255 255 255 255 255 1   0   
255 255 254 255 255 255 11  0   255 255 255 255 255 255 1   0   255 255 254 255 255 255 1   0   254 255 254 255 254 255 254 255 
255 255 0   0   255 255 255 255 255 255 255 255 0   0   0   0   0   0   0   0   255 255 255 255 0   0   0   0   0   0   0   0   
255 255 0   0   255 255 0   0   0   0   0   0   0   0   0   0   0   0   0   0   0   0   1   0   0   0   0   0   255 255 0   0   
255 255 0   0   255 255 2   0   0   0   0   0   0   0   0   0   255 255 255 255 255 255 4   0   254 255 255 255 255 255 1   0   
255 255 254 255 255 255 11  0   254 255 255 255 255 255 1   0   255 255 254 255 255 255 0   0   254 255 254 255 254 255 255 255 
255 255 0   0   255 255 0   0   255 255 255 255 0   0   0   0   0   0   0   0   255 255 0   0   0   0   0   0   0   0   0   0   
255 255 0   0   255 255 0   0   255 255 255 255 255 255 0   0   0   0   0   0   0   0   1   0   0   0   0   0   255 255 0   0   
255 255 0   0   255 255 2   0   0   0   0   0   0   0   0   0   255 255 255 255 255 255 4   0   254 255 255 255 255 255 1   0   
255 255 254 255 255 255 11  0   254 255 255 255 255 255 1   0   255 255 254 255 255 255 0   0   254 255 254 255 254 255 255 255 
255 255 0   0   255 255 0   0   0   0   255 255 0   0   0   0   0   0   0   0   255 255 0   0   0   0   0   0   0   0   0   0   
255 255 0   0   255 255 0   0   0   0   255 255 0   0   0   0   0   0   0   0   0   0   1   0   0   0   0   0   255 255 0   0   
255 255 0   0   255 255 2   0   0   0   0   0   0   0   0   0   255 255 255 255 255 255 4   0   254 255 255 255 255 255 1   0   
255 255 254 255 255 255 11  0   254 255 255 255 255 255 2   0   255 255 255 255 255 255 1   0   254 255 254 255 254 255 255 255 
255 255 0   0   255 255 0   0   0   0   255 255 0   0   0   0   0   0   0   0   255 255 255 255 0   0   0   0   0   0   0   0   
255 255 0   0   255 255 0   0   0   0   255 255 0   0   0   0   0   0   0   0   0   0   1   0   0   0   0   0   255 255 0   0   
255 255 0   0   255 255 2   0   0   0   0   0   0   0   0   0   255 255 255 255 255 255 4   0   254 255 255 255 255 255 1   0   
255 255 255 255 255 255 12  0   254 255 255 255 255 255 2   0   255 255 255 255 255 255 1   0   254 255 254 255 254 255 255 255 
255 255 0   0   255 255 0   0   0   0   255 255 0   0   0   0   0   0   255 255 255 255 255 255 0   0   0   0   0   0   0   0   
255 255 0   0   255 255 0   0   0   0   255 255 0   0   0   0   0   0   0   0   0   0   1   0   0   0   0   0   255 255 0   0   
255 255 0   0   255 255 2   0   0   0   0   0   0   0   1   0   255 255 255 255 255 255 4   0   254 255 255 255 255 255 1   0   
255 255 255 255 255 255 12  0   254 255 255 255 255 255 2   0   255 255 254 255 255 255 0   0   254 255 254 255 254 255 255 255 
255 255 0   0   255 255 0   0   0   0   255 255 0   0   0   0   0   0   255 255 255 255 255 255 0   0   0   0   0   0   0   0   
255 255 0   0   255 255 0   0   0   0   255 255 0   0   0   0   0   0   0   0   0   0   1   0   0   0   0   0   255 255 0   0   
255 255 0   0   255 255 2   0   0   0   0   0   0   0   1   0   255 255 255 255 255 255 4   0   254 255 255 255 255 255 1   0   
255 255 255 255 255 255 11  0   254 255 255 255 255 255 1   0   255 255 254 255 255 255 0   0   254 255 254 255 254 255 255 255 
255 255 0   0   255 255 0   0   0   0   255 255 0   0   0   0   0   0   255 255 255 255 255 255 0   0   0   0   0   0   0   0   
255 255 0   0   255 255 0   0   0   0   0   0   0   0   0   0   0   0   0   0   0   0   0   0   0   0   0   0   255 255 0   0   
255 255 0   0   255 255 2   0   0   0   0   0   0   0   0   0   255 255 255 255 255 255 4   0   255 255 255 255 0   0   1   0   
255 255 255 255 255 255 11  0   254 255 255 255 255 255 1   0   255 255 254 255 255 255 0   0   254 255 254 255 254 255 255 255 
255 255 0   0   255 255 0   0   0   0   255 255 0   0   0   0   0   0   255 255 255 255 255 255 0   0   0   0   0   0   0   0   
255 255 0   0   255 255 0   0   0   0   0   0   0   0   0   0   0   0   0   0   0   0   0   0   0   0   0   0   255 255 0   0   
255 255 0   0   255 255 2   0   0   0   0   0   0   0   0   0   255 255 255 255 255 255 4   0   255 255 255 255 0   0   1   0   
255 255 255 255 255 255 11  0   255 255 255 255 255 255 1   0   255 255 254 255 255 255 0   0   254 255 254 255 254 255 255 255 
255 255 0   0   255 255 0   0   0   0   255 255 0   0   0   0   0   0   255 255 255 255 255 255 0   0   0   0   0   0   0   0   
255 255 0   0   255 255 0   0   0   0   0   0   0   0   0   0   0   0   0   0   0   0   0   0   0   0   0   0   255 255 0   0   
255 255 0   0   255 255 2   0   0   0   0   0   0   0   0   0   255 255 255 255 255 255 4   0   255 255 255 255 0   0   1   0   
255 255 255 255 255 255 12  0   255 255 255 255 255 255 1   0   255 255 254 255 255 255 1   0   254 255 254 255 254 255 255 255 
255 255 255 255 255 255 255 255 255 255 255 255 0   0   0   0   0   0   255 255 255 255 255 255 0   0   0   0   0   0   0   0   
255 255 0   0   255 255 0   0   0   0   0   0   255 255 0   0   0   0   0   0   0   0   1   0   0   0   0   0   255 255 0   0   
255 255 0   0   255 255 2   0   0   0   0   0   0   0   0   0   255 255 255 255 255 255 4   0   255 255 255 255 0   0   1   0   
255 255 255 255 255 255 11  0   255 255 255 255 255 255 1   0   255 255 254 255 255 255 1   0   254 255 254 255 254 255 255 255 
255 255 255 255 255 255 255 255 255 255 255 255 0   0   0   0   0   0   255 255 255 255 255 255 0   0   0   0   0   0   0   0   
255 255 0   0   255 255 0   0   0   0   0   0   255 255 0   0   0   0   0   0   0   0   1   0   0   0   0   0   255 255 0   0   
255 255 0   0   255 255 2   0   0   0   0   0   0   0   0   0   255 255 255 255 255 255 4   0   255 255 255 255 0   0   1   0   
255 255 255 255 255 255 11  0   255 255 255 255 255 255 1   0   255 255 254 255 255 255 1   0   254 255 254 255 254 255 255 255 
255 255 255 255 255 255 255 255 255 255 255 255 0   0   0   0   0   0   255 255 255 255 255 255 0   0   0   0   0   0   0   0   
255 255 0   0   255 255 255 255 0   0   0   0   255 255 0   0   0   0   0   0   0   0   1   0   0   0   0   0   255 255 0   0   
255 255 0   0   255 255 2   0   0   0   0   0   0   0   0   0   255 255 255 255 255 255 4   0   255 255 255 255 0   0   1   0   
254 255 254 255 254 255 10  0   255 255 255 255 255 255 1   0   255 255 255 255 255 255 1   0   254 255 254 255 254 255 255 255 
255 255 255 255 255 255 255 255 255 255 255 255 0   0   0   0   0   0   255 255 255 255 255 255 0   0   0   0   0   0   0   0   
255 255 0   0   255 255 255 255 0   0   255 255 255 255 0   0   0   0   0   0   255 255 1   0   0   0   0   0   255 255 0   0   
255 255 0   0   255 255 1   0   0   0   0   0   0   0   0   0   255 255 255 255 255 255 4   0   255 255 255 255 0   0   1   0   
254 255 254 255 255 255 11  0   255 255 255 255 255 255 1   0   255 255 255 255 255 255 1   0   254 255 254 255 254 255 255 255 
255 255 255 255 255 255 255 255 255 255 255 255 0   0   0   0   0   0   255 255 255 255 255 255 0   0   0   0   0   0   0   0   
255 255 0   0   255 255 255 255 0   0   255 255 255 255 0   0   0   0   0   0   255 255 1   0   0   0   0   0   255 255 0   0   
255 255 0   0   255 255 1   0   0   0   0   0   0   0   0   0   255 255 255 255 255 255 4   0   254 255 255 255 255 255 1   0   
254 255 254 255 255 255 10  0   255 255 255 255 255 255 1   0   255 255 255 255 255 255 1   0   254 255 254 255 254 255 255 255 
255 255 255 255 255 255 254 255 255 255 255 255 0   0   0   0   0   0   255 255 255 255 255 255 0   0   0   0   0   0   0   0   
255 255 0   0   255 255 0   0   0   0   255 255 255 255 0   0   0   0   0   0   255 255 1   0   0   0   0   0   255 255 0   0   
255 255 0   0   255 255 1   0   0   0   0   0   0   0   0   0   255 255 255 255 255 255 4   0   255 255 255 255 255 255 1   0   
254 255 254 255 255 255 11  0   254 255 255 255 255 255 1   0   255 255 255 255 255 255 1   0   254 255 254 255 254 255 255 255 
255 255 0   0   255 255 255 255 255 255 255 255 0   0   0   0   0   0   0   0   255 255 255 255 0   0   0   0   0   0   255 255 
255 255 0   0   255 255 0   0   0   0   255 255 255 255 0   0   0   0   0   0   255 255 1   0   0   0   0   0   255 255 0   0   
255 255 0   0   255 255 1   0   0   0   0   0   0   0   0   0   255 255 255 255 255 255 4   0   255 255 255 255 255 255 1   0   
254 255 254 255 255 255 11  0   254 255 255 255 255 255 1   0   255 255 255 255 255 255 1   0   254 255 254 255 254 255 255 255 
255 255 0   0   255 255 255 255 255 255 255 255 0   0   0   0   0   0   0   0   255 255 255 255 0   0   0   0   0   0   255 255 
255 255 0   0   255 255 0   0   0   0   255 255 255 255 0   0   0   0   0   0   255 255 1   0   0   0   0   0   255 255 0   0   
255 255 0   0   255 255 1   0   0   0   0   0   0   0   0   0   255 255 255 255 255 255 4   0   255 255 255 255 255 255 1   0   
255 255 254 255 255 255 11  0   254 255 255 255 255 255 1   0   255 255 255 255 255 255 1   0   254 255 254 255 254 255 255 255 
255 255 0   0   255 255 255 255 255 255 255 255 0   0   0   0   0   0   0   0   255 255 255 255 0   0   0   0   0   0   0   0   
255 255 0   0   255 255 0   0   0   0   255 255 255 255 0   0   0   0   0   0   255 255 1   0   0   0   0   0   255 255 0   0   
255 255 0   0   255 255 1   0   0   0   0   0   0   0   0   0   255 255 255 255 255 255 4   0   255 255 255 255 255 255 1   0   
255 255 254 255 255 255 11  0   254 255 255 255 255 255 1   0   255 255 255 255 255 255 0   0   254 255 254 255 254 255 255 255 
255 255 0   0   255 255 255 255 255 255 255 255 0   0   0   0   0   0   0   0   255 255 255 255 0   0   0   0   0   0   0   0   
255 255 0   0   255 255 255 255 0   0   255 255 255 255 0   0   0   0   0   0   255 255 1   0   0   0   0   0   255 255 0   0   
255 255 0   0   255 255 2   0   255 255 0   0   255 255 0   0   255 255 255 255 255 255 3   0   255 255 255 255 255 255 1   0   
255 255 254 255 255 255 11  0   254 255 255 255 255 255 1   0   255 255 255 255 255 255 0   0   254 255 254 255 254 255 255 255 
255 255 0   0   255 255 255 255 255 255 255 255 0   0   0   0   0   0   0   0   255 255 255 255 0   0   0   0   0   0   0   0   
255 255 0   0   255 255 255 255 0   0   255 255 255 255 0   0   0   0   0   0   255 255 0   0   0   0   0   0   255 255 0   0   
255 255 0   0   255 255 1   0   255 255 0   0   255 255 0   0   255 255 255 255 255 255 3   0   255 255 255 255 255 255 1   0   
255 255 255 255 255 255 11  0   254 255 255 255 255 255 1   0   255 255 255 255 255 255 0   0   254 255 254 255 254 255 255 255 
255 255 0   0   255 255 255 255 255 255 255 255 0   0   0   0   0   0   0   0   255 255 255 255 0   0   0   0   0   0   0   0   
255 255 0   0   255 255 0   0   0   0   255 255 255 255 0   0   0   0   0   0   255 255 0   0   0   0   0   0   255 255 0   0   
255 255 0   0   255 255 1   0   255 255 0   0   255 255 0   0   255 255 255 255 255 255 3   0   255 255 255 255 255 255 1   0   
255 255 255 255 255 255 12  0   254 255 255 255 255 255 1   0   255 255 255 255 255 255 0   0   254 255 254 255 254 255 255 255 
255 255 0   0   255 255 255 255 255 255 255 255 0   0   0   0   0   0   0   0   255 255 255 255 0   0   0   0   0   0   0   0   
255 255 0   0   255 255 255 255 0   0   255 255 255 255 0   0   0   0   0   0   255 255 0   0   0   0   0   0   255 255 0   0   
255 255 0   0   255 255 1   0   255 255 0   0   0   0   0   0   255 255 255 255 255 255 3   0   255 255 255 255 255 255 1   0   
255 255 255 255 255 255 12  0   254 255 255 255 255 255 1   0   255 255 255 255 255 255 0   0   254 255 254 255 254 255 255 255 
255 255 0   0   255 255 255 255 255 255 255 255 0   0   0   0   0   0   0   0   255 255 255 255 0   0   0   0   0   0   0   0   
255 255 0   0   255 255 255 255 0   0   255 255 255 255 0   0   0   0   0   0   255 255 0   0   0   0   0   0   255 255 0   0   
255 255 0   0   255 255 2   0   255 255 0   0   0   0   255 255 255 255 255 255 255 255 3   0   255 255 255 255 255 255 1   0   
255 255 254 255 255 255 11  0   254 255 255 255 255 255 1   0   255 255 255 255 255 255 0   0   254 255 254 255 254 255 255 255 
255 255 0   0   255 255 255 255 255 255 255 255 0   0   0   0   0   0   0   0   255 255 255 255 0   0   0   0   0   0   0   0   
255 255 0   0   255 255 0   0   0   0   255 255 255 255 0   0   0   0   0   0   255 255 0   0   0   0   0   0   255 255 0   0   
255 255 0   0   255 255 1   0   0   0   0   0   0   0   0   0   255 255 255 255 255 255 3   0   255 255 255 255 255 255 1   0   
255 255 254 255 255 255 11  0   254 255 255 255 255 255 1   0   255 255 255 255 255 255 0   0   254 255 254 255 254 255 255 255 
255 255 0   0   255 255 255 255 255 255 255 255 0   0   0   0   0   0   0   0   255 255 255 255 0   0   0   0   0   0   0   0   
255 255 0   0   255 255 255 255 0   0   255 255 255 255 0   0   0   0   0   0   255 255 0   0   0   0   0   0   255 255 0   0   
255 255 0   0   255 255 1   0   0   0   0   0   0   0   0   0   255 255 255 255 255 255 3   0   254 255 255 255 255 255 1   0   
255 255 254 255 255 255 11  0   254 255 255 255 255 255 1   0   255 255 255 255 255 255 0   0   254 255 254 255 254 255 255 255 
255 255 0   0   255 255 255 255 255 255 255 255 0   0   0   0   0   0   0   0   255 255 255 255 0   0   0   0   0   0   0   0   
255 255 0   0   255 255 255 255 0   0   255 255 255 255 0   0   0   0   0   0   255 255 0   0   0   0   0   0   255 255 0   0   
255 255 0   0   255 255 1   0   0   0   0   0   0   0   0   0   255 255 255 255 255 255 3   0   254 255 255 255 255 255 1   0   
255 255 254 255 255 255 11  0   254 255 254 255 255 255 1   0   255 255 255 255 255 255 0   0   254 255 254 255 254 255 255 255 
255 255 0   0   255 255 255 255 255 255 255 255 0   0   0   0   0   0   0   0   255 255 255 255 0   0   0   0   0   0   0   0   
255 255 0   0   255 255 255 255 0   0   255 255 255 255 0   0   0   0   0   0   255 255 0   0   0   0   0   0   255 255 0   0   
255 255 0   0   255 255 1   0   0   0   0   0   0   0   0   0   255 255 255 255 255 255 3   0   254 255 255 255 255 255 1   0   
255 255 254 255 255 255 11  0   254 255 254 255 255 255 1   0   255 255 255 255 255 255 0   0   254 255 254 255 254 255 255 255 
255 255 0   0   255 255 255 255 255 255 255 255 0   0   0   0   0   0   0   0   255 255 255 255 0   0   0   0   0   0   0   0   
255 255 0   0   255 255 255 255 0   0   255 255 255 255 0   0   0   0   0   0   255 255 0   0   0   0   0   0   255 255 0   0   
255 255 0   0   255 255 1   0   0   0   0   0   0   0   0   0   255 255 255 255 255 255 3   0   254 255 255 255 255 255 1   0   
255 255 254 255 255 255 11  0   254 255 254 255 255 255 1   0   255 255 255 255 255 255 0   0   254 255 254 255 254 255 255 255 
255 255 0   0   255 255 255 255 255 255 255 255 0   0   0   0   0   0   0   0   255 255 255 255 0   0   0   0   0   0   0   0   
255 255 0   0   255 255 255 255 0   0   255 255 255 255 0   0   0   0   0   0   255 255 0   0   0   0   0   0   255 255 0   0   
255 255 0   0   255 255 1   0   0   0   0   0   0   0   0   0   255 255 255 255 255 255 3   0   254 255 255 255 255 255 1   0   
255 255 254 255 255 255 11  0   254 255 254 255 255 255 1   0   255 255 255 255 255 255 0   0   254 255 254 255 254 255 255 255 
255 255 0   0   255 255 255 255 255 255 255 255 0   0   0   0   0   0   0   0   255 255 255 255 0   0   0   0   0   0   0   0   
255 255 0   0   255 255 255 255 0   0   255 255 255 255 0   0   0   0   0   0   255 255 0   0   0   0   0   0   255 255 0   0   
255 255 0   0   255 255 1   0   0   0   0   0   0   0   0   0   255 255 255 255 255 255 3   0   254 255 255 255 255 255 1   0   
255 255 254 255 255 255 11  0   254 255 254 255 255 255 1   0   255 255 255 255 255 255 0   0   254 255 254 255 254 255 255 255 
255 255 0   0   255 255 255 255 255 255 255 255 0   0   255 255 0   0   0   0   255 255 255 255 0   0   0   0   0   0   0   0   
255 255 0   0   255 255 255 255 0   0   255 255 255 255 0   0   0   0   0   0   255 255 0   0   0   0   0   0   255 255 0   0   
255 255 0   0   255 255 1   0   0   0   0   0   0   0   0   0   255 255 254 255 255 255 3   0   254 255 255 255 255 255 1   0   
255 255 254 255 255 255 11  0   254 255 254 255 255 255 1   0   255 255 255 255 255 255 1   0   254 255 254 255 254 255 254 255 
255 255 0   0   255 255 255 255 255 255 255 255 0   0   255 255 0   0   0   0   255 255 255 255 0   0   0   0   0   0   0   0   
255 255 0   0   255 255 0   0   0   0   255 255 0   0   0   0   0   0   0   0   0   0   1   0   0   0   0   0   255 255 0   0   
255 255 0   0   255 255 0   0   0   0   0   0   0   0   0   0   255 255 254 255 255 255 3   0   255 255 255 255 0   0   1   0   
255 255 254 255 255 255 11  0   254 255 254 255 255 255 1   0   255 255 254 255 255 255 0   0   254 255 254 255 254 255 254 255 
255 255 0   0   255 255 255 255 255 255 255 255 0   0   255 255 0   0   0   0   255 255 255 255 0   0   0   0   0   0   0   0   
255 255 0   0   255 255 255 255 0   0   255 255 0   0   0   0   0   0   0   0   0   0   0   0   0   0   0   0   255 255 0   0   
255 255 0   0   255 255 1   0   0   0   0   0   0   0   0   0   255 255 254 255 255 255 3   0   255 255 255 255 0   0   1   0   
255 255 254 255 255 255 11  0   254 255 254 255 255 255 1   0   255 255 254 255 255 255 0   0   254 255 254 255 254 255 254 255 
255 255 0   0   255 255 254 255 255 255 255 255 0   0   255 255 0   0   0   0   255 255 255 255 0   0   0   0   0   0   0   0   
255 255 0   0   255 255 255 255 0   0   0   0   0   0   0   0   0   0   0   0   0   0   0   0   0   0   0   0   255 255 1   0   
255 255 0   0   255 255 1   0   0   0   0   0   0   0   0   0   255 255 255 255 255 255 3   0   255 255 255 255 0   0   1   0   
255 255 255 255 255 255 11  0   254 255 254 255 255 255 1   0   255 255 254 255 255 255 0   0   254 255 254 255 254 255 255 255 
255 255 0   0   255 255 255 255 255 255 255 255 0   0   255 255 0   0   0   0   255 255 255 255 0   0   0   0   0   0   0   0   
255 255 0   0   255 255 255 255 0   0   0   0   0   0   0   0   0   0   0   0   0   0   0   0   0   0   0   0   255 255 0   0   
255 255 0   0   255 255 1   0   0   0   0   0   0   0   0   0   255 255 255 255 255 255 3   0   255 255 255 255 0   0   1   0   
255 255 255 255 255 255 11  0   254 255 254 255 255 255 1   0   255 255 254 255 255 255 0   0   254 255 254 255 254 255 255 255 
255 255 0   0   255 255 255 255 255 255 255 255 0   0   255 255 0   0   0   0   255 255 255 255 0   0   0   0   0   0   0   0   
255 255 0   0   255 255 255 255 0   0   0   0   0   0   0   0   0   0   0   0   0   0   0   0   0   0   0   0   255 255 0   0   
255 255 0   0   255 255 1   0   0   0   0   0   0   0   0   0   255 255 255 255 255 255 3   0   255 255 255 255 0   0   1   0   
255 255 255 255 255 255 11  0   254 255 255 255 255 255 1   0   255 255 255 255 255 255 1   0   254 255 254 255 254 255 255 255 
255 255 0   0   255 255 255 255 255 255 255 255 0   0   255 255 0   0   0   0   255 255 255 255 0   0   0   0   0   0   0   0   
255 255 0   0   255 255 255 255 0   0   0   0   0   0   0   0   0   0   0   0   0   0   0   0   0   0   0   0   255 255 0   0   
255 255 0   0   255 255 1   0   0   0   0   0   255 255 0   0   255 255 255 255 255 255 3   0   255 255 255 255 0   0   1   0   
255 255 255 255 255 255 12  0   254 255 255 255 255 255 1   0   255 255 255 255 255 255 0   0   254 255 254 255 254 255 255 255 
255 255 255 255 255 255 254 255 255 255 255 255 0   0   255 255 0   0   0   0   255 255 255 255 0   0   0   0   0   0   0   0   
255 255 0   0   255 255 255 255 0   0   0   0   0   0   0   0   0   0   0   0   0   0   0   0   0   0   0   0   255 255 0   0   
255 255 0   0   255 255 1   0   0   0   0   0   0   0   0   0   255 255 255 255 255 255 3   0   255 255 255 255 0   0   1   0   
255 255 255 255 255 255 12  0   254 255 255 255 255 255 1   0   255 255 255 255 255 255 0   0   254 255 254 255 254 255 255 255 
255 255 255 255 255 255 255 255 255 255 255 255 0   0   255 255 0   0   0   0   255 255 255 255 0   0   0   0   0   0   0   0   
255 255 0   0   255 255 255 255 0   0   0   0   0   0   0   0   0   0   0   0   0   0   0   0   0   0   0   0   255 255 0   0   
255 255 0   0   255 255 1   0   0   0   0   0   0   0   0   0   255 255 255 255 255 255 3   0   255 255 255 255 0   0   1   0   
255 255 255 255 255 255 11  0   254 255 255 255 255 255 1   0   255 255 255 255 255 255 0   0   254 255 254 255 254 255 255 255 
255 255 255 255 255 255 255 255 255 255 255 255 0   0   255 255 0   0   0   0   255 255 255 255 0   0   0   0   0   0   0   0   
255 255 0   0   255 255 255 255 0   0   0   0   0   0   0   0   0   0   0   0   0   0   0   0   0   0   0   0   255 255 0   0   
255 255 0   0   255 255 1   0   0   0   0   0   0   0   0   0   255 255 255 255 255 255 3   0   255 255 255 255 0   0   1   0   
255 255 255 255 255 255 11  0   254 255 255 255 255 255 1   0   255 255 255 255 255 255 0   0   254 255 254 255 254 255 255 255 
255 255 255 255 255 255 255 255 255 255 255 255 0   0   255 255 0   0   0   0   255 255 255 255 0   0   0   0   0   0   0   0   
255 255 0   0   255 255 255 255 0   0   0   0   0   0   0   0   0   0   0   0   0   0   255 255 0   0   0   0   255 255 0   0   
255 255 0   0   255 255 1   0   0   0   0   0   0   0   0   0   255 255 255 255 255 255 3   0   255 255 255 255 0   0   1   0   
255 255 255 255 255 255 11  0   254 255 255 255 255 255 1   0   255 255 255 255 255 255 1   0   254 255 254 255 254 255 255 255 
255 255 255 255 255 255 255 255 255 255 255 255 0   0   255 255 0   0   0   0   255 255 254 255 0   0   0   0   0   0   0   0   
255 255 0   0   255 255 255 255 0   0   0   0   0   0   0   0   0   0   0   0   0   0   255 255 0   0   0   0   255 255 0   0   
255 255 0   0   255 255 1   0   0   0   0   0   255 255 0   0   255 255 255 255 255 255 3   0   255 255 255 255 0   0   1   0   
255 255 255 255 255 255 11  0   255 255 255 255 255 255 1   0   255 255 255 255 255 255 1   0   254 255 254 255 254 255 255 255 
255 255 255 255 255 255 254 255 255 255 255 255 0   0   255 255 0   0   0   0   255 255 255 255 0   0   0   0   0   0   0   0   
255 255 0   0   255 255 255 255 0   0   0   0   255 255 0   0   0   0   0   0   0   0   0   0   0   0   0   0   255 255 0   0   
255 255 0   0   255 255 1   0   0   0   0   0   255 255 0   0   255 255 255 255 255 255 4   0   255 255 255 255 0   0   1   0   
255 255 255 255 255 255 11  0   254 255 255 255 255 255 1   0   255 255 255 255 255 255 1   0   254 255 254 255 254 255 255 255 
255 255 255 255 255 255 254 255 255 255 255 255 0   0   255 255 0   0   0   0   0   0   0   0   0   0   0   0   0   0   0   0   
255 255 0   0   255 255 255 255 0   0   0   0   255 255 0   0   0   0   0   0   0   0   0   0   0   0   0   0   255 255 0   0   
255 255 0   0   255 255 1   0   0   0   0   0   255 255 0   0   255 255 255 255 255 255 4   0   255 255 255 255 0   0   1   0   
255 255 255 255 255 255 10  0   254 255 255 255 255 255 1   0   255 255 254 255 255 255 0   0   254 255 254 255 254 255 255 255 
255 255 255 255 255 255 255 255 255 255 255 255 0   0   255 255 0   0   0   0   255 255 255 255 0   0   0   0   0   0   0   0   
255 255 0   0   255 255 255 255 0   0   0   0   255 255 0   0   0   0   0   0   0   0   0   0   0   0   0   0   255 255 0   0   
255 255 0   0   255 255 1   0   0   0   0   0   0   0   0   0   255 255 255 255 255 255 4   0   254 255 255 255 0   0   1   0   
255 255 255 255 255 255 10  0   254 255 255 255 255 255 1   0   255 255 255 255 255 255 0   0   254 255 254 255 254 255 255 255 
255 255 255 255 255 255 254 255 255 255 255 255 0   0   255 255 0   0   0   0   255 255 255 255 0   0   0   0   0   0   0   0   
255 255 0   0   255 255 255 255 0   0   0   0   255 255 0   0   0   0   0   0   0   0   0   0   0   0   0   0   255 255 0   0   
255 255 0   0   255 255 1   0   0   0   0   0   0   0   0   0   255 255 255 255 255 255 4   0   254 255 255 255 0   0   1   0   
255 255 255 255 255 255 10  0   254 255 255 255 255 255 1   0   255 255 255 255 255 255 0   0   254 255 254 255 254 255 255 255 
255 255 255 255 255 255 254 255 255 255 255 255 0   0   255 255 0   0   0   0   255 255 255 255 0   0   0   0   0   0   0   0   
255 255 0   0   255 255 255 255 0   0   0   0   255 255 0   0   0   0   0   0   0   0   0   0   0   0   0   0   255 255 0   0   
255 255 0   0   255 255 1   0   0   0   0   0   0   0   0   0   255 255 255 255 255 255 4   0   254 255 255 255 0   0   1   0   
255 255 254 255 255 255 10  0   254 255 255 255 255 255 1   0   255 255 255 255 255 255 0   0   254 255 254 255 254 255 255 255 
255 255 255 255 255 255 254 255 255 255 255 255 0   0   255 255 0   0   0   0   255 255 255 255 0   0   0   0   0   0   0   0   
255 255 0   0   255 255 255 255 0   0   0   0   255 255 0   0   0   0   0   0   0   0   1   0   0   0   0   0   255 255 0   0   
255 255 0   0   255 255 1   0   0   0   0   0   0   0   0   0   255 255 255 255 255 255 4   0   254 255 255 255 255 255 1   0   
255 255 254 255 255 255 10  0   254 255 255 255 255 255 1   0   255 255 255 255 255 255 0   0   254 255 254 255 254 255 255 255 
255 255 255 255 255 255 255 255 255 255 255 255 0   0   0   0   0   0   0   0   255 255 255 255 0   0   0   0   0   0   0   0   
255 255 0   0   255 255 255 255 0   0   0   0   255 255 0   0   0   0   0   0   0   0   0   0   0   0   0   0   255 255 0   0   
255 255 0   0   254 255 0   0   0   0   0   0   0   0   0   0   255 255 255 255 255 255 3   0   254 255 255 255 255 255 1   0   
255 255 255 255 255 255 11  0   254 255 255 255 255 255 1   0   255 255 255 255 255 255 0   0   254 255 254 255 254 255 255 255 
255 255 255 255 255 255 255 255 255 255 255 255 0   0   0   0   0   0   0   0   255 255 255 255 0   0   0   0   0   0   0   0   
255 255 0   0   255 255 255 255 0   0   0   0   255 255 0   0   0   0   0   0   0   0   0   0   0   0   0   0   255 255 0   0   
255 255 0   0   255 255 1   0   0   0   0   0   0   0   0   0   255 255 255 255 255 255 3   0   254 255 255 255 0   0   1   0   
255 255 255 255 255 255 11  0   254 255 255 255 0   0   1   0   255 255 255 255 255 255 0   0   254 255 254 255 254 255 255 255 
255 255 255 255 255 255 254 255 255 255 255 255 0   0   0   0   0   0   0   0   255 255 255 255 0   0   0   0   0   0   0   0   
255 255 0   0   255 255 255 255 0   0   0   0   0   0   0   0   0   0   0   0   0   0   0   0   0   0   0   0   255 255 0   0   
255 255 0   0   255 255 1   0   0   0   0   0   0   0   0   0   255 255 255 255 255 255 3   0   254 255 255 255 0   0   1   0   
255 255 255 255 255 255 11  0   254 255 255 255 0   0   1   0   255 255 255 255 255 255 0   0   254 255 254 255 254 255 255 255 
255 255 255 255 255 255 254 255 255 255 255 255 0   0   0   0   0   0   0   0   255 255 255 255 0   0   0   0   255 255 255 255 
255 255 0   0   255 255 255 255 0   0   0   0   0   0   0   0   0   0   0   0   0   0   0   0   0   0   0   0   255 255 0   0   
255 255 0   0   255 255 1   0   0   0   0   0   0   0   0   0   255 255 255 255 255 255 3   0   254 255 255 255 0   0   1   0   
255 255 255 255 255 255 11  0   254 255 255 255 0   0   1   0   255 255 255 255 255 255 0   0   254 255 254 255 254 255 255 255 
255 255 255 255 255 255 255 255 255 255 255 255 0   0   0   0   0   0   0   0   255 255 255 255 0   0   0   0   0   0   255 255 
255 255 0   0   255 255 255 255 0   0   0   0   0   0   0   0   0   0   0   0   0   0   0   0   0   0   0   0   255 255 0   0   
255 255 0   0   255 255 1   0   0   0   0   0   0   0   0   0   255 255 255 255 255 255 3   0   254 255 255 255 0   0   1   0   
255 255 255 255 255 255 11  0   254 255 255 255 0   0   1   0   255 255 255 255 255 255 0   0   254 255 254 255 254 255 255 255 
255 255 255 255 255 255 255 255 255 255 255 255 0   0   0   0   0   0   0   0   255 255 255 255 0   0   0   0   0   0   255 255 
255 255 0   0   255 255 255 255 0   0   0   0   255 255 0   0   0   0   0   0   0   0   0   0   0   0   0   0   255 255 1   0   
255 255 0   0   0   0   1   0   0   0   0   0   0   0   0   0   255 255 255 255 255 255 4   0   255 255 255 255 0   0   1   0   
255 255 255 255 255 255 11  0   254 255 255 255 0   0   1   0   255 255 255 255 255 255 0   0   254 255 254 255 254 255 255 255 
255 255 0   0   255 255 255 255 255 255 255 255 0   0   0   0   0   0   0   0   255 255 255 255 0   0   0   0   0   0   0   0   
255 255 0   0   255 255 255 255 255 255 255 255 255 255 0   0   0   0   0   0   0   0   0   0   0   0   0   0   255 255 1   0   
255 255 0   0   0   0   1   0   0   0   0   0   0   0   0   0   255 255 255 255 255 255 3   0   255 255 255 255 0   0   1   0   
255 255 255 255 255 255 11  0   254 255 255 255 0   0   1   0   255 255 255 255 255 255 0   0   254 255 254 255 254 255 255 255 
255 255 0   0   255 255 255 255 255 255 255 255 0   0   0   0   0   0   0   0   255 255 255 255 0   0   0   0   0   0   0   0   
255 255 0   0   255 255 0   0   255 255 255 255 255 255 0   0   0   0   0   0   0   0   0   0   0   0   0   0   255 255 1   0   
255 255 0   0   0   0   1   0   0   0   0   0   0   0   0   0   255 255 255 255 255 255 3   0   255 255 255 255 0   0   1   0   
255 255 255 255 255 255 11  0   254 255 255 255 255 255 1   0   255 255 255 255 255 255 0   0   254 255 254 255 254 255 255 255 
255 255 0   0   255 255 255 255 255 255 255 255 0   0   0   0   0   0   0   0   255 255 0   0   0   0   0   0   0   0   0   0   
255 255 0   0   255 255 0   0   255 255 255 255 255 255 0   0   0   0   0   0   0   0   0   0   0   0   0   0   255 255 1   0   
255 255 0   0   0   0   1   0   0   0   0   0   0   0   0   0   255 255 255 255 255 255 3   0   255 255 255 255 0   0   1   0   
255 255 255 255 255 255 11  0   254 255 255 255 255 255 1   0   255 255 255 255 255 255 0   0   254 255 254 255 254 255 255 255 
255 255 0   0   255 255 255 255 255 255 255 255 0   0   0   0   0   0   0   0   255 255 255 255 0   0   0   0   0   0   0   0   
255 255 0   0   255 255 0   0   0   0   255 255 255 255 0   0   0   0   0   0   0   0   0   0   0   0   0   0   255 255 1   0   
255 255 0   0   0   0   1   0   0   0   0   0   0   0   0   0   255 255 255 255 255 255 3   0   255 255 255 255 0   0   1   0   
255 255 255 255 255 255 11  0   255 255 255 255 255 255 1   0   255 255 255 255 255 255 0   0   254 255 254 255 254 255 255 255 
255 255 0   0   255 255 255 255 255 255 255 255 0   0   0   0   0   0   0   0   255 255 254 255 0   0   0   0   0   0   0   0   
255 255 0   0   255 255 0   0   0   0   255 255 255 255 0   0   0   0   0   0   0   0   0   0   0   0   0   0   255 255 1   0   
255 255 0   0   0   0   1   0   0   0   0   0   0   0   0   0   255 255 255 255 255 255 3   0   255 255 255 255 0   0   1   0   
255 255 255 255 255 255 11  0   255 255 255 255 255 255 1   0   255 255 255 255 255 255 1   0   254 255 254 255 254 255 255 255 
255 255 0   0   255 255 255 255 255 255 255 255 0   0   0   0   0   0   0   0   255 255 255 255 0   0   0   0   0   0   0   0   
255 255 0   0   255 255 0   0   0   0   255 255 255 255 0   0   0   0   0   0   0   0   0   0   0   0   0   0   255 255 1   0   
255 255 0   0   0   0   1   0   0   0   0   0   0   0   0   0   255 255 255 255 255 255 3   0   255 255 255 255 0   0   1   0   
255 255 255 255 255 255 11  0   255 255 255 255 255 255 1   0   255 255 255 255 255 255 1   0   254 255 254 255 254 255 255 255 
255 255 0   0   255 255 255 255 255 255 255 255 0   0   0   0   0   0   0   0   255 255 255 255 0   0   0   0   0   0   0   0   
255 255 0   0   255 255 0   0   0   0   255 255 255 255 0   0   0   0   0   0   0   0   0   0   0   0   0   0   255 255 1   0   
255 255 0   0   0   0   1   0   0   0   0   0   0   0   0   0   255 255 255 255 255 255 3   0   255 255 255 255 0   0   1   0   
255 255 254 255 254 255 10  0   255 255 255 255 255 255 1   0   255 255 255 255 255 255 0   0   254 255 254 255 254 255 255 255 
255 255 0   0   255 255 255 255 255 255 255 255 0   0   0   0   0   0   0   0   255 255 255 255 0   0   0   0   0   0   0   0   
255 255 0   0   255 255 255 255 0   0   255 255 255 255 0   0   0   0   0   0   0   0   0   0   0   0   0   0   255 255 1   0   
255 255 0   0   0   0   1   0   0   0   0   0   0   0   0   0   255 255 255 255 255 255 3   0   255 255 255 255 0   0   1   0   
255 255 254 255 254 255 10  0   254 255 255 255 255 255 1   0   255 255 255 255 255 255 1   0   254 255 254 255 254 255 255 255 
255 255 0   0   255 255 255 255 255 255 255 255 0   0   255 255 0   0   0   0   255 255 255 255 0   0   0   0   0   0   0   0   
255 255 0   0   255 255 255 255 0   0   255 255 255 255 0   0   0   0   0   0   0   0   0   0   0   0   0   0   255 255 1   0   
255 255 0   0   0   0   1   0   0   0   0   0   0   0   0   0   255 255 255 255 255 255 3   0   255 255 255 255 0   0   1   0   
255 255 254 255 254 255 10  0   254 255 255 255 255 255 1   0   255 255 255 255 255 255 1   0   254 255 254 255 254 255 255 255 
255 255 0   0   255 255 255 255 255 255 255 255 0   0   255 255 0   0   0   0   255 255 255 255 0   0   0   0   0   0   0   0   
255 255 0   0   0   0   255 255 0   0   255 255 255 255 0   0   0   0   0   0   0   0   0   0   0   0   0   0   0   0   0   0   
255 255 0   0   0   0   1   0   0   0   0   0   0   0   0   0   255 255 255 255 255 255 3   0   255 255 255 255 0   0   1   0   
255 255 254 255 254 255 10  0   254 255 255 255 255 255 1   0   255 255 255 255 255 255 1   0   255 255 254 255 254 255 255 255 
255 255 0   0   255 255 254 255 255 255 255 255 0   0   255 255 0   0   0   0   255 255 255 255 0   0   0   0   0   0   0   0   
255 255 0   0   0   0   255 255 0   0   0   0   0   0   0   0   0   0   0   0   0   0   0   0   0   0   0   0   0   0   0   0   
255 255 0   0   0   0   1   0   0   0   0   0   0   0   0   0   255 255 255 255 255 255 3   0   254 255 255 255 255 255 0   0   
255 255 254 255 254 255 10  0   254 255 255 255 255 255 1   0   255 255 255 255 255 255 1   0   255 255 254 255 254 255 255 255 
255 255 0   0   255 255 255 255 255 255 255 255 0   0   255 255 0   0   0   0   255 255 255 255 0   0   0   0   0   0   0   0   
255 255 0   0   0   0   255 255 0   0   0   0   0   0   0   0   0   0   0   0   0   0   0   0   0   0   0   0   0   0   255 255 
255 255 0   0   0   0   1   0   0   0   0   0   0   0   0   0   255 255 255 255 255 255 3   0   254 255 255 255 255 255 1   0   
255 255 254 255 255 255 11  0   254 255 255 255 255 255 1   0   255 255 255 255 255 255 1   0   255 255 254 255 255 255 255 255 
255 255 0   0   255 255 255 255 255 255 255 255 0   0   255 255 0   0   0   0   255 255 255 255 0   0   0   0   0   0   0   0   
255 255 0   0   0   0   255 255 0   0   0   0   0   0   0   0   0   0   0   0   0   0   0   0   0   0   0   0   0   0   255 255 
255 255 0   0   0   0   1   0   0   0   0   0   0   0   0   0   255 255 255 255 255 255 3   0   254 255 255 255 255 255 1   0   
255 255 254 255 255 255 11  0   255 255 255 255 0   0   2   0   255 255 255 255 255 255 1   0   255 255 254 255 255 255 255 255 
255 255 0   0   255 255 254 255 255 255 255 255 0   0   0   0   0   0   0   0   255 255 255 255 0   0   0   0   0   0   0   0   
255 255 0   0   0   0   255 255 0   0   0   0   0   0   0   0   0   0   0   0   0   0   0   0   0   0   0   0   0   0   0   0   
255 255 0   0   0   0   1   0   0   0   0   0   0   0   0   0   255 255 255 255 255 255 3   0   254 255 255 255 255 255 1   0   
255 255 254 255 255 255 11  0   255 255 255 255 0   0   2   0   255 255 255 255 255 255 1   0   255 255 254 255 255 255 255 255 
255 255 255 255 255 255 254 255 255 255 255 255 0   0   0   0   0   0   0   0   255 255 255 255 0   0   0   0   0   0   0   0   
255 255 0   0   0   0   0   0   0   0   0   0   0   0   0   0   0   0   0   0   0   0   0   0   0   0   0   0   0   0   0   0   
255 255 0   0   0   0   1   0   0   0   0   0   0   0   0   0   255 255 255 255 255 255 3   0   254 255 255 255 255 255 1   0   
255 255 255 255 255 255 11  0   255 255 255 255 0   0   2   0   255 255 255 255 255 255 1   0   255 255 254 255 255 255 255 255 
255 255 255 255 255 255 255 255 255 255 255 255 0   0   0   0   0   0   0   0   255 255 255 255 0   0   0   0   0   0   0   0   
255 255 0   0   0   0   0   0   0   0   0   0   0   0   0   0   0   0   0   0   255 255 255 255 0   0   0   0   0   0   0   0   
255 255 0   0   0   0   1   0   0   0   0   0   0   0   0   0   255 255 255 255 255 255 3   0   254 255 255 255 255 255 1   0   
255 255 255 255 255 255 11  0   254 255 255 255 0   0   2   0   255 255 255 255 255 255 0   0   255 255 254 255 255 255 255 255 
255 255 255 255 255 255 255 255 255 255 255 255 0   0   0   0   0   0   0   0   255 255 255 255 0   0   255 255 255 255 255 255 
255 255 0   0   0   0   0   0   0   0   0   0   0   0   0   0   0   0   0   0   255 255 0   0   0   0   0   0   0   0   0   0   
255 255 0   0   0   0   1   0   0   0   0   0   0   0   0   0   255 255 255 255 255 255 3   0   254 255 255 255 255 255 1   0   
255 255 255 255 255 255 11  0   254 255 255 255 0   0   2   0   255 255 255 255 255 255 0   0   255 255 254 255 255 255 255 255 
255 255 255 255 255 255 255 255 255 255 255 255 0   0   0   0   0   0   0   0   255 255 255 255 0   0   255 255 0   0   0   0   
255 255 0   0   0   0   0   0   0   0   0   0   0   0   0   0   0   0   0   0   0   0   0   0   0   0   0   0   0   0   0   0   
255 255 0   0   0   0   1   0   0   0   0   0   0   0   0   0   255 255 255 255 255 255 3   0   254 255 255 255 255 255 1   0   
255 255 255 255 255 255 11  0   254 255 255 255 0   0   2   0   255 255 255 255 255 255 0   0   255 255 254 255 255 255 255 255 
255 255 255 255 255 255 255 255 255 255 255 255 0   0   0   0   0   0   0   0   255 255 255 255 0   0   255 255 0   0   0   0   
255 255 0   0   0   0   255 255 0   0   0   0   0   0   0   0   0   0   0   0   0   0   0   0   0   0   0   0   0   0   0   0   
255 255 0   0   0   0   1   0   0   0   0   0   0   0   0   0   255 255 254 255 255 255 3   0   254 255 255 255 255 255 1   0   
255 255 255 255 255 255 11  0   255 255 255 255 0   0   2   0   255 255 255 255 255 255 0   0   255 255 254 255 255 255 255 255 
255 255 255 255 255 255 255 255 255 255 255 255 0   0   0   0   0   0   0   0   255 255 255 255 0   0   255 255 0   0   0   0   
255 255 0   0   0   0   255 255 0   0   0   0   0   0   0   0   0   0   0   0   0   0   0   0   0   0   0   0   0   0   0   0   
255 255 0   0   0   0   1   0   0   0   0   0   0   0   0   0   255 255 254 255 255 255 3   0   254 255 255 255 255 255 1   0   
255 255 255 255 255 255 11  0   255 255 255 255 0   0   2   0   255 255 255 255 255 255 0   0   255 255 254 255 255 255 255 255 
255 255 255 255 255 255 255 255 255 255 255 255 0   0   0   0   0   0   0   0   255 255 255 255 0   0   255 255 0   0   0   0   
255 255 0   0   0   0   255 255 0   0   0   0   255 255 0   0   0   0   0   0   0   0   0   0   0   0   0   0   0   0   0   0   
255 255 0   0   0   0   1   0   0   0   0   0   0   0   0   0   255 255 254 255 255 255 3   0   255 255 255 255 0   0   1   0   
255 255 255 255 255 255 11  0   255 255 255 255 0   0   2   0   255 255 254 255 255 255 0   0   254 255 254 255 255 255 255 255 
255 255 255 255 255 255 255 255 255 255 255 255 0   0   255 255 0   0   0   0   255 255 254 255 0   0   0   0   0   0   0   0   
255 255 0   0   0   0   255 255 0   0   0   0   255 255 0   0   0   0   0   0   255 255 0   0   0   0   0   0   0   0   0   0   
255 255 0   0   0   0   1   0   0   0   0   0   0   0   0   0   255 255 254 255 255 255 3   0   255 255 255 255 0   0   1   0   
255 255 255 255 255 255 11  0   255 255 255 255 0   0   2   0   255 255 254 255 255 255 0   0   255 255 254 255 255 255 255 255 
255 255 255 255 255 255 255 255 255 255 255 255 0   0   255 255 0   0   0   0   255 255 254 255 0   0   0   0   0   0   0   0   
255 255 0   0   0   0   255 255 0   0   0   0   255 255 0   0   0   0   0   0   255 255 0   0   0   0   0   0   0   0   0   0   
255 255 0   0   0   0   1   0   0   0   0   0   0   0   0   0   255 255 254 255 255 255 3   0   255 255 255 255 0   0   1   0   
255 255 255 255 255 255 11  0   255 255 255 255 0   0   2   0   255 255 254 255 255 255 0   0   255 255 254 255 255 255 255 255 
255 255 255 255 255 255 255 255 255 255 255 255 255 255 255 255 0   0   0   0   255 255 255 255 0   0   0   0   0   0   0   0   
255 255 0   0   0   0   255 255 0   0   0   0   255 255 0   0   0   0   0   0   255 255 0   0   0   0   0   0   0   0   0   0   
255 255 0   0   0   0   0   0   0   0   0   0   0   0   0   0   255 255 254 255 255 255 3   0   255 255 255 255 0   0   1   0   
255 255 255 255 255 255 10  0   255 255 255 255 0   0   2   0   255 255 254 255 255 255 1   0   255 255 254 255 255 255 255 255 
255 255 255 255 255 255 255 255 255 255 255 255 255 255 255 255 0   0   0   0   255 255 255 255 0   0   0   0   0   0   0   0   
255 255 0   0   0   0   255 255 0   0   0   0   255 255 0   0   0   0   0   0   255 255 1   0   0   0   0   0   0   0   0   0   
255 255 0   0   0   0   0   0   0   0   0   0   0   0   0   0   255 255 254 255 255 255 3   0   255 255 255 255 0   0   1   0   
255 255 255 255 255 255 10  0   255 255 255 255 0   0   2   0   255 255 254 255 255 255 1   0   255 255 254 255 255 255 255 255 
255 255 255 255 255 255 255 255 255 255 255 255 255 255 255 255 0   0   0   0   255 255 255 255 0   0   0   0   0   0   0   0   
255 255 0   0   0   0   255 255 0   0   0   0   255 255 0   0   0   0   0   0   255 255 0   0   0   0   0   0   0   0   0   0   
255 255 0   0   0   0   1   0   0   0   0   0   0   0   0   0   255 255 254 255 255 255 3   0   255 255 255 255 0   0   1   0   
255 255 255 255 255 255 10  0   255 255 255 255 0   0   2   0   255 255 254 255 255 255 1   0   255 255 254 255 255 255 255 255 
255 255 255 255 255 255 255 255 255 255 255 255 255 255 255 255 0   0   0   0   255 255 255 255 0   0   0   0   0   0   0   0   
255 255 0   0   0   0   255 255 0   0   0   0   255 255 0   0   0   0   0   0   255 255 0   0   0   0   0   0   0   0   0   0   
255 255 0   0   0   0   1   0   0   0   0   0   0   0   0   0   255 255 255 255 255 255 3   0   255 255 255 255 0   0   1   0   
255 255 255 255 255 255 10  0   255 255 255 255 0   0   2   0   255 255 254 255 255 255 1   0   255 255 254 255 255 255 255 255 
255 255 255 255 255 255 255 255 255 255 255 255 255 255 255 255 0   0   0   0   255 255 255 255 0   0   0   0   0   0   0   0   
255 255 0   0   0   0   255 255 0   0   0   0   255 255 0   0   0   0   0   0   0   0   0   0   0   0   0   0   0   0   0   0   
255 255 0   0   0   0   1   0   0   0   0   0   0   0   0   0   255 255 255 255 255 255 3   0   254 255 255 255 255 255 0   0   
255 255 255 255 255 255 10  0   255 255 255 255 0   0   2   0   255 255 254 255 255 255 1   0   255 255 254 255 255 255 255 255 
255 255 255 255 255 255 255 255 255 255 255 255 255 255 0   0   0   0   0   0   255 255 255 255 0   0   0   0   0   0   0   0   
255 255 0   0   0   0   255 255 0   0   0   0   255 255 0   0   0   0   0   0   0   0   0   0   0   0   0   0   0   0   0   0   
255 255 0   0   0   0   1   0   0   0   0   0   0   0   0   0   255 255 255 255 255 255 3   0   254 255 255 255 255 255 0   0   
255 255 254 255 255 255 10  0   255 255 255 255 0   0   2   0   255 255 254 255 255 255 1   0   255 255 254 255 255 255 255 255 
255 255 255 255 255 255 255 255 255 255 255 255 255 255 0   0   0   0   0   0   255 255 255 255 0   0   255 255 0   0   255 255 
255 255 0   0   0   0   255 255 0   0   0   0   255 255 0   0   0   0   0   0   0   0   0   0   0   0   0   0   0   0   0   0   
255 255 0   0   0   0   1   0   0   0   0   0   0   0   0   0   255 255 0   0   255 255 3   0   0   0   255 255 255 255 1   0   
255 255 254 255 255 255 11  0   255 255 255 255 0   0   2   0   255 255 254 255 255 255 1   0   255 255 255 255 255 255 255 255 
255 255 255 255 255 255 255 255 255 255 255 255 0   0   255 255 0   0   0   0   255 255 255 255 0   0   255 255 0   0   0   0   
255 255 0   0   0   0   255 255 0   0   0   0   255 255 0   0   0   0   0   0   0   0   0   0   0   0   0   0   0   0   0   0   
255 255 0   0   0   0   1   0   0   0   0   0   0   0   0   0   255 255 0   0   255 255 3   0   0   0   255 255 255 255 1   0   
255 255 254 255 255 255 11  0   254 255 255 255 0   0   2   0   255 255 254 255 255 255 1   0   255 255 255 255 255 255 255 255 
255 255 255 255 255 255 255 255 255 255 255 255 0   0   255 255 0   0   0   0   255 255 255 255 0   0   255 255 0   0   0   0   
255 255 0   0   0   0   255 255 0   0   0   0   0   0   0   0   0   0   0   0   0   0   0   0   0   0   0   0   0   0   0   0   
255 255 0   0   0   0   1   0   0   0   0   0   0   0   0   0   255 255 0   0   255 255 3   0   0   0   255 255 255 255 1   0   
255 255 254 255 255 255 11  0   254 255 255 255 0   0   2   0   255 255 254 255 255 255 0   0   255 255 255 255 255 255 255 255 
255 255 255 255 255 255 255 255 255 255 255 255 0   0   255 255 0   0   0   0   255 255 255 255 0   0   255 255 0   0   0   0   
255 255 0   0   0   0   255 255 0   0   0   0   0   0   0   0   0   0   0   0   255 255 255 255 0   0   0   0   0   0   0   0   
255 255 0   0   0   0   1   0   0   0   0   0   0   0   0   0   255 255 0   0   255 255 3   0   0   0   255 255 255 255 1   0   
255 255 254 255 255 255 11  0   254 255 255 255 0   0   2   0   255 255 254 255 255 255 0   0   255 255 255 255 255 255 255 255 
255 255 255 255 255 255 255 255 255 255 255 255 0   0   255 255 0   0   0   0   255 255 254 255 0   0   255 255 0   0   0   0   
255 255 0   0   0   0   255 255 0   0   0   0   0   0   0   0   0   0   0   0   255 255 255 255 0   0   0   0   0   0   0   0   
255 255 0   0   0   0   1   0   0   0   0   0   0   0   0   0   255 255 0   0   255 255 3   0   0   0   255 255 255 255 1   0   
255 255 255 255 255 255 11  0   254 255 255 255 0   0   2   0   255 255 254 255 255 255 0   0   255 255 255 255 255 255 255 255 
255 255 255 255 255 255 255 255 255 255 255 255 0   0   255 255 0   0   0   0   255 255 254 255 0   0   255 255 0   0   0   0   
255 255 0   0   0   0   255 255 0   0   0   0   0   0   0   0   0   0   0   0   255 255 0   0   0   0   0   0   0   0   0   0   
255 255 0   0   0   0   1   0   0   0   0   0   0   0   0   0   255 255 0   0   255 255 3   0   0   0   255 255 255 255 1   0   
255 255 255 255 255 255 11  0   254 255 255 255 0   0   2   0   255 255 254 255 255 255 0   0   255 255 255 255 255 255 255 255 
255 255 255 255 255 255 255 255 255 255 255 255 0   0   255 255 0   0   0   0   255 255 255 255 0   0   255 255 0   0   0   0   
255 255 0   0   0   0   255 255 0   0   0   0   0   0   0   0   0   0   0   0   0   0   0   0   0   0   0   0   0   0   0   0   
255 255 0   0   0   0   1   0   255 255 0   0   0   0   0   0   255 255 0   0   255 255 3   0   0   0   255 255 255 255 1   0   
255 255 255 255 255 255 11  0   254 255 255 255 255 255 1   0   255 255 254 255 255 255 0   0   255 255 255 255 255 255 255 255 
255 255 255 255 255 255 255 255 255 255 255 255 0   0   255 255 0   0   0   0   255 255 255 255 0   0   255 255 0   0   0   0   
255 255 0   0   0   0   0   0   0   0   0   0   0   0   0   0   0   0   0   0   0   0   0   0   0   0   0   0   0   0   0   0   
255 255 0   0   0   0   1   0   255 255 0   0   255 255 255 255 255 255 0   0   255 255 3   0   0   0   255 255 255 255 1   0   
255 255 255 255 255 255 11  0   254 255 255 255 255 255 2   0   255 255 254 255 255 255 0   0   255 255 255 255 255 255 255 255 
255 255 255 255 255 255 255 255 255 255 255 255 0   0   0   0   0   0   0   0   255 255 255 255 0   0   255 255 0   0   0   0   
255 255 0   0   0   0   0   0   0   0   0   0   0   0   0   0   0   0   0   0   0   0   255 255 0   0   0   0   0   0   0   0   
255 255 0   0   0   0   1   0   255 255 0   0   0   0   0   0   255 255 0   0   255 255 3   0   0   0   255 255 255 255 1   0   
255 255 255 255 255 255 11  0   255 255 255 255 255 255 2   0   255 255 254 255 255 255 1   0   255 255 255 255 255 255 255 255 
255 255 255 255 255 255 255 255 255 255 255 255 0   0   0   0   0   0   0   0   255 255 254 255 0   0   0   0   0   0   0   0   
255 255 0   0   0   0   0   0   0   0   0   0   0   0   0   0   0   0   0   0   0   0   0   0   0   0   0   0   0   0   0   0   
255 255 0   0   0   0   1   0   255 255 0   0   0   0   0   0   255 255 0   0   255 255 3   0   0   0   255 255 255 255 1   0   
255 255 255 255 255 255 11  0   255 255 255 255 255 255 2   0   255 255 254 255 255 255 1   0   255 255 255 255 255 255 255 255 
255 255 255 255 255 255 255 255 255 255 255 255 0   0   0   0   0   0   0   0   255 255 254 255 0   0   255 255 0   0   255 255 
255 255 0   0   0   0   255 255 0   0   0   0   0   0   0   0   0   0   0   0   0   0   0   0   0   0   0   0   0   0   0   0   
255 255 0   0   0   0   2   0   255 255 0   0   0   0   0   0   255 255 0   0   255 255 3   0   0   0   255 255 0   0   1   0   
254 255 254 255 254 255 10  0   255 255 255 255 255 255 2   0   255 255 255 255 255 255 0   0   255 255 255 255 255 255 255 255 
255 255 255 255 255 255 255 255 255 255 255 255 0   0   255 255 0   0   0   0   255 255 255 255 0   0   255 255 0   0   255 255 
255 255 0   0   0   0   0   0   0   0   0   0   0   0   0   0   0   0   0   0   0   0   0   0   0   0   0   0   0   0   0   0   
255 255 0   0   255 255 1   0   0   0   0   0   0   0   0   0   255 255 0   0   255 255 3   0   0   0   255 255 0   0   1   0   
254 255 254 255 255 255 11  0   255 255 255 255 255 255 2   0   255 255 255 255 255 255 0   0   255 255 255 255 255 255 255 255 
255 255 255 255 255 255 255 255 0   0   255 255 0   0   0   0   0   0   0   0   255 255 255 255 0   0   255 255 0   0   0   0   
255 255 0   0   0   0   255 255 0   0   0   0   0   0   0   0   0   0   0   0   0   0   0   0   0   0   0   0   0   0   0   0   
255 255 0   0   255 255 1   0   0   0   0   0   0   0   0   0   255 255 0   0   255 255 3   0   0   0   255 255 0   0   1   0   
255 255 254 255 255 255 11  0   254 255 255 255 255 255 2   0   255 255 255 255 255 255 0   0   255 255 255 255 255 255 255 255 
255 255 255 255 255 255 255 255 0   0   255 255 0   0   255 255 0   0   0   0   255 255 255 255 0   0   255 255 0   0   0   0   
255 255 0   0   0   0   255 255 0   0   0   0   0   0   0   0   0   0   0   0   0   0   0   0   0   0   0   0   0   0   0   0   
255 255 0   0   255 255 1   0   0   0   0   0   0   0   0   0   255 255 0   0   255 255 3   0   0   0   255 255 0   0   1   0   
255 255 254 255 255 255 10  0   254 255 255 255 255 255 2   0   255 255 255 255 255 255 1   0   255 255 255 255 255 255 255 255 
255 255 255 255 255 255 255 255 255 255 255 255 0   0   255 255 0   0   0   0   255 255 255 255 0   0   255 255 0   0   0   0   
255 255 0   0   0   0   255 255 0   0   0   0   0   0   0   0   0   0   0   0   0   0   1   0   0   0   0   0   0   0   0   0   
255 255 0   0   255 255 1   0   0   0   0   0   0   0   0   0   255 255 0   0   255 255 3   0   255 255 255 255 0   0   1   0   
255 255 254 255 255 255 11  0   254 255 255 255 255 255 2   0   255 255 255 255 255 255 1   0   255 255 255 255 255 255 255 255 
255 255 255 255 255 255 254 255 255 255 255 255 0   0   255 255 0   0   0   0   255 255 255 255 0   0   255 255 0   0   0   0   
255 255 0   0   0   0   255 255 0   0   0   0   0   0   0   0   0   0   0   0   0   0   0   0   0   0   0   0   0   0   0   0   
255 255 0   0   255 255 1   0   0   0   0   0   0   0   0   0   255 255 255 255 255 255 3   0   255 255 255 255 255 255 1   0   
255 255 254 255 255 255 11  0   254 255 255 255 255 255 2   0   255 255 254 255 255 255 0   0   255 255 255 255 255 255 255 255 
255 255 255 255 255 255 255 255 255 255 255 255 0   0   255 255 0   0   0   0   255 255 255 255 0   0   255 255 0   0   0   0   
255 255 0   0   0   0   255 255 0   0   0   0   0   0   0   0   0   0   0   0   0   0   0   0   0   0   0   0   0   0   0   0   
255 255 0   0   255 255 1   0   255 255 0   0   0   0   0   0   255 255 0   0   255 255 3   0   255 255 255 255 255 255 1   0   
255 255 254 255 255 255 11  0   254 255 255 255 255 255 2   0   255 255 254 255 255 255 1   0   255 255 255 255 255 255 255 255 
255 255 255 255 255 255 254 255 255 255 255 255 0   0   0   0   0   0   0   0   255 255 255 255 0   0   255 255 0   0   0   0   
255 255 0   0   0   0   0   0   0   0   0   0   0   0   0   0   0   0   0   0   0   0   0   0   0   0   0   0   0   0   0   0   
255 255 0   0   0   0   1   0   255 255 0   0   0   0   0   0   255 255 0   0   255 255 3   0   255 255 255 255 255 255 1   0   
255 255 254 255 255 255 11  0   254 255 255 255 255 255 2   0   255 255 254 255 255 255 1   0   255 255 255 255 255 255 255 255 
255 255 255 255 255 255 254 255 255 255 255 255 0   0   0   0   0   0   0   0   255 255 255 255 0   0   255 255 0   0   0   0   
255 255 0   0   0   0   0   0   0   0   0   0   255 255 0   0   0   0   0   0   0   0   0   0   0   0   0   0   0   0   0   0   
255 255 0   0   0   0   1   0   255 255 0   0   0   0   0   0   255 255 0   0   255 255 3   0   255 255 255 255 0   0   1   0   
255 255 254 255 255 255 11  0   254 255 255 255 255 255 2   0   255 255 254 255 255 255 0   0   255 255 255 255 255 255 255 255 
255 255 255 255 255 255 254 255 255 255 255 255 0   0   0   0   0   0   0   0   255 255 255 255 0   0   255 255 0   0   0   0   
255 255 0   0   0   0   0   0   0   0   0   0   255 255 0   0   0   0   0   0   0   0   1   0   0   0   0   0   0   0   0   0   
255 255 0   0   0   0   1   0   255 255 0   0   0   0   0   0   255 255 0   0   255 255 3   0   0   0   255 255 0   0   1   0   
255 255 254 255 255 255 11  0   254 255 255 255 255 255 2   0   255 255 254 255 255 255 0   0   255 255 255 255 255 255 255 255 
255 255 255 255 255 255 254 255 255 255 255 255 0   0   0   0   0   0   0   0   255 255 255 255 0   0   255 255 0   0   0   0   
255 255 0   0   0   0   255 255 0   0   0   0   255 255 0   0   0   0   0   0   0   0   0   0   0   0   0   0   0   0   0   0   
255 255 0   0   0   0   1   0   255 255 0   0   0   0   0   0   255 255 0   0   255 255 3   0   0   0   255 255 0   0   1   0   
255 255 254 255 255 255 11  0   254 255 255 255 255 255 2   0   255 255 254 255 255 255 0   0   255 255 255 255 255 255 255 255 
255 255 255 255 255 255 254 255 255 255 255 255 0   0   0   0   0   0   0   0   255 255 255 255 0   0   255 255 0   0   0   0   
255 255 0   0   0   0   255 255 0   0   0   0   255 255 0   0   0   0   0   0   0   0   0   0   0   0   0   0   0   0   0   0   
255 255 0   0   0   0   1   0   255 255 0   0   0   0   0   0   255 255 0   0   255 255 3   0   0   0   255 255 0   0   1   0   
255 255 254 255 255 255 11  0   254 255 255 255 255 255 2   0   255 255 254 255 255 255 0   0   255 255 255 255 255 255 255 255 
255 255 255 255 255 255 254 255 255 255 255 255 0   0   0   0   0   0   0   0   255 255 255 255 0   0   255 255 0   0   0   0   
255 255 0   0   0   0   255 255 0   0   0   0   255 255 0   0   0   0   0   0   0   0   0   0   0   0   0   0   0   0   0   0   
255 255 0   0   0   0   1   0   0   0   0   0   0   0   0   0   255 255 0   0   255 255 3   0   0   0   255 255 0   0   1   0   
255 255 254 255 255 255 11  0   254 255 255 255 255 255 2   0   255 255 254 255 255 255 0   0   255 255 255 255 255 255 255 255 
255 255 255 255 255 255 254 255 255 255 255 255 0   0   0   0   0   0   0   0   255 255 255 255 0   0   255 255 0   0   0   0   
255 255 0   0   0   0   0   0   0   0   0   0   255 255 0   0   0   0   0   0   0   0   0   0   0   0   0   0   0   0   0   0   
255 255 0   0   0   0   1   0   0   0   0   0   0   0   0   0   255 255 0   0   255 255 3   0   0   0   255 255 0   0   1   0   
255 255 254 255 255 255 11  0   254 255 255 255 255 255 2   0   255 255 254 255 255 255 0   0   255 255 255 255 255 255 255 255 
255 255 255 255 255 255 254 255 255 255 255 255 0   0   0   0   0   0   0   0   255 255 255 255 0   0   255 255 0   0   0   0   
255 255 0   0   0   0   0   0   0   0   0   0   255 255 0   0   0   0   0   0   0   0   0   0   0   0   0   0   0   0   0   0   
255 255 0   0   0   0   1   0   0   0   0   0   0   0   0   0   255 255 0   0   255 255 3   0   0   0   255 255 0   0   1   0   
255 255 254 255 255 255 11  0   254 255 255 255 255 255 2   0   255 255 254 255 255 255 0   0   255 255 255 255 255 255 255 255 
255 255 255 255 255 255 255 255 255 255 255 255 0   0   0   0   0   0   0   0   255 255 255 255 0   0   255 255 0   0   0   0   
255 255 0   0   0   0   0   0   0   0   0   0   255 255 0   0   0   0   0   0   0   0   0   0   0   0   0   0   0   0   0   0   
255 255 0   0   0   0   1   0   0   0   0   0   0   0   0   0   255 255 0   0   255 255 4   0   0   0   255 255 0   0   1   0   
255 255 254 255 255 255 11  0   254 255 255 255 255 255 2   0   255 255 254 255 255 255 0   0   255 255 255 255 255 255 255 255 
255 255 255 255 255 255 255 255 255 255 255 255 0   0   0   0   0   0   0   0   255 255 255 255 0   0   255 255 0   0   0   0   
255 255 0   0   0   0   0   0   0   0   0   0   255 255 0   0   0   0   0   0   255 255 0   0   0   0   0   0   0   0   0   0   
255 255 0   0   0   0   1   0   0   0   0   0   255 255 255 255 255 255 0   0   255 255 4   0   0   0   255 255 0   0   1   0   
255 255 254 255 255 255 11  0   254 255 255 255 255 255 2   0   255 255 254 255 255 255 0   0   255 255 255 255 255 255 255 255 
255 255 255 255 255 255 255 255 255 255 255 255 0   0   0   0   0   0   0   0   255 255 255 255 0   0   255 255 0   0   0   0   
255 255 0   0   0   0   0   0   0   0   0   0   255 255 0   0   0   0   0   0   255 255 0   0   0   0   0   0   0   0   0   0   
255 255 0   0   0   0   1   0   0   0   0   0   0   0   0   0   255 255 0   0   255 255 4   0   0   0   255 255 0   0   1   0   
255 255 254 255 255 255 11  0   254 255 255 255 255 255 2   0   255 255 254 255 255 255 0   0   255 255 255 255 255 255 255 255 
255 255 255 255 255 255 255 255 255 255 255 255 0   0   0   0   0   0   0   0   255 255 255 255 0   0   255 255 0   0   0   0   
255 255 0   0   0   0   0   0   0   0   0   0   255 255 0   0   0   0   0   0   255 255 0   0   0   0   0   0   0   0   0   0   
255 255 0   0   0   0   1   0   0   0   0   0   0   0   0   0   255 255 0   0   255 255 4   0   0   0   255 255 0   0   1   0   
255 255 254 255 255 255 11  0   254 255 255 255 255 255 2   0   255 255 254 255 255 255 0   0   255 255 255 255 255 255 255 255 
255 255 255 255 255 255 255 255 255 255 255 255 0   0   0   0   0   0   0   0   255 255 255 255 0   0   255 255 0   0   0   0   
255 255 0   0   0   0   255 255 0   0   0   0   255 255 0   0   0   0   0   0   255 255 0   0   0   0   0   0   0   0   0   0   
255 255 0   0   0   0   1   0   255 255 0   0   0   0   0   0   255 255 0   0   255 255 3   0   0   0   255 255 0   0   1   0   
255 255 254 255 255 255 11  0   255 255 255 255 255 255 2   0   255 255 254 255 255 255 1   0   255 255 255 255 255 255 255 255 
255 255 255 255 255 255 255 255 255 255 255 255 0   0   0   0   0   0   0   0   255 255 255 255 0   0   255 255 0   0   0   0   
255 255 0   0   0   0   255 255 0   0   0   0   255 255 0   0   0   0   0   0   255 255 0   0   0   0   0   0   0   0   0   0   
255 255 0   0   0   0   1   0   255 255 0   0   0   0   0   0   255 255 0   0   255 255 3   0   0   0   255 255 0   0   2   0   
255 255 254 255 255 255 11  0   255 255 255 255 255 255 2   0   255 255 254 255 255 255 1   0   255 255 255 255 255 255 255 255 
255 255 255 255 255 255 255 255 255 255 255 255 0   0   0   0   0   0   0   0   255 255 255 255 0   0   255 255 0   0   0   0   
255 255 0   0   0   0   255 255 0   0   0   0   255 255 0   0   0   0   0   0   255 255 1   0   0   0   0   0   0   0   0   0   
255 255 0   0   0   0   1   0   255 255 0   0   0   0   0   0   255 255 0   0   255 255 3   0   0   0   255 255 0   0   2   0   
255 255 254 255 255 255 10  0   255 255 255 255 255 255 2   0   255 255 254 255 255 255 1   0   255 255 255 255 255 255 255 255 
255 255 255 255 255 255 254 255 0   0   255 255 0   0   0   0   0   0   0   0   255 255 255 255 0   0   255 255 0   0   0   0   
255 255 0   0   0   0   255 255 0   0   0   0   255 255 0   0   0   0   0   0   255 255 1   0   0   0   0   0   0   0   0   0   
255 255 0   0   0   0   1   0   0   0   0   0   0   0   0   0   255 255 0   0   255 255 3   0   0   0   255 255 0   0   1   0   
255 255 254 255 255 255 11  0   255 255 255 255 255 255 2   0   255 255 254 255 255 255 0   0   255 255 255 255 255 255 255 255 
255 255 255 255 255 255 255 255 255 255 255 255 255 255 0   0   0   0   0   0   255 255 255 255 0   0   255 255 0   0   0   0   
255 255 0   0   0   0   255 255 0   0   0   0   255 255 0   0   0   0   0   0   255 255 0   0   0   0   0   0   0   0   0   0   
255 255 0   0   0   0   1   0   0   0   0   0   0   0   0   0   255 255 0   0   255 255 3   0   0   0   255 255 0   0   1   0   
255 255 254 255 255 255 11  0   255 255 255 255 255 255 2   0   255 255 254 255 255 255 0   0   255 255 255 255 255 255 255 255 
255 255 255 255 255 255 254 255 255 255 255 255 255 255 0   0   0   0   0   0   255 255 255 255 0   0   255 255 0   0   0   0   
255 255 0   0   0   0   0   0   0   0   0   0   255 255 0   0   0   0   0   0   255 255 0   0   0   0   0   0   0   0   0   0   
255 255 0   0   0   0   1   0   0   0   0   0   0   0   0   0   255 255 0   0   255 255 3   0   0   0   255 255 0   0   1   0   
255 255 254 255 255 255 11  0   254 255 255 255 255 255 2   0   255 255 254 255 255 255 1   0   255 255 255 255 255 255 255 255 
255 255 255 255 255 255 254 255 255 255 255 255 255 255 0   0   0   0   0   0   255 255 255 255 0   0   255 255 0   0   0   0   
255 255 0   0   0   0   0   0   0   0   0   0   255 255 0   0   0   0   0   0   255 255 0   0   0   0   0   0   0   0   0   0   
255 255 0   0   0   0   1   0   0   0   0   0   0   0   0   0   255 255 0   0   255 255 3   0   255 255 255 255 0   0   1   0   
255 255 254 255 255 255 10  0   254 255 255 255 255 255 2   0   255 255 254 255 255 255 1   0   255 255 255 255 255 255 255 255 
255 255 255 255 255 255 255 255 0   0   255 255 0   0   0   0   0   0   0   0   255 255 255 255 0   0   255 255 0   0   0   0   
255 255 0   0   0   0   0   0   0   0   0   0   0   0   0   0   0   0   0   0   255 255 0   0   0   0   0   0   0   0   0   0   
255 255 0   0   0   0   1   0   0   0   0   0   0   0   0   0   255 255 0   0   255 255 3   0   0   0   255 255 0   0   1   0   
255 255 254 255 255 255 10  0   254 255 255 255 255 255 2   0   255 255 254 255 255 255 0   0   255 255 255 255 255 255 255 255 
255 255 255 255 255 255 255 255 0   0   255 255 0   0   0   0   0   0   0   0   255 255 255 255 0   0   255 255 0   0   0   0   
255 255 0   0   0   0   0   0   0   0   0   0   0   0   0   0   0   0   0   0   255 255 0   0   0   0   0   0   0   0   0   0   
255 255 0   0   0   0   1   0   0   0   0   0   0   0   0   0   255 255 0   0   255 255 3   0   0   0   255 255 0   0   1   0   
255 255 255 255 255 255 11  0   254 255 255 255 255 255 2   0   255 255 254 255 255 255 0   0   255 255 255 255 255 255 255 255 
255 255 255 255 255 255 255 255 255 255 255 255 255 255 255 255 0   0   0   0   255 255 255 255 0   0   255 255 0   0   0   0   
255 255 0   0   0   0   0   0   0   0   0   0   0   0   0   0   0   0   0   0   255 255 0   0   0   0   0   0   0   0   0   0   
255 255 0   0   0   0   1   0   0   0   0   0   0   0   0   0   255 255 0   0   255 255 3   0   0   0   255 255 0   0   1   0   
255 255 254 255 255 255 11  0   254 255 255 255 255 255 2   0   255 255 255 255 255 255 1   0   255 255 255 255 255 255 255 255 
255 255 255 255 255 255 255 255 255 255 255 255 255 255 255 255 0   0   0   0   255 255 0   0   0   0   255 255 0   0   0   0   
255 255 0   0   0   0   0   0   0   0   0   0   0   0   0   0   0   0   0   0   255 255 0   0   0   0   0   0   0   0   0   0   
255 255 0   0   0   0   1   0   0   0   0   0   0   0   0   0   255 255 0   0   255 255 3   0   0   0   255 255 0   0   1   0   
255 255 254 255 255 255 11  0   254 255 255 255 255 255 2   0   255 255 255 255 255 255 0   0   255 255 255 255 255 255 255 255 
255 255 255 255 255 255 255 255 255 255 255 255 255 255 255 255 0   0   0   0   255 255 255 255 0   0   255 255 0   0   0   0   
255 255 0   0   0   0   0   0   0   0   0   0   0   0   0   0   0   0   0   0   255 255 0   0   0   0   0   0   0   0   0   0   
255 255 0   0   255 255 1   0   0   0   0   0   0   0   0   0   255 255 0   0   255 255 3   0   255 255 255 255 0   0   1   0   
255 255 254 255 255 255 10  0   254 255 255 255 255 255 2   0   255 255 255 255 255 255 0   0   255 255 255 255 255 255 255 255 
255 255 0   0   255 255 255 255 255 255 255 255 255 255 255 255 0   0   0   0   255 255 255 255 0   0   255 255 0   0   0   0   
255 255 0   0   0   0   255 255 0   0   0   0   0   0   0   0   0   0   0   0   255 255 0   0   0   0   0   0   0   0   0   0   
255 255 0   0   255 255 1   0   0   0   0   0   0   0   0   0   255 255 0   0   255 255 3   0   255 255 255 255 0   0   1   0   
255 255 254 255 255 255 11  0   254 255 255 255 255 255 2   0   255 255 255 255 255 255 0   0   255 255 255 255 255 255 255 255 
255 255 0   0   255 255 255 255 255 255 255 255 255 255 255 255 0   0   0   0   255 255 254 255 0   0   255 255 0   0   0   0   
255 255 0   0   0   0   255 255 0   0   0   0   0   0   0   0   0   0   0   0   255 255 0   0   0   0   0   0   0   0   0   0   
255 255 0   0   0   0   2   0   0   0   0   0   0   0   0   0   255 255 0   0   255 255 3   0   255 255 255 255 0   0   1   0   
255 255 254 255 255 255 11  0   254 255 255 255 255 255 2   0   255 255 255 255 255 255 0   0   255 255 255 255 255 255 255 255 
255 255 0   0   255 255 255 255 255 255 255 255 255 255 255 255 0   0   0   0   255 255 254 255 0   0   255 255 0   0   0   0   
255 255 0   0   0   0   255 255 0   0   0   0   0   0   0   0   0   0   0   0   255 255 0   0   0   0   0   0   0   0   0   0   
255 255 0   0   0   0   2   0   0   0   0   0   0   0   0   0   255 255 0   0   255 255 3   0   255 255 255 255 0   0   1   0   
255 255 254 255 255 255 11  0   254 255 255 255 255 255 2   0   255 255 255 255 255 255 1   0   255 255 255 255 255 255 255 255 
255 255 0   0   255 255 255 255 255 255 255 255 255 255 255 255 0   0   0   0   255 255 255 255 0   0   0   0   0   0   0   0   
255 255 0   0   0   0   255 255 255 255 255 255 0   0   0   0   255 255 0   0   255 255 0   0   0   0   0   0   0   0   0   0   
255 255 0   0   0   0   2   0   0   0   0   0   0   0   0   0   255 255 0   0   255 255 3   0   255 255 255 255 0   0   1   0   
255 255 254 255 255 255 10  0   254 255 255 255 255 255 2   0   255 255 255 255 255 255 1   0   255 255 255 255 255 255 255 255 
255 255 0   0   255 255 255 255 255 255 255 255 255 255 255 255 0   0   0   0   255 255 255 255 0   0   0   0   0   0   0   0   
255 255 0   0   0   0   255 255 255 255 255 255 0   0   0   0   255 255 0   0   255 255 0   0   0   0   0   0   0   0   0   0   
255 255 0   0   0   0   1   0   0   0   0   0   0   0   0   0   255 255 0   0   255 255 3   0   255 255 255 255 0   0   1   0   
255 255 254 255 255 255 11  0   254 255 255 255 255 255 2   0   255 255 255 255 255 255 1   0   255 255 255 255 255 255 255 255 
255 255 0   0   255 255 255 255 255 255 255 255 255 255 255 255 0   0   0   0   255 255 255 255 0   0   0   0   0   0   0   0   
255 255 0   0   0   0   255 255 255 255 255 255 255 255 0   0   0   0   0   0   0   0   0   0   0   0   0   0   0   0   0   0   
255 255 0   0   0   0   1   0   0   0   0   0   0   0   0   0   255 255 0   0   255 255 3   0   255 255 255 255 0   0   1   0   
255 255 254 255 255 255 11  0   254 255 255 255 255 255 2   0   255 255 255 255 255 255 1   0   255 255 255 255 255 255 255 255 
255 255 255 255 255 255 254 255 255 255 255 255 255 255 255 255 0   0   0   0   255 255 255 255 0   0   255 255 0   0   0   0   
255 255 0   0   0   0   255 255 255 255 255 255 255 255 0   0   0   0   0   0   0   0   1   0   0   0   0   0   0   0   0   0   
255 255 0   0   0   0   1   0   0   0   0   0   0   0   0   0   255 255 0   0   255 255 3   0   255 255 255 255 0   0   1   0   
255 255 254 255 255 255 11  0   254 255 255 255 255 255 2   0   255 255 255 255 255 255 1   0   255 255 255 255 255 255 255 255 
255 255 255 255 255 255 254 255 255 255 255 255 255 255 255 255 0   0   0   0   255 255 255 255 0   0   255 255 0   0   0   0   
255 255 0   0   0   0   255 255 255 255 255 255 0   0   0   0   0   0   0   0   0   0   1   0   0   0   0   0   0   0   0   0   
255 255 0   0   0   0   1   0   0   0   0   0   0   0   0   0   255 255 0   0   255 255 3   0   255 255 255 255 0   0   1   0   
255 255 254 255 255 255 10  0   254 255 255 255 255 255 2   0   255 255 254 255 255 255 1   0   255 255 255 255 255 255 255 255 
255 255 255 255 255 255 255 255 255 255 255 255 255 255 255 255 0   0   0   0   255 255 255 255 0   0   255 255 0   0   0   0   
255 255 0   0   0   0   255 255 255 255 255 255 0   0   0   0   0   0   0   0   0   0   0   0   0   0   0   0   0   0   0   0   
255 255 0   0   0   0   1   0   0   0   0   0   0   0   0   0   255 255 0   0   255 255 3   0   255 255 255 255 0   0   1   0   
255 255 254 255 255 255 11  0   254 255 255 255 255 255 2   0   255 255 254 255 255 255 1   0   255 255 255 255 255 255 255 255 
255 255 255 255 255 255 255 255 255 255 255 255 255 255 0   0   0   0   0   0   255 255 254 255 0   0   255 255 0   0   0   0   
255 255 0   0   0   0   255 255 255 255 255 255 0   0   0   0   0   0   0   0   0   0   0   0   0   0   0   0   0   0   0   0   
255 255 0   0   0   0   1   0   0   0   0   0   0   0   0   0   255 255 0   0   255 255 3   0   255 255 255 255 0   0   1   0   
255 255 254 255 255 255 11  0   254 255 255 255 255 255 2   0   255 255 254 255 255 255 1   0   255 255 255 255 255 255 255 255 
255 255 255 255 255 255 255 255 255 255 255 255 255 255 0   0   0   0   0   0   255 255 255 255 0   0   255 255 0   0   0   0   
255 255 0   0   0   0   255 255 255 255 255 255 0   0   0   0   0   0   0   0   0   0   0   0   0   0   0   0   0   0   0   0   
255 255 0   0   0   0   1   0   0   0   0   0   0   0   0   0   255 255 255 255 255 255 3   0   255 255 255 255 255 255 1   0   
255 255 254 255 255 255 11  0   254 255 255 255 255 255 2   0   255 255 254 255 255 255 1   0   255 255 255 255 255 255 255 255 
255 255 255 255 255 255 254 255 255 255 255 255 0   0   0   0   0   0   0   0   255 255 255 255 0   0   255 255 255 255 255 255 
255 255 0   0   0   0   255 255 255 255 255 255 0   0   0   0   0   0   0   0   0   0   0   0   0   0   0   0   0   0   0   0   
255 255 0   0   0   0   1   0   0   0   0   0   0   0   0   0   255 255 255 255 255 255 3   0   255 255 255 255 255 255 1   0   
255 255 254 255 255 255 11  0   254 255 255 255 255 255 2   0   255 255 254 255 255 255 0   0   255 255 255 255 255 255 255 255 
255 255 255 255 255 255 255 255 255 255 255 255 0   0   0   0   0   0   0   0   255 255 255 255 0   0   255 255 255 255 255 255 
255 255 0   0   0   0   255 255 255 255 255 255 0   0   0   0   0   0   0   0   255 255 0   0   0   0   0   0   0   0   0   0   
255 255 0   0   0   0   1   0   0   0   0   0   0   0   0   0   255 255 255 255 255 255 3   0   255 255 255 255 255 255 1   0   
255 255 254 255 254 255 11  0   254 255 255 255 255 255 2   0   255 255 254 255 255 255 0   0   255 255 255 255 255 255 255 255 
255 255 255 255 255 255 255 255 255 255 255 255 0   0   0   0   0   0   0   0   255 255 255 255 0   0   255 255 255 255 255 255 
255 255 0   0   0   0   255 255 255 255 255 255 0   0   0   0   0   0   0   0   255 255 0   0   0   0   0   0   0   0   0   0   
255 255 0   0   0   0   1   0   0   0   0   0   0   0   0   0   255 255 255 255 255 255 3   0   0   0   255 255 0   0   1   0   
255 255 255 255 255 255 11  0   254 255 255 255 255 255 2   0   255 255 255 255 255 255 0   0   255 255 255 255 255 255 255 255 
255 255 255 255 255 255 255 255 255 255 255 255 0   0   0   0   0   0   0   0   255 255 254 255 0   0   255 255 255 255 255 255 
255 255 0   0   0   0   255 255 255 255 255 255 0   0   0   0   0   0   0   0   255 255 0   0   0   0   0   0   0   0   0   0   
255 255 0   0   0   0   1   0   0   0   0   0   0   0   0   0   255 255 255 255 255 255 3   0   0   0   255 255 0   0   1   0   
255 255 255 255 255 255 11  0   254 255 255 255 255 255 2   0   255 255 255 255 255 255 0   0   255 255 255 255 255 255 255 255 
255 255 255 255 255 255 255 255 255 255 255 255 0   0   0   0   0   0   0   0   255 255 254 255 0   0   255 255 255 255 0   0   
255 255 0   0   0   0   255 255 255 255 255 255 0   0   0   0   0   0   0   0   255 255 0   0   0   0   0   0   0   0   0   0   
255 255 0   0   0   0   1   0   0   0   0   0   0   0   1   0   255 255 255 255 255 255 3   0   0   0   255 255 0   0   1   0   
255 255 255 255 255 255 11  0   254 255 255 255 255 255 2   0   255 255 255 255 255 255 0   0   255 255 255 255 255 255 255 255 
255 255 255 255 255 255 255 255 255 255 255 255 0   0   0   0   0   0   0   0   255 255 254 255 0   0   255 255 255 255 255 255 
255 255 0   0   0   0   255 255 255 255 255 255 0   0   0   0   0   0   0   0   255 255 0   0   0   0   0   0   0   0   0   0   
255 255 0   0   0   0   1   0   0   0   0   0   0   0   0   0   255 255 255 255 255 255 3   0   255 255 255 255 0   0   1   0   
255 255 255 255 255 255 11  0   254 255 255 255 255 255 2   0   255 255 255 255 255 255 0   0   255 255 255 255 255 255 255 255 
255 255 255 255 255 255 255 255 255 255 255 255 0   0   0   0   0   0   0   0   255 255 254 255 0   0   255 255 255 255 0   0   
255 255 0   0   0   0   0   0   255 255 255 255 255 255 255 255 0   0   0   0   255 255 0   0   0   0   0   0   0   0   0   0   
255 255 0   0   0   0   1   0   0   0   0   0   0   0   0   0   255 255 255 255 255 255 3   0   255 255 255 255 0   0   1   0   
255 255 255 255 255 255 11  0   254 255 255 255 255 255 2   0   255 255 255 255 255 255 0   0   255 255 255 255 255 255 255 255 
255 255 255 255 255 255 255 255 255 255 255 255 0   0   0   0   0   0   0   0   255 255 254 255 0   0   255 255 0   0   0   0   
255 255 0   0   255 255 255 255 255 255 255 255 255 255 255 255 0   0   0   0   255 255 0   0   0   0   0   0   0   0   0   0   
255 255 0   0   0   0   1   0   0   0   0   0   0   0   0   0   255 255 0   0   255 255 3   0   255 255 255 255 0   0   1   0   
255 255 255 255 255 255 11  0   254 255 255 255 255 255 2   0   255 255 255 255 255 255 0   0   255 255 255 255 255 255 255 255 
255 255 255 255 255 255 255 255 255 255 255 255 0   0   0   0   0   0   0   0   255 255 255 255 0   0   0   0   0   0   0   0   
255 255 0   0   255 255 255 255 255 255 255 255 255 255 0   0   0   0   0   0   255 255 0   0   0   0   0   0   0   0   0   0   
255 255 0   0   0   0   1   0   0   0   0   0   0   0   0   0   255 255 0   0   255 255 3   0   255 255 255 255 0   0   1   0   
255 255 255 255 255 255 11  0   254 255 255 255 255 255 2   0   255 255 255 255 255 255 1   0   255 255 255 255 255 255 255 255 
255 255 255 255 255 255 255 255 255 255 255 255 0   0   255 255 0   0   0   0   255 255 255 255 0   0   0   0   0   0   0   0   
255 255 0   0   255 255 255 255 255 255 255 255 255 255 0   0   0   0   0   0   255 255 0   0   0   0   0   0   0   0   0   0   
255 255 0   0   0   0   1   0   0   0   0   0   0   0   0   0   255 255 0   0   255 255 3   0   255 255 255 255 0   0   1   0   
255 255 255 255 255 255 11  0   255 255 255 255 255 255 2   0   255 255 255 255 255 255 1   0   255 255 255 255 255 255 255 255 
255 255 255 255 255 255 255 255 255 255 255 255 0   0   255 255 0   0   0   0   255 255 255 255 0   0   0   0   0   0   0   0   
255 255 0   0   0   0   0   0   255 255 255 255 255 255 0   0   0   0   0   0   255 255 0   0   0   0   0   0   0   0   0   0   
255 255 0   0   0   0   1   0   0   0   0   0   0   0   0   0   255 255 0   0   255 255 3   0   255 255 255 255 0   0   1   0   
255 255 255 255 255 255 11  0   255 255 255 255 255 255 2   0   255 255 255 255 255 255 1   0   255 255 255 255 255 255 255 255 
255 255 255 255 255 255 255 255 255 255 255 255 255 255 255 255 0   0   0   0   255 255 255 255 0   0   0   0   0   0   0   0   
255 255 0   0   0   0   255 255 255 255 255 255 255 255 0   0   0   0   0   0   255 255 0   0   0   0   0   0   0   0   0   0   
255 255 0   0   0   0   1   0   0   0   0   0   0   0   0   0   255 255 0   0   255 255 3   0   255 255 255 255 0   0   1   0   
255 255 255 255 255 255 10  0   255 255 255 255 255 255 2   0   255 255 255 255 255 255 1   0   255 255 255 255 255 255 255 255 
255 255 255 255 255 255 255 255 255 255 255 255 255 255 255 255 0   0   0   0   255 255 255 255 0   0   0   0   0   0   0   0   
255 255 0   0   0   0   255 255 255 255 255 255 255 255 0   0   0   0   0   0   255 255 0   0   0   0   0   0   0   0   0   0   
255 255 0   0   0   0   1   0   0   0   0   0   0   0   0   0   255 255 0   0   255 255 3   0   255 255 255 255 0   0   1   0   
255 255 255 255 255 255 11  0   255 255 255 255 255 255 2   0   255 255 255 255 255 255 1   0   255 255 255 255 255 255 255 255 
255 255 255 255 255 255 255 255 255 255 255 255 255 255 255 255 0   0   0   0   255 255 255 255 0   0   0   0   0   0   0   0   
255 255 0   0   0   0   0   0   255 255 255 255 255 255 0   0   0   0   0   0   255 255 1   0   0   0   0   0   0   0   0   0   
255 255 0   0   0   0   1   0   0   0   0   0   0   0   0   0   255 255 0   0   255 255 3   0   255 255 255 255 255 255 1   0   
255 255 255 255 255 255 10  0   255 255 255 255 255 255 2   0   255 255 255 255 255 255 1   0   255 255 255 255 255 255 255 255 
255 255 255 255 255 255 255 255 255 255 255 255 0   0   0   0   0   0   0   0   255 255 255 255 0   0   0   0   0   0   0   0   
255 255 0   0   0   0   0   0   255 255 255 255 255 255 0   0   0   0   0   0   255 255 1   0   0   0   0   0   255 255 255 255 
255 255 0   0   0   0   1   0   0   0   0   0   0   0   0   0   255 255 0   0   255 255 3   0   255 255 255 255 0   0   1   0   
255 255 255 255 255 255 10  0   255 255 255 255 255 255 2   0   255 255 255 255 255 255 1   0   255 255 255 255 255 255 255 255 
255 255 255 255 255 255 255 255 255 255 255 255 0   0   255 255 0   0   0   0   255 255 255 255 0   0   0   0   0   0   0   0   
255 255 0   0   0   0   255 255 255 255 255 255 255 255 0   0   0   0   0   0   255 255 1   0   0   0   0   0   255 255 255 255 
255 255 0   0   0   0   1   0   0   0   0   0   0   0   0   0   255 255 0   0   255 255 3   0   255 255 255 255 0   0   1   0   
255 255 255 255 255 255 11  0   255 255 255 255 255 255 2   0   255 255 255 255 255 255 1   0   255 255 255 255 255 255 255 255 
255 255 255 255 254 255 254 255 255 255 255 255 0   0   0   0   0   0   0   0   255 255 255 255 0   0   0   0   0   0   0   0   
255 255 0   0   0   0   0   0   255 255 255 255 255 255 0   0   0   0   0   0   255 255 1   0   0   0   0   0   255 255 255 255 
255 255 0   0   0   0   2   0   0   0   0   0   0   0   0   0   255 255 0   0   255 255 3   0   255 255 255 255 255 255 0   0   
255 255 254 255 255 255 11  0   254 255 255 255 255 255 2   0   255 255 255 255 255 255 1   0   255 255 255 255 255 255 255 255 
255 255 255 255 254 255 254 255 255 255 255 255 0   0   0   0   0   0   0   0   255 255 255 255 0   0   0   0   0   0   0   0   
255 255 0   0   0   0   0   0   255 255 255 255 255 255 0   0   0   0   0   0   255 255 1   0   0   0   0   0   0   0   0   0   
255 255 0   0   0   0   2   0   0   0   0   0   0   0   0   0   255 255 0   0   255 255 3   0   255 255 255 255 255 255 1   0   
255 255 254 255 255 255 11  0   254 255 255 255 255 255 2   0   255 255 255 255 255 255 0   0   255 255 255 255 255 255 255 255 
255 255 255 255 254 255 254 255 255 255 255 255 0   0   0   0   0   0   0   0   255 255 255 255 0   0   0   0   0   0   0   0   
255 255 0   0   0   0   0   0   255 255 255 255 255 255 0   0   0   0   0   0   255 255 0   0   0   0   0   0   0   0   0   0   
255 255 0   0   0   0   2   0   0   0   0   0   0   0   0   0   255 255 0   0   255 255 3   0   0   0   255 255 255 255 1   0   
255 255 254 255 255 255 11  0   254 255 255 255 255 255 2   0   255 255 255 255 255 255 0   0   255 255 255 255 255 255 255 255 
255 255 255 255 255 255 255 255 255 255 255 255 0   0   0   0   0   0   0   0   255 255 255 255 0   0   0   0   0   0   0   0   
255 255 0   0   0   0   0   0   0   0   255 255 255 255 0   0   0   0   0   0   255 255 0   0   0   0   0   0   0   0   0   0   
255 255 0   0   0   0   2   0   0   0   0   0   0   0   0   0   255 255 0   0   255 255 3   0   0   0   255 255 255 255 1   0   
255 255 254 255 255 255 11  0   254 255 255 255 255 255 2   0   255 255 255 255 255 255 0   0   255 255 255 255 255 255 255 255 
255 255 255 255 255 255 255 255 255 255 255 255 0   0   0   0   0   0   0   0   255 255 255 255 0   0   0   0   0   0   0   0   
255 255 0   0   0   0   0   0   0   0   255 255 255 255 0   0   0   0   0   0   255 255 0   0   0   0   0   0   0   0   0   0   
255 255 0   0   0   0   2   0   0   0   0   0   0   0   0   0   255 255 0   0   255 255 3   0   0   0   255 255 255 255 1   0   
255 255 254 255 255 255 11  0   254 255 255 255 255 255 2   0   255 255 255 255 255 255 0   0   255 255 255 255 255 255 255 255 
255 255 255 255 255 255 255 255 255 255 255 255 0   0   0   0   0   0   0   0   255 255 255 255 0   0   0   0   0   0   0   0   
0   0   0   0   0   0   0   0   0   0   255 255 255 255 0   0   0   0   0   0   255 255 0   0   0   0   0   0   0   0   0   0   
255 
