0   0   0   0   4   0   1   0   0   0   1   0   12  0   6   0   0   0   0   0   1   0   0   0   0   0   0   0   4   0   3   0   
0   0   0   0   0   0   0   0   0   0   255 255 1   0   1   0   0   0   0   0   255 255 0   0   0   0   255 255 0   0   0   0   
0   0   0   0   1   0   2   0   0   0   0   0   1   0   1   0   0   0   0   0   0   0   3   0   0   0   0   0   1   0   2   0   
0   0   0   0   1   0   3   0   0   0   0   0   4   0   4   0   0   0   0   0   2   0   2   0   0   0   1   0   6   0   5   0   
0   0   0   0   4   0   1   0   0   0   1   0   13  0   6   0   0   0   0   0   2   0   0   0   0   0   0   0   4   0   2   0   
0   0   0   0   0   0   0   0   0   0   255 255 1   0   1   0   0   0   0   0   255 255 0   0   0   0   255 255 0   0   0   0   
0   0   0   0   1   0   2   0   0   0   0   0   1   0   1   0   0   0   0   0   0   0   3   0   0   0   0   0   1   0   2   0   
0   0   0   0   1   0   3   0   0   0   0   0   4   0   4   0   0   0   0   0   2   0   3   0   0   0   1   0   6   0   5   0   
0   0   0   0   4   0   1   0   0   0   1   0   14  0   5   0   0   0   0   0   2   0   0   0   0   0   0   0   4   0   2   0   
0   0   0   0   0   0   0   0   0   0   255 255 1   0   1   0   0   0   0   0   255 255 255 255 0   0   255 255 0   0   0   0   
0   0   0   0   1   0   3   0   0   0   0   0   1   0   1   0   0   0   0   0   0   0   3   0   0   0   0   0   1   0   2   0   
0   0   0   0   1   0   3   0   0   0   0   0   3   0   3   0   0   0   0   0   2   0   2   0   0   0   1   0   6   0   5   0   
0   0   0   0   4   0   0   0   0   0   1   0   14  0   5   0   0   0   0   0   2   0   0   0   0   0   0   0   4   0   2   0   
0   0   0   0   0   0   0   0   0   0   255 255 1   0   1   0   0   0   0   0   255 255 255 255 0   0   255 255 0   0   0   0   
0   0   0   0   0   0   2   0   0   0   0   0   1   0   1   0   0   0   0   0   0   0   2   0   0   0   0   0   1   0   2   0   
0   0   0   0   1   0   3   0   0   0   0   0   3   0   3   0   0   0   0   0   2   0   3   0   0   0   1   0   6   0   5   0   
0   0   0   0   4   0   1   0   0   0   1   0   14  0   6   0   0   0   0   0   2   0   0   0   0   0   0   0   4   0   2   0   
0   0   0   0   0   0   0   0   0   0   255 255 1   0   1   0   0   0   0   0   255 255 0   0   0   0   255 255 0   0   0   0   
0   0   0   0   0   0   2   0   0   0   0   0   1   0   1   0   0   0   0   0   0   0   2   0   0   0   0   0   1   0   2   0   
0   0   0   0   1   0   3   0   0   0   0   0   3   0   3   0   0   0   0   0   2   0   3   0   0   0   1   0   6   0   5   0   
0   0   0   0   4   0   1   0   0   0   1   0   14  0   6   0   0   0   0   0   2   0   0   0   0   0   0   0   4   0   2   0   
0   0   0   0   0   0   0   0   0   0   255 255 1   0   1   0   0   0   0   0   255 255 0   0   0   0   255 255 0   0   0   0   
0   0   0   0   0   0   2   0   0   0   0   0   1   0   1   0   0   0   0   0   0   0   3   0   0   0   0   0   2   0   3   0   
0   0   0   0   1   0   3   0   0   0   0   0   3   0   4   0   0   0   0   0   2   0   3   0   0   0   1   0   6   0   5   0   
0   0   0   0   4   0   1   0   0   0   1   0   14  0   6   0   0   0   0   0   2   0   0   0   0   0   0   0   4   0   2   0   
0   0   0   0   0   0   255 255 0   0   255 255 1   0   1   0   0   0   0   0   255 255 255 255 0   0   255 255 0   0   0   0   
0   0   0   0   0   0   2   0   0   0   0   0   1   0   1   0   0   0   0   0   0   0   3   0   0   0   0   0   2   0   3   0   
0   0   0   0   1   0   3   0   0   0   0   0   3   0   4   0   0   0   0   0   2   0   3   0   0   0   1   0   6   0   5   0   
0   0   0   0   4   0   1   0   0   0   1   0   14  0   6   0   0   0   0   0   2   0   0   0   0   0   0   0   4   0   2   0   
0   0   0   0   0   0   255 255 0   0   255 255 1   0   1   0   0   0   0   0   255 255 0   0   0   0   255 255 0   0   0   0   
0   0   0   0   0   0   2   0   0   0   0   0   1   0   1   0   0   0   0   0   0   0   3   0   0   0   0   0   2   0   3   0   
0   0   0   0   1   0   3   0   0   0   0   0   3   0   4   0   0   0   0   0   2   0   3   0   0   0   1   0   6   0   5   0   
0   0   0   0   4   0   1   0   0   0   1   0   15  0   7   0   0   0   0   0   2   0   0   0   0   0   0   0   4   0   2   0   
0   0   0   0   0   0   255 255 0   0   255 255 1   0   1   0   0   0   0   0   255 255 0   0   0   0   255 255 0   0   0   0   
0   0   0   0   0   0   2   0   0   0   0   0   0   0   1   0   0   0   0   0   0   0   3   0   0   0   0   0   2   0   3   0   
0   0   0   0   1   0   3   0   0   0   0   0   4   0   4   0   0   0   0   0   2   0   3   0   0   0   1   0   6   0   6   0   
0   0   0   0   4   0   1   0   0   0   1   0   15  0   7   0   0   0   0   0   2   0   0   0   0   0   0   0   4   0   2   0   
0   0   0   0   0   0   0   0   0   0   255 255 1   0   1   0   0   0   0   0   255 255 0   0   0   0   255 255 0   0   0   0   
0   0   0   0   0   0   2   0   0   0   0   0   0   0   1   0   0   0   0   0   0   0   3   0   0   0   0   0   2   0   3   0   
0   0   0   0   1   0   3   0   0   0   0   0   4   0   4   0   0   0   0   0   2   0   3   0   0   0   1   0   7   0   6   0   
0   0   0   0   4   0   1   0   0   0   1   0   15  0   6   0   0   0   0   0   2   0   0   0   0   0   0   0   4   0   2   0   
0   0   0   0   0   0   0   0   0   0   255 255 1   0   1   0   0   0   0   0   255 255 0   0   0   0   255 255 0   0   0   0   
0   0   0   0   0   0   2   0   0   0   0   0   0   0   1   0   0   0   0   0   0   0   3   0   0   0   0   0   2   0   3   0   
0   0   0   0   1   0   3   0   0   0   0   0   4   0   4   0   0   0   0   0   2   0   2   0   0   0   1   0   6   0   5   0   
0   0   0   0   4   0   1   0   0   0   1   0   15  0   6   0   0   0   0   0   2   0   0   0   0   0   0   0   4   0   1   0   
0   0   0   0   0   0   0   0   0   0   255 255 1   0   1   0   0   0   0   0   255 255 0   0   0   0   255 255 0   0   0   0   
0   0   0   0   0   0   2   0   0   0   0   0   1   0   1   0   0   0   0   0   0   0   3   0   0   0   0   0   2   0   2   0   
0   0   0   0   1   0   2   0   0   0   0   0   4   0   4   0   0   0   0   0   2   0   2   0   0   0   1   0   7   0   5   0   
0   0   0   0   4   0   1   0   0   0   1   0   16  0   6   0   0   0   0   0   2   0   0   0   0   0   0   0   4   0   1   0   
0   0   0   0   0   0   0   0   0   0   255 255 1   0   1   0   0   0   0   0   255 255 0   0   0   0   255 255 0   0   0   0   
0   0   255 255 0   0   1   0   0   0   0   0   1   0   1   0   0   0   0   0   0   0   3   0   0   0   0   0   2   0   2   0   
0   0   0   0   1   0   2   0   0   0   0   0   4   0   4   0   0   0   0   0   2   0   2   0   0   0   1   0   7   0   5   0   
0   0   0   0   4   0   1   0   0   0   1   0   16  0   6   0   0   0   0   0   2   0   0   0   0   0   0   0   4   0   1   0   
0   0   0   0   0   0   0   0   0   0   255 255 1   0   1   0   0   0   0   0   255 255 0   0   0   0   255 255 0   0   0   0   
0   0   255 255 0   0   2   0   0   0   0   0   1   0   1   0   0   0   0   0   0   0   2   0   0   0   0   0   2   0   2   0   
0   0   0   0   1   0   2   0   0   0   0   0   4   0   4   0   0   0   0   0   2   0   2   0   0   0   1   0   7   0   5   0   
0   0   0   0   4   0   1   0   0   0   1   0   16  0   6   0   0   0   0   0   1   0   0   0   0   0   0   0   4   0   1   0   
0   0   0   0   0   0   0   0   0   0   255 255 1   0   1   0   0   0   0   0   255 255 0   0   0   0   255 255 0   0   0   0   
0   0   255 255 0   0   2   0   0   0   0   0   1   0   1   0   0   0   0   0   0   0   2   0   0   0   0   0   2   0   2   0   
0   0   0   0   1   0   3   0   0   0   0   0   4   0   4   0   0   0   0   0   2   0   2   0   0   0   1   0   7   0   5   0   
0   0   0   0   4   0   1   0   0   0   1   0   16  0   6   0   0   0   0   0   1   0   0   0   0   0   0   0   3   0   1   0   
0   0   0   0   0   0   0   0   0   0   255 255 1   0   1   0   0   0   0   0   255 255 0   0   0   0   255 255 0   0   0   0   
0   0   255 255 0   0   2   0   0   0   0   0   1   0   1   0   0   0   0   0   0   0   2   0   0   0   0   0   2   0   2   0   
0   0   0   0   1   0   3   0   0   0   0   0   4   0   4   0   0   0   0   0   2   0   2   0   0   0   0   0   6   0   5   0   
0   0   0   0   4   0   1   0   0   0   1   0   15  0   6   0   0   0   0   0   1   0   0   0   0   0   0   0   4   0   1   0   
0   0   0   0   0   0   0   0   0   0   255 255 1   0   1   0   0   0   0   0   255 255 0   0   0   0   255 255 0   0   0   0   
0   0   255 255 0   0   2   0   0   0   0   0   1   0   1   0   0   0   0   0   0   0   2   0   0   0   0   0   2   0   2   0   
0   0   0   0   1   0   3   0   0   0   0   0   4   0   4   0   0   0   0   0   3   0   3   0   0   0   0   0   7   0   5   0   
0   0   0   0   4   0   1   0   0   0   1   0   15  0   6   0   0   0   0   0   1   0   0   0   0   0   0   0   4   0   1   0   
0   0   0   0   0   0   0   0   0   0   255 255 1   0   1   0   0   0   0   0   255 255 0   0   0   0   255 255 0   0   0   0   
0   0   255 255 0   0   2   0   0   0   0   0   1   0   1   0   0   0   0   0   0   0   2   0   0   0   0   0   2   0   2   0   
0   0   0   0   1   0   3   0   0   0   0   0   4   0   4   0   0   0   0   0   2   0   2   0   0   0   0   0   7   0   5   0   
0   0   0   0   4   0   1   0   0   0   1   0   15  0   6   0   0   0   0   0   1   0   0   0   0   0   0   0   4   0   1   0   
0   0   0   0   0   0   0   0   0   0   255 255 0   0   1   0   0   0   0   0   255 255 0   0   0   0   255 255 0   0   0   0   
0   0   255 255 0   0   2   0   0   0   0   0   1   0   1   0   0   0   0   0   0   0   2   0   0   0   0   0   2   0   2   0   
0   0   0   0   1   0   3   0   0   0   0   0   4   0   3   0   0   0   0   0   2   0   2   0   0   0   0   0   7   0   5   0   
0   0   0   0   4   0   1   0   0   0   1   0   15  0   5   0   0   0   0   0   1   0   0   0   0   0   0   0   4   0   1   0   
0   0   0   0   0   0   0   0   0   0   255 255 1   0   1   0   0   0   0   0   255 255 255 255 0   0   255 255 0   0   0   0   
0   0   255 255 0   0   2   0   0   0   0   0   1   0   1   0   0   0   0   0   0   0   2   0   0   0   0   0   1   0   2   0   
0   0   0   0   1   0   3   0   0   0   0   0   3   0   3   0   0   0   0   0   2   0   2   0   0   0   0   0   7   0   5   0   
0   0   0   0   4   0   1   0   0   0   1   0   15  0   6   0   0   0   0   0   1   0   0   0   0   0   0   0   4   0   1   0   
0   0   0   0   0   0   0   0   0   0   255 255 1   0   1   0   0   0   0   0   255 255 0   0   0   0   255 255 0   0   0   0   
0   0   255 255 0   0   2   0   0   0   0   0   0   0   1   0   0   0   0   0   0   0   2   0   0   0   0   0   1   0   2   0   
0   0   0   0   1   0   3   0   0   0   0   0   3   0   3   0   0   0   0   0   2   0   2   0   0   0   0   0   7   0   5   0   
0   0   0   0   4   0   1   0   0   0   1   0   15  0   6   0   0   0   0   0   1   0   0   0   0   0   0   0   4   0   1   0   
0   0   0   0   0   0   0   0   0   0   255 255 1   0   1   0   0   0   0   0   255 255 0   0   0   0   255 255 0   0   0   0   
0   0   255 255 0   0   2   0   0   0   0   0   0   0   1   0   0   0   0   0   0   0   3   0   0   0   0   0   1   0   2   0   
0   0   0   0   1   0   3   0   0   0   0   0   3   0   3   0   0   0   0   0   2   0   2   0   0   0   0   0   7   0   5   0   
0   0   0   0   4   0   1   0   0   0   1   0   15  0   6   0   0   0   0   0   1   0   0   0   0   0   0   0   4   0   2   0   
0   0   0   0   0   0   0   0   0   0   255 255 1   0   1   0   0   0   0   0   255 255 0   0   0   0   255 255 0   0   0   0   
0   0   255 255 0   0   2   0   0   0   0   0   0   0   1   0   0   0   0   0   0   0   2   0   0   0   0   0   1   0   2   0   
0   0   0   0   1   0   3   0   0   0   0   0   3   0   3   0   0   0   0   0   2   0   2   0   0   0   0   0   7   0   5   0   
0   0   0   0   4   0   1   0   0   0   1   0   15  0   6   0   0   0   0   0   1   0   0   0   0   0   0   0   4   0   2   0   
0   0   0   0   0   0   255 255 0   0   255 255 1   0   1   0   0   0   0   0   255 255 255 255 255 255 255 255 0   0   0   0   
0   0   255 255 1   0   3   0   0   0   0   0   0   0   1   0   0   0   0   0   0   0   2   0   0   0   0   0   1   0   2   0   
0   0   0   0   1   0   3   0   0   0   0   0   3   0   3   0   0   0   0   0   2   0   2   0   0   0   0   0   7   0   5   0   
0   0   0   0   4   0   1   0   0   0   1   0   15  0   6   0   0   0   0   0   1   0   0   0   0   0   0   0   4   0   2   0   
0   0   0   0   0   0   255 255 0   0   255 255 1   0   1   0   0   0   0   0   255 255 255 255 0   0   255 255 1   0   0   0   
0   0   255 255 0   0   1   0   0   0   0   0   0   0   1   0   0   0   0   0   0   0   2   0   0   0   0   0   1   0   2   0   
0   0   0   0   1   0   2   0   0   0   0   0   3   0   3   0   0   0   0   0   3   0   3   0   0   0   0   0   7   0   5   0   
0   0   0   0   4   0   1   0   0   0   1   0   15  0   6   0   0   0   0   0   1   0   0   0   0   0   0   0   4   0   2   0   
0   0   0   0   0   0   255 255 0   0   255 255 1   0   1   0   0   0   0   0   255 255 255 255 0   0   255 255 1   0   0   0   
0   0   255 255 0   0   1   0   0   0   0   0   0   0   1   0   0   0   0   0   0   0   2   0   0   0   0   0   2   0   2   0   
0   0   0   0   1   0   2   0   0   0   0   0   4   0   3   0   0   0   0   0   3   0   3   0   0   0   0   0   7   0   5   0   
0   0   0   0   4   0   1   0   0   0   1   0   16  0   6   0   0   0   0   0   1   0   0   0   0   0   0   0   4   0   2   0   
0   0   0   0   0   0   255 255 0   0   255 255 1   0   1   0   0   0   0   0   255 255 0   0   0   0   255 255 0   0   0   0   
0   0   255 255 0   0   2   0   0   0   0   0   0   0   1   0   0   0   0   0   0   0   2   0   0   0   0   0   2   0   2   0   
0   0   0   0   1   0   2   0   0   0   0   0   4   0   3   0   0   0   0   0   3   0   3   0   0   0   0   0   7   0   5   0   
0   0   0   0   4   0   1   0   0   0   1   0   16  0   6   0   0   0   0   0   1   0   0   0   0   0   0   0   3   0   1   0   
0   0   0   0   0   0   255 255 0   0   255 255 1   0   1   0   0   0   0   0   255 255 0   0   0   0   255 255 0   0   255 255 
0   0   0   0   1   0   3   0   0   0   0   0   0   0   1   0   0   0   0   0   0   0   2   0   0   0   0   0   2   0   2   0   
0   0   0   0   1   0   2   0   0   0   0   0   4   0   3   0   0   0   0   0   3   0   3   0   0   0   0   0   7   0   5   0   
0   0   0   0   4   0   0   0   255 255 1   0   15  0   6   0   0   0   0   0   1   0   0   0   0   0   0   0   3   0   1   0   
0   0   0   0   0   0   255 255 0   0   255 255 1   0   1   0   0   0   0   0   255 255 0   0   0   0   255 255 0   0   255 255 
0   0   0   0   1   0   3   0   0   0   0   0   0   0   1   0   0   0   0   0   0   0   2   0   0   0   0   0   2   0   2   0   
0   0   0   0   1   0   2   0   0   0   0   0   4   0   3   0   0   0   0   0   3   0   3   0   0   0   0   0   7   0   5   0   
0   0   0   0   4   0   0   0   255 255 1   0   15  0   6   0   0   0   0   0   1   0   0   0   0   0   0   0   4   0   1   0   
0   0   0   0   0   0   0   0   0   0   255 255 1   0   1   0   0   0   0   0   255 255 0   0   0   0   255 255 0   0   0   0   
0   0   0   0   0   0   2   0   0   0   0   0   0   0   1   0   0   0   0   0   0   0   3   0   0   0   0   0   2   0   2   0   
0   0   0   0   1   0   2   0   0   0   0   0   4   0   3   0   0   0   0   0   3   0   3   0   0   0   1   0   7   0   5   0   
0   0   0   0   4   0   0   0   255 255 1   0   15  0   6   0   0   0   0   0   1   0   0   0   0   0   0   0   4   0   1   0   
0   0   0   0   0   0   0   0   0   0   255 255 1   0   1   0   0   0   0   0   255 255 0   0   0   0   255 255 0   0   0   0   
0   0   0   0   0   0   2   0   0   0   0   0   0   0   1   0   0   0   0   0   0   0   3   0   0   0   0   0   2   0   2   0   
0   0   0   0   2   0   3   0   0   0   0   0   4   0   3   0   0   0   0   0   3   0   3   0   0   0   1   0   7   0   5   0   
0   0   0   0   5   0   1   0   255 255 1   0   16  0   6   0   0   0   0   0   1   0   0   0   0   0   0   0   4   0   1   0   
0   0   0   0   0   0   0   0   0   0   255 255 1   0   1   0   0   0   0   0   255 255 0   0   255 255 254 255 255 255 255 255 
0   0   0   0   1   0   2   0   0   0   0   0   0   0   1   0   0   0   0   0   0   0   3   0   0   0   0   0   2   0   2   0   
0   0   0   0   2   0   3   0   0   0   0   0   4   0   3   0   0   0   0   0   3   0   2   0   0   0   1   0   7   0   5   0   
0   0   0   0   5   0   1   0   255 255 1   0   16  0   6   0   0   0   0   0   1   0   0   0   0   0   0   0   4   0   1   0   
0   0   0   0   0   0   0   0   0   0   255 255 1   0   1   0   0   0   0   0   255 255 0   0   255 255 254 255 0   0   255 255 
0   0   0   0   0   0   2   0   0   0   0   0   0   0   1   0   0   0   0   0   0   0   3   0   0   0   0   0   2   0   2   0   
0   0   0   0   2   0   3   0   0   0   0   0   4   0   3   0   0   0   0   0   3   0   2   0   0   0   1   0   7   0   5   0   
0   0   0   0   5   0   1   0   255 255 1   0   16  0   6   0   0   0   0   0   1   0   0   0   0   0   0   0   4   0   1   0   
0   0   0   0   0   0   0   0   0   0   255 255 1   0   1   0   0   0   0   0   255 255 0   0   0   0   255 255 0   0   255 255 
0   0   255 255 0   0   2   0   0   0   0   0   0   0   1   0   0   0   0   0   0   0   2   0   0   0   255 255 2   0   2   0   
0   0   0   0   1   0   2   0   0   0   0   0   4   0   3   0   0   0   0   0   3   0   2   0   0   0   1   0   7   0   5   0   
0   0   0   0   5   0   1   0   255 255 1   0   16  0   6   0   0   0   0   0   1   0   0   0   0   0   0   0   4   0   1   0   
0   0   0   0   0   0   0   0   0   0   255 255 1   0   1   0   0   0   0   0   255 255 0   0   0   0   255 255 0   0   0   0   
0   0   255 255 0   0   2   0   0   0   0   0   0   0   1   0   0   0   0   0   0   0   2   0   0   0   255 255 2   0   2   0   
0   0   0   0   1   0   2   0   0   0   0   0   4   0   3   0   0   0   0   0   3   0   2   0   0   0   1   0   7   0   5   0   
0   0   0   0   5   0   1   0   255 255 1   0   16  0   6   0   0   0   0   0   1   0   0   0   0   0   0   0   4   0   1   0   
0   0   0   0   0   0   0   0   0   0   255 255 1   0   1   0   255 255 255 255 255 255 255 255 0   0   255 255 0   0   0   0   
0   0   255 255 0   0   2   0   0   0   0   0   0   0   1   0   0   0   0   0   0   0   2   0   0   0   255 255 2   0   2   0   
0   0   0   0   1   0   3   0   0   0   0   0   4   0   3   0   0   0   0   0   3   0   2   0   0   0   1   0   7   0   5   0   
0   0   0   0   4   0   0   0   255 255 1   0   15  0   5   0   0   0   0   0   1   0   0   0   0   0   0   0   4   0   1   0   
0   0   0   0   0   0   0   0   0   0   255 255 1   0   1   0   0   0   255 255 255 255 0   0   0   0   255 255 0   0   0   0   
0   0   255 255 0   0   2   0   0   0   0   0   0   0   1   0   0   0   0   0   0   0   2   0   0   0   255 255 2   0   2   0   
0   0   0   0   1   0   3   0   0   0   0   0   3   0   3   0   255 255 0   0   2   0   1   0   0   0   1   0   7   0   5   0   
0   0   0   0   4   0   0   0   255 255 1   0   15  0   6   0   0   0   0   0   2   0   0   0   0   0   0   0   4   0   1   0   
0   0   0   0   0   0   0   0   0   0   255 255 1   0   0   0   0   0   255 255 255 255 0   0   0   0   255 255 0   0   0   0   
0   0   255 255 0   0   2   0   0   0   0   0   0   0   1   0   0   0   0   0   0   0   1   0   0   0   255 255 2   0   2   0   
0   0   0   0   1   0   3   0   0   0   0   0   3   0   3   0   255 255 0   0   2   0   1   0   0   0   1   0   7   0   5   0   
0   0   0   0   4   0   1   0   255 255 1   0   15  0   6   0   0   0   0   0   1   0   0   0   0   0   0   0   4   0   1   0   
0   0   0   0   0   0   0   0   0   0   255 255 1   0   1   0   0   0   255 255 255 255 0   0   0   0   255 255 0   0   0   0   
0   0   255 255 0   0   2   0   0   0   0   0   0   0   1   0   0   0   0   0   0   0   2   0   0   0   255 255 1   0   2   0   
0   0   0   0   1   0   3   0   0   0   0   0   3   0   3   0   255 255 0   0   2   0   2   0   0   0   1   0   7   0   5   0   
0   0   0   0   4   0   1   0   255 255 1   0   15  0   6   0   0   0   0   0   1   0   0   0   0   0   0   0   4   0   2   0   
0   0   0   0   0   0   0   0   0   0   255 255 1   0   1   0   0   0   255 255 255 255 0   0   0   0   255 255 0   0   0   0   
0   0   255 255 0   0   2   0   0   0   0   0   0   0   1   0   0   0   0   0   0   0   2   0   0   0   255 255 1   0   2   0   
0   0   0   0   1   0   3   0   0   0   0   0   3   0   3   0   255 255 0   0   2   0   2   0   0   0   1   0   7   0   5   0   
0   0   0   0   4   0   0   0   255 255 1   0   15  0   6   0   0   0   0   0   1   0   0   0   0   0   0   0   4   0   2   0   
0   0   0   0   0   0   255 255 0   0   255 255 1   0   1   0   0   0   255 255 255 255 0   0   0   0   255 255 0   0   0   0   
0   0   255 255 0   0   2   0   0   0   0   0   0   0   1   0   0   0   0   0   0   0   2   0   0   0   255 255 1   0   2   0   
0   0   0   0   1   0   3   0   0   0   0   0   3   0   3   0   255 255 0   0   2   0   2   0   0   0   1   0   7   0   5   0   
0   0   0   0   4   0   0   0   255 255 1   0   16  0   6   0   0   0   0   0   1   0   0   0   0   0   0   0   4   0   2   0   
0   0   0   0   0   0   0   0   0   0   255 255 1   0   1   0   0   0   0   0   255 255 0   0   0   0   255 255 0   0   0   0   
0   0   255 255 0   0   1   0   0   0   0   0   0   0   1   0   0   0   0   0   0   0   2   0   0   0   0   0   2   0   3   0   
0   0   0   0   1   0   3   0   0   0   0   0   3   0   3   0   255 255 0   0   2   0   2   0   0   0   1   0   7   0   5   0   
0   0   0   0   4   0   1   0   255 255 1   0   16  0   6   0   0   0   0   0   1   0   0   0   0   0   0   0   4   0   2   0   
0   0   0   0   0   0   0   0   0   0   255 255 1   0   1   0   0   0   0   0   255 255 0   0   0   0   255 255 0   0   0   0   
0   0   255 255 0   0   1   0   0   0   0   0   0   0   1   0   0   0   0   0   0   0   2   0   0   0   0   0   2   0   2   0   
0   0   0   0   1   0   3   0   0   0   0   0   3   0   3   0   255 255 0   0   2   0   2   0   0   0   1   0   7   0   5   0   
0   0   0   0   4   0   1   0   0   0   1   0   16  0   6   0   0   0   0   0   1   0   0   0   0   0   0   0   4   0   2   0   
0   0   0   0   0   0   0   0   0   0   255 255 1   0   1   0   0   0   0   0   255 255 0   0   0   0   255 255 0   0   0   0   
0   0   255 255 0   0   2   0   0   0   0   0   0   0   1   0   0   0   0   0   0   0   2   0   0   0   0   0   1   0   2   0   
0   0   0   0   1   0   2   0   0   0   0   0   3   0   3   0   255 255 0   0   2   0   2   0   0   0   1   0   7   0   5   0   
0   0   0   0   4   0   1   0   0   0   1   0   16  0   6   0   0   0   0   0   1   0   0   0   0   0   0   0   4   0   2   0   
0   0   0   0   0   0   255 255 0   0   255 255 1   0   1   0   0   0   0   0   255 255 0   0   0   0   255 255 0   0   0   0   
0   0   255 255 0   0   2   0   0   0   0   0   0   0   1   0   0   0   0   0   0   0   2   0   0   0   0   0   1   0   2   0   
0   0   0   0   1   0   2   0   0   0   0   0   3   0   3   0   255 255 0   0   2   0   2   0   0   0   1   0   7   0   5   0   
0   0   0   0   4   0   1   0   255 255 1   0   15  0   6   0   0   0   0   0   1   0   0   0   0   0   0   0   4   0   2   0   
0   0   0   0   0   0   255 255 0   0   255 255 1   0   1   0   0   0   0   0   255 255 0   0   0   0   255 255 0   0   0   0   
0   0   255 255 0   0   2   0   0   0   0   0   0   0   1   0   0   0   0   0   0   0   2   0   0   0   0   0   1   0   2   0   
0   0   0   0   1   0   2   0   0   0   0   0   3   0   3   0   255 255 0   0   2   0   2   0   0   0   1   0   7   0   5   0   
0   0   0   0   4   0   1   0   255 255 1   0   15  0   6   0   0   0   0   0   1   0   0   0   0   0   0   0   3   0   1   0   
0   0   0   0   0   0   255 255 0   0   255 255 1   0   1   0   0   0   0   0   255 255 0   0   0   0   255 255 0   0   0   0   
0   0   255 255 0   0   1   0   0   0   0   0   0   0   1   0   0   0   0   0   0   0   2   0   0   0   0   0   1   0   2   0   
0   0   0   0   1   0   2   0   0   0   0   0   3   0   3   0   255 255 0   0   2   0   2   0   0   0   1   0   6   0   4   0   
0   0   0   0   4   0   1   0   255 255 1   0   16  0   6   0   0   0   0   0   1   0   0   0   0   0   0   0   4   0   1   0   
0   0   0   0   0   0   255 255 0   0   255 255 1   0   1   0   0   0   0   0   255 255 0   0   0   0   255 255 0   0   0   0   
0   0   255 255 0   0   1   0   0   0   0   0   0   0   1   0   0   0   0   0   0   0   2   0   0   0   0   0   1   0   1   0   
0   0   0   0   1   0   2   0   0   0   0   0   3   0   3   0   255 255 0   0   2   0   2   0   0   0   1   0   6   0   5   0   
0   0   0   0   4   0   1   0   255 255 1   0   16  0   6   0   0   0   0   0   2   0   0   0   0   0   0   0   4   0   1   0   
0   0   0   0   0   0   255 255 0   0   255 255 1   0   1   0   0   0   0   0   255 255 0   0   0   0   255 255 0   0   0   0   
0   0   255 255 0   0   2   0   0   0   0   0   0   0   1   0   0   0   0   0   0   0   2   0   0   0   0   0   1   0   1   0   
0   0   0   0   1   0   2   0   0   0   0   0   3   0   3   0   255 255 0   0   2   0   2   0   0   0   1   0   6   0   5   0   
0   0   0   0   4   0   1   0   255 255 1   0   15  0   6   0   0   0   0   0   2   0   0   0   0   0   0   0   4   0   1   0   
0   0   0   0   0   0   255 255 0   0   255 255 1   0   1   0   0   0   0   0   255 255 0   0   0   0   255 255 0   0   0   0   
0   0   255 255 0   0   2   0   0   0   0   0   0   0   1   0   0   0   0   0   0   0   2   0   0   0   0   0   1   0   2   0   
0   0   0   0   1   0   2   0   0   0   0   0   3   0   3   0   255 255 0   0   2   0   2   0   0   0   1   0   6   0   5   0   
0   0   0   0   4   0   1   0   255 255 1   0   15  0   6   0   0   0   0   0   2   0   0   0   0   0   0   0   4   0   1   0   
0   0   0   0   0   0   0   0   0   0   255 255 1   0   1   0   0   0   255 255 255 255 255 255 0   0   255 255 0   0   0   0   
0   0   255 255 0   0   2   0   0   0   0   0   0   0   1   0   0   0   0   0   0   0   2   0   0   0   0   0   1   0   2   0   
0   0   0   0   1   0   2   0   0   0   0   0   3   0   3   0   255 255 0   0   2   0   2   0   0   0   1   0   6   0   5   0   
0   0   0   0   4   0   1   0   255 255 1   0   15  0   6   0   0   0   0   0   1   0   0   0   0   0   0   0   4   0   1   0   
0   0   0   0   0   0   0   0   0   0   255 255 1   0   1   0   0   0   255 255 255 255 255 255 0   0   255 255 0   0   0   0   
0   0   255 255 0   0   2   0   0   0   0   0   0   0   1   0   0   0   0   0   0   0   2   0   0   0   0   0   1   0   2   0   
0   0   0   0   1   0   2   0   0   0   0   0   3   0   3   0   255 255 0   0   2   0   2   0   0   0   1   0   6   0   5   0   
0   0   0   0   4   0   1   0   255 255 1   0   15  0   6   0   0   0   0   0   1   0   0   0   0   0   0   0   4   0   1   0   
0   0   0   0   0   0   0   0   0   0   255 255 1   0   1   0   0   0   255 255 255 255 255 255 0   0   255 255 0   0   0   0   
0   0   255 255 0   0   2   0   0   0   0   0   0   0   1   0   0   0   0   0   255 255 2   0   0   0   0   0   2   0   2   0   
0   0   0   0   2   0   3   0   0   0   0   0   3   0   3   0   255 255 0   0   2   0   2   0   0   0   1   0   6   0   5   0   
0   0   0   0   4   0   1   0   255 255 1   0   15  0   6   0   0   0   0   0   1   0   0   0   0   0   0   0   4   0   1   0   
0   0   0   0   0   0   0   0   0   0   255 255 1   0   1   0   0   0   255 255 255 255 255 255 0   0   255 255 0   0   0   0   
0   0   255 255 0   0   2   0   0   0   0   0   0   0   1   0   0   0   0   0   0   0   2   0   0   0   0   0   2   0   2   0   
0   0   0   0   2   0   2   0   0   0   0   0   3   0   3   0   255 255 0   0   2   0   1   0   0   0   1   0   6   0   5   0   
0   0   0   0   4   0   1   0   255 255 1   0   15  0   6   0   0   0   0   0   1   0   0   0   0   0   0   0   4   0   1   0   
0   0   0   0   0   0   0   0   0   0   255 255 1   0   1   0   0   0   255 255 255 255 255 255 0   0   255 255 0   0   0   0   
0   0   255 255 0   0   2   0   0   0   0   0   0   0   1   0   0   0   0   0   0   0   2   0   0   0   0   0   1   0   2   0   
0   0   0   0   2   0   2   0   0   0   0   0   3   0   3   0   255 255 0   0   2   0   2   0   0   0   1   0   6   0   5   0   
0   0   0   0   4   0   1   0   255 255 1   0   15  0   6   0   0   0   0   0   1   0   0   0   0   0   0   0   4   0   1   0   
0   0   0   0   0   0   0   0   0   0   255 255 1   0   1   0   0   0   255 255 255 255 255 255 0   0   255 255 0   0   0   0   
0   0   255 255 0   0   2   0   0   0   0   0   0   0   1   0   0   0   0   0   0   0   2   0   0   0   0   0   1   0   2   0   
0   0   0   0   2   0   2   0   0   0   0   0   3   0   3   0   0   0   0   0   2   0   2   0   0   0   1   0   6   0   5   0   
0   0   0   0   4   0   1   0   255 255 1   0   15  0   6   0   0   0   0   0   1   0   0   0   0   0   0   0   4   0   1   0   
0   0   0   0   0   0   0   0   0   0   255 255 1   0   1   0   0   0   255 255 255 255 255 255 0   0   255 255 0   0   0   0   
0   0   255 255 0   0   2   0   0   0   0   0   0   0   1   0   0   0   0   0   0   0   2   0   0   0   0   0   1   0   2   0   
0   0   0   0   2   0   2   0   0   0   0   0   3   0   3   0   0   0   0   0   2   0   2   0   0   0   1   0   6   0   5   0   
0   0   0   0   5   0   1   0   255 255 1   0   15  0   5   0   0   0   0   0   1   0   0   0   0   0   0   0   4   0   1   0   
0   0   0   0   0   0   0   0   0   0   255 255 1   0   1   0   0   0   0   0   255 255 0   0   0   0   255 255 0   0   0   0   
0   0   0   0   1   0   3   0   0   0   0   0   0   0   1   0   0   0   0   0   0   0   2   0   0   0   0   0   1   0   2   0   
0   0   0   0   2   0   2   0   0   0   0   0   3   0   3   0   0   0   0   0   2   0   2   0   0   0   1   0   6   0   5   0   
0   0   0   0   5   0   1   0   255 255 1   0   15  0   5   0   0   0   0   0   1   0   0   0   0   0   0   0   4   0   1   0   
0   0   0   0   0   0   0   0   0   0   255 255 1   0   1   0   0   0   0   0   255 255 0   0   0   0   255 255 0   0   0   0   
0   0   0   0   1   0   2   0   0   0   0   0   0   0   0   0   0   0   0   0   0   0   2   0   0   0   0   0   1   0   2   0   
0   0   0   0   2   0   2   0   0   0   0   0   3   0   3   0   0   0   0   0   2   0   2   0   0   0   1   0   7   0   5   0   
0   0   0   0   5   0   1   0   0   0   1   0   15  0   5   0   0   0   0   0   1   0   0   0   0   0   0   0   4   0   1   0   
0   0   0   0   0   0   0   0   0   0   255 255 1   0   1   0   0   0   0   0   255 255 0   0   0   0   255 255 0   0   0   0   
0   0   0   0   1   0   2   0   0   0   0   0   0   0   0   0   0   0   0   0   0   0   2   0   0   0   0   0   1   0   2   0   
0   0   0   0   1   0   2   0   0   0   0   0   3   0   3   0   0   0   0   0   2   0   2   0   0   0   1   0   7   0   5   0   
0   0   0   0   5   0   1   0   0   0   1   0   15  0   5   0   0   0   0   0   1   0   0   0   0   0   0   0   4   0   2   0   
0   0   0   0   0   0   0   0   0   0   255 255 1   0   1   0   0   0   0   0   255 255 0   0   0   0   255 255 0   0   0   0   
0   0   255 255 0   0   1   0   0   0   0   0   0   0   0   0   0   0   0   0   0   0   2   0   0   0   0   0   1   0   2   0   
0   0   0   0   1   0   2   0   0   0   0   0   3   0   3   0   0   0   0   0   2   0   2   0   0   0   1   0   7   0   5   0   
0   0   0   0   4   0   1   0   0   0   1   0   15  0   5   0   0   0   0   0   1   0   0   0   0   0   0   0   4   0   2   0   
0   0   0   0   0   0   255 255 0   0   255 255 1   0   1   0   0   0   0   0   255 255 0   0   0   0   255 255 0   0   0   0   
0   0   255 255 0   0   2   0   0   0   0   0   0   0   1   0   0   0   0   0   0   0   2   0   0   0   0   0   1   0   2   0   
0   0   0   0   1   0   2   0   0   0   0   0   3   0   3   0   0   0   0   0   2   0   2   0   0   0   1   0   7   0   5   0   
0   0   0   0   4   0   0   0   0   0   1   0   15  0   5   0   0   0   0   0   1   0   0   0   0   0   0   0   4   0   2   0   
0   0   0   0   0   0   255 255 0   0   255 255 1   0   1   0   0   0   0   0   255 255 0   0   0   0   255 255 0   0   0   0   
0   0   255 255 1   0   1   0   0   0   0   0   0   0   1   0   0   0   0   0   0   0   2   0   0   0   0   0   1   0   2   0   
0   0   0   0   1   0   1   0   0   0   0   0   3   0   3   0   0   0   0   0   2   0   2   0   0   0   1   0   7   0   5   0   
0   0   0   0   4   0   0   0   255 255 1   0   15  0   5   0   0   0   0   0   1   0   0   0   0   0   0   0   4   0   2   0   
0   0   0   0   0   0   255 255 0   0   255 255 1   0   1   0   0   0   0   0   255 255 0   0   0   0   255 255 0   0   0   0   
0   0   255 255 1   0   1   0   0   0   0   0   0   0   1   0   0   0   0   0   0   0   2   0   0   0   0   0   1   0   2   0   
0   0   0   0   1   0   2   0   0   0   0   0   3   0   3   0   0   0   0   0   2   0   2   0   0   0   1   0   7   0   5   0   
0   0   0   0   4   0   0   0   255 255 1   0   16  0   6   0   0   0   0   0   1   0   0   0   0   0   0   0   4   0   2   0   
0   0   0   0   0   0   255 255 0   0   255 255 1   0   1   0   0   0   0   0   255 255 0   0   0   0   255 255 0   0   0   0   
0   0   255 255 1   0   1   0   0   0   0   0   0   0   1   0   0   0   0   0   0   0   2   0   0   0   0   0   1   0   2   0   
0   0   0   0   1   0   2   0   0   0   0   0   3   0   3   0   0   0   0   0   2   0   2   0   0   0   1   0   7   0   5   0   
0   0   0   0   4   0   1   0   255 255 1   0   15  0   6   0   0   0   0   0   1   0   0   0   255 255 255 255 3   0   0   0   
0   0   0   0   0   0   255 255 0   0   255 255 1   0   1   0   0   0   0   0   255 255 0   0   0   0   255 255 0   0   0   0   
0   0   255 255 0   0   2   0   0   0   0   0   1   0   1   0   0   0   0   0   0   0   2   0   0   0   0   0   1   0   2   0   
0   0   0   0   2   0   3   0   0   0   0   0   3   0   3   0   0   0   0   0   2   0   2   0   0   0   0   0   6   0   4   0   
0   0   0   0   4   0   1   0   255 255 1   0   15  0   6   0   0   0   0   0   1   0   0   0   255 255 255 255 3   0   1   0   
0   0   0   0   0   0   0   0   0   0   255 255 1   0   1   0   255 255 255 255 255 255 0   0   0   0   255 255 0   0   0   0   
0   0   255 255 0   0   2   0   0   0   0   0   1   0   1   0   0   0   0   0   0   0   2   0   0   0   0   0   1   0   2   0   
0   0   0   0   2   0   3   0   0   0   0   0   3   0   3   0   0   0   0   0   2   0   2   0   0   0   0   0   6   0   4   0   
0   0   0   0   4   0   1   0   255 255 1   0   15  0   6   0   0   0   0   0   1   0   0   0   255 255 255 255 4   0   1   0   
0   0   0   0   0   0   0   0   0   0   255 255 1   0   1   0   255 255 255 255 255 255 0   0   0   0   255 255 0   0   0   0   
0   0   255 255 0   0   2   0   0   0   0   0   0   0   1   0   0   0   0   0   0   0   2   0   0   0   0   0   1   0   2   0   
0   0   0   0   2   0   3   0   0   0   0   0   3   0   3   0   0   0   0   0   2   0   2   0   0   0   0   0   6   0   4   0   
0   0   0   0   4   0   1   0   255 255 1   0   15  0   6   0   0   0   0   0   1   0   0   0   0   0   0   0   4   0   1   0   
0   0   0   0   0   0   0   0   0   0   255 255 1   0   1   0   255 255 255 255 255 255 0   0   0   0   255 255 0   0   0   0   
0   0   255 255 0   0   2   0   0   0   0   0   0   0   1   0   0   0   0   0   0   0   3   0   0   0   0   0   1   0   2   0   
0   0   0   0   2   0   3   0   255 255 0   0   3   0   3   0   0   0   0   0   2   0   2   0   0   0   0   0   6   0   4   0   
0   0   0   0   4   0   1   0   255 255 1   0   15  0   6   0   0   0   0   0   1   0   0   0   0   0   0   0   4   0   1   0   
0   0   0   0   0   0   0   0   0   0   255 255 1   0   1   0   255 255 255 255 255 255 255 255 0   0   255 255 0   0   0   0   
0   0   255 255 0   0   2   0   0   0   0   0   0   0   1   0   0   0   0   0   0   0   3   0   0   0   0   0   1   0   2   0   
0   0   0   0   2   0   3   0   255 255 0   0   3   0   3   0   255 255 0   0   2   0   1   0   0   0   0   0   6   0   4   0   
0   0   0   0   4   0   1   0   255 255 1   0   15  0   6   0   0   0   0   0   1   0   0   0   0   0   0   0   4   0   1   0   
0   0   0   0   0   0   0   0   0   0   255 255 1   0   1   0   255 255 255 255 255 255 0   0   0   0   255 255 0   0   0   0   
0   0   255 255 0   0   2   0   0   0   0   0   1   0   2   0   0   0   0   0   0   0   2   0   0   0   0   0   1   0   2   0   
0   0   0   0   2   0   2   0   255 255 0   0   3   0   2   0   255 255 0   0   2   0   1   0   0   0   0   0   7   0   4   0   
0   0   0   0   4   0   1   0   255 255 1   0   15  0   6   0   0   0   0   0   1   0   0   0   0   0   0   0   4   0   2   0   
0   0   0   0   0   0   0   0   0   0   255 255 1   0   1   0   255 255 255 255 255 255 0   0   0   0   255 255 0   0   0   0   
0   0   255 255 0   0   2   0   0   0   0   0   1   0   1   0   0   0   0   0   0   0   2   0   0   0   0   0   1   0   2   0   
0   0   0   0   2   0   2   0   255 255 0   0   3   0   2   0   255 255 0   0   2   0   1   0   0   0   0   0   7   0   4   0   
0   0   0   0   4   0   1   0   255 255 1   0   15  0   6   0   0   0   0   0   1   0   0   0   0   0   0   0   4   0   2   0   
0   0   0   0   0   0   0   0   0   0   255 255 1   0   1   0   255 255 255 255 255 255 0   0   0   0   255 255 0   0   0   0   
0   0   255 255 0   0   2   0   0   0   0   0   1   0   1   0   0   0   0   0   0   0   2   0   0   0   0   0   1   0   2   0   
0   0   0   0   2   0   2   0   255 255 0   0   3   0   2   0   255 255 0   0   2   0   1   0   0   0   0   0   7   0   4   0   
0   0   0   0   4   0   1   0   255 255 1   0   15  0   6   0   0   0   0   0   1   0   0   0   0   0   0   0   4   0   2   0   
0   0   0   0   0   0   255 255 0   0   255 255 1   0   1   0   255 255 255 255 255 255 255 255 0   0   255 255 0   0   0   0   
0   0   255 255 0   0   2   0   0   0   0   0   1   0   1   0   0   0   0   0   0   0   2   0   0   0   0   0   1   0   2   0   
0   0   0   0   2   0   3   0   255 255 0   0   3   0   2   0   255 255 0   0   2   0   1   0   0   0   1   0   7   0   5   0   
0   0   0   0   4   0   1   0   255 255 1   0   15  0   6   0   0   0   0   0   1   0   0   0   255 255 0   0   4   0   1   0   
0   0   0   0   0   0   255 255 0   0   255 255 1   0   1   0   255 255 255 255 255 255 255 255 0   0   255 255 0   0   0   0   
0   0   255 255 0   0   2   0   0   0   0   0   1   0   1   0   0   0   0   0   0   0   2   0   0   0   0   0   1   0   2   0   
0   0   0   0   2   0   3   0   255 255 0   0   2   0   2   0   255 255 0   0   2   0   1   0   0   0   1   0   7   0   5   0   
0   0   0   0   4   0   1   0   255 255 1   0   15  0   6   0   0   0   0   0   1   0   0   0   255 255 0   0   4   0   1   0   
0   0   0   0   0   0   255 255 0   0   255 255 1   0   1   0   255 255 255 255 255 255 0   0   0   0   255 255 0   0   0   0   
0   0   255 255 0   0   2   0   0   0   0   0   0   0   1   0   0   0   0   0   0   0   1   0   0   0   0   0   1   0   2   0   
0   0   0   0   2   0   3   0   255 255 0   0   3   0   3   0   255 255 0   0   2   0   1   0   0   0   1   0   7   0   5   0   
0   0   0   0   4   0   1   0   0   0   1   0   15  0   6   0   0   0   0   0   1   0   0   0   0   0   0   0   4   0   2   0   
0   0   0   0   0   0   255 255 0   0   255 255 1   0   1   0   0   0   255 255 255 255 0   0   0   0   255 255 0   0   0   0   
0   0   255 255 0   0   1   0   0   0   0   0   0   0   1   0   0   0   0   0   0   0   2   0   0   0   0   0   1   0   2   0   
0   0   0   0   1   0   2   0   255 255 0   0   3   0   2   0   255 255 0   0   2   0   2   0   0   0   1   0   7   0   5   0   
0   0   0   0   4   0   1   0   0   0   1   0   15  0   6   0   0   0   0   0   1   0   0   0   0   0   0   0   4   0   2   0   
0   0   0   0   0   0   255 255 0   0   255 255 1   0   1   0   0   0   255 255 255 255 0   0   0   0   255 255 0   0   0   0   
0   0   255 255 0   0   1   0   0   0   0   0   0   0   1   0   0   0   0   0   0   0   2   0   0   0   0   0   2   0   2   0   
0   0   0   0   1   0   2   0   255 255 0   0   3   0   3   0   255 255 0   0   2   0   2   0   255 255 1   0   7   0   5   0   
0   0   0   0   4   0   1   0   0   0   1   0   15  0   6   0   0   0   0   0   1   0   0   0   0   0   0   0   4   0   2   0   
0   0   0   0   0   0   255 255 0   0   255 255 0   0   1   0   0   0   255 255 255 255 0   0   0   0   255 255 0   0   0   0   
0   0   255 255 0   0   2   0   0   0   0   0   0   0   1   0   0   0   0   0   0   0   3   0   0   0   0   0   2   0   2   0   
0   0   0   0   1   0   2   0   255 255 0   0   3   0   2   0   255 255 0   0   2   0   1   0   255 255 1   0   7   0   5   0   
0   0   0   0   4   0   0   0   0   0   1   0   15  0   6   0   0   0   0   0   1   0   0   0   0   0   0   0   4   0   2   0   
0   0   0   0   0   0   255 255 1   0   0   0   1   0   1   0   0   0   0   0   255 255 0   0   0   0   255 255 0   0   0   0   
0   0   255 255 0   0   1   0   0   0   0   0   0   0   1   0   0   0   0   0   0   0   2   0   0   0   0   0   2   0   2   0   
0   0   0   0   1   0   2   0   255 255 0   0   3   0   2   0   255 255 0   0   2   0   2   0   255 255 1   0   7   0   5   0   
0   0   0   0   4   0   0   0   0   0   1   0   15  0   6   0   0   0   0   0   1   0   0   0   0   0   0   0   4   0   2   0   
0   0   0   0   0   0   255 255 0   0   255 255 1   0   1   0   0   0   0   0   255 255 0   0   0   0   255 255 0   0   0   0   
0   0   255 255 0   0   1   0   0   0   0   0   0   0   1   0   0   0   0   0   0   0   2   0   0   0   0   0   2   0   2   0   
0   0   0   0   1   0   2   0   255 255 0   0   3   0   3   0   255 255 0   0   2   0   2   0   255 255 1   0   7   0   5   0   
0   0   0   0   4   0   0   0   0   0   1   0   15  0   6   0   0   0   0   0   1   0   0   0   0   0   0   0   4   0   2   0   
0   0   0   0   0   0   255 255 0   0   255 255 1   0   1   0   0   0   0   0   255 255 0   0   0   0   255 255 0   0   0   0   
0   0   255 255 0   0   1   0   0   0   0   0   0   0   1   0   0   0   0   0   0   0   2   0   0   0   0   0   2   0   2   0   
0   0   0   0   1   0   3   0   255 255 0   0   3   0   3   0   0   0   0   0   2   0   2   0   0   0   1   0   7   0   5   0   
0   0   0   0   4   0   0   0   0   0   1   0   15  0   6   0   0   0   0   0   1   0   0   0   0   0   0   0   4   0   1   0   
0   0   255 255 0   0   255 255 0   0   255 255 1   0   1   0   0   0   0   0   255 255 0   0   0   0   255 255 0   0   0   0   
0   0   255 255 0   0   2   0   0   0   0   0   0   0   1   0   0   0   0   0   0   0   2   0   0   0   0   0   2   0   2   0   
0   0   0   0   2   0   3   0   255 255 0   0   3   0   3   0   0   0   0   0   2   0   2   0   0   0   1   0   6   0   4   0   
0   0   0   0   4   0   0   0   0   0   1   0   15  0   6   0   0   0   0   0   1   0   0   0   0   0   0   0   4   0   1   0   
0   0   255 255 0   0   255 255 0   0   255 255 1   0   1   0   0   0   0   0   255 255 0   0   0   0   255 255 0   0   0   0   
0   0   255 255 0   0   2   0   0   0   0   0   0   0   1   0   0   0   0   0   0   0   2   0   0   0   0   0   2   0   2   0   
0   0   0   0   1   0   2   0   255 255 0   0   3   0   3   0   0   0   0   0   2   0   2   0   0   0   1   0   6   0   4   0   
0   0   0   0   4   0   1   0   0   0   1   0   15  0   6   0   0   0   0   0   1   0   0   0   0   0   0   0   4   0   1   0   
0   0   255 255 0   0   255 255 0   0   255 255 1   0   1   0   0   0   0   0   255 255 0   0   0   0   255 255 0   0   0   0   
0   0   255 255 0   0   2   0   0   0   0   0   0   0   1   0   0   0   0   0   0   0   2   0   0   0   0   0   2   0   2   0   
0   0   0   0   1   0   2   0   0   0   0   0   4   0   3   0   0   0   0   0   2   0   2   0   0   0   1   0   6   0   4   0   
0   0   0   0   4   0   1   0   0   0   1   0   15  0   6   0   0   0   0   0   1   0   0   0   0   0   0   0   4   0   1   0   
0   0   255 255 0   0   255 255 0   0   255 255 1   0   1   0   0   0   0   0   255 255 0   0   0   0   255 255 0   0   0   0   
0   0   255 255 0   0   2   0   0   0   0   0   0   0   1   0   0   0   0   0   0   0   1   0   0   0   0   0   1   0   2   0   
0   0   0   0   1   0   2   0   0   0   0   0   4   0   3   0   0   0   0   0   2   0   2   0   0   0   1   0   6   0   4   0   
0   0   0   0   4   0   1   0   255 255 1   0   15  0   6   0   0   0   0   0   1   0   0   0   0   0   0   0   4   0   1   0   
0   0   0   0   0   0   0   0   0   0   255 255 1   0   1   0   0   0   255 255 255 255 255 255 0   0   255 255 0   0   0   0   
0   0   255 255 0   0   2   0   0   0   0   0   0   0   1   0   0   0   0   0   0   0   2   0   0   0   0   0   1   0   2   0   
0   0   0   0   2   0   2   0   0   0   0   0   4   0   3   0   0   0   0   0   2   0   2   0   0   0   1   0   6   0   4   0   
0   0   0   0   4   0   1   0   255 255 1   0   15  0   6   0   0   0   0   0   1   0   0   0   0   0   0   0   4   0   1   0   
0   0   0   0   0   0   0   0   0   0   255 255 1   0   1   0   0   0   255 255 255 255 255 255 0   0   255 255 0   0   0   0   
0   0   255 255 0   0   2   0   0   0   0   0   0   0   1   0   0   0   0   0   0   0   2   0   0   0   0   0   1   0   2   0   
0   0   0   0   2   0   2   0   0   0   0   0   4   0   3   0   0   0   0   0   2   0   2   0   0   0   1   0   6   0   4   0   
0   0   0   0   4   0   1   0   255 255 1   0   15  0   6   0   0   0   0   0   2   0   0   0   0   0   0   0   4   0   1   0   
0   0   0   0   0   0   0   0   0   0   255 255 1   0   1   0   0   0   255 255 255 255 255 255 0   0   255 255 0   0   0   0   
0   0   255 255 0   0   2   0   0   0   0   0   0   0   1   0   0   0   0   0   0   0   2   0   0   0   0   0   1   0   2   0   
0   0   0   0   2   0   3   0   0   0   0   0   4   0   3   0   0   0   0   0   2   0   2   0   0   0   1   0   6   0   4   0   
0   0   0   0   4   0   1   0   255 255 1   0   15  0   6   0   0   0   0   0   2   0   0   0   0   0   0   0   4   0   1   0   
0   0   0   0   0   0   0   0   0   0   255 255 1   0   1   0   0   0   255 255 255 255 255 255 0   0   255 255 0   0   0   0   
0   0   255 255 0   0   2   0   0   0   0   0   0   0   1   0   0   0   0   0   0   0   2   0   0   0   0   0   1   0   2   0   
0   0   0   0   2   0   3   0   0   0   0   0   3   0   3   0   0   0   0   0   2   0   2   0   0   0   1   0   6   0   4   0   
0   0   0   0   5   0   1   0   255 255 1   0   15  0   6   0   0   0   0   0   2   0   0   0   0   0   0   0   4   0   1   0   
0   0   0   0   0   0   0   0   0   0   255 255 1   0   0   0   0   0   255 255 255 255 255 255 0   0   255 255 0   0   0   0   
0   0   255 255 0   0   2   0   0   0   0   0   0   0   1   0   0   0   0   0   0   0   2   0   0   0   0   0   1   0   2   0   
0   0   0   0   2   0   3   0   0   0   0   0   3   0   3   0   0   0   0   0   2   0   2   0   0   0   1   0   6   0   4   0   
0   0   0   0   5   0   1   0   255 255 1   0   15  0   5   0   0   0   0   0   1   0   255 255 0   0   0   0   4   0   1   0   
0   0   0   0   0   0   0   0   0   0   255 255 1   0   0   0   0   0   255 255 255 255 255 255 255 255 255 255 0   0   0   0   
0   0   255 255 0   0   2   0   0   0   0   0   0   0   1   0   0   0   0   0   0   0   2   0   0   0   255 255 1   0   2   0   
0   0   0   0   1   0   2   0   0   0   0   0   3   0   2   0   0   0   0   0   2   0   1   0   0   0   1   0   6   0   4   0   
0   0   0   0   5   0   1   0   255 255 1   0   15  0   6   0   0   0   0   0   1   0   0   0   0   0   0   0   4   0   1   0   
0   0   0   0   0   0   0   0   0   0   255 255 1   0   1   0   0   0   255 255 255 255 0   0   0   0   255 255 0   0   0   0   
0   0   255 255 0   0   2   0   0   0   0   0   0   0   0   0   0   0   0   0   0   0   1   0   0   0   255 255 1   0   2   0   
0   0   0   0   2   0   3   0   0   0   0   0   3   0   2   0   0   0   0   0   2   0   2   0   0   0   1   0   6   0   4   0   
0   0   0   0   5   0   1   0   255 255 1   0   15  0   6   0   0   0   0   0   1   0   0   0   0   0   0   0   4   0   1   0   
0   0   0   0   0   0   0   0   0   0   255 255 1   0   1   0   0   0   255 255 255 255 0   0   0   0   255 255 0   0   0   0   
0   0   255 255 0   0   2   0   0   0   0   0   0   0   1   0   0   0   0   0   0   0   2   0   0   0   255 255 1   0   2   0   
0   0   0   0   1   0   2   0   0   0   0   0   3   0   2   0   0   0   0   0   2   0   2   0   0   0   1   0   6   0   4   0   
0   0   0   0   5   0   1   0   255 255 1   0   15  0   6   0   0   0   0   0   1   0   0   0   255 255 0   0   4   0   1   0   
0   0   0   0   0   0   0   0   0   0   255 255 1   0   1   0   0   0   255 255 255 255 0   0   0   0   255 255 0   0   0   0   
0   0   255 255 0   0   2   0   0   0   0   0   0   0   0   0   0   0   0   0   0   0   2   0   0   0   255 255 1   0   2   0   
0   0   0   0   1   0   2   0   0   0   0   0   3   0   2   0   0   0   0   0   2   0   2   0   0   0   1   0   6   0   4   0   
0   0   0   0   5   0   1   0   255 255 1   0   15  0   6   0   0   0   0   0   1   0   0   0   255 255 0   0   4   0   1   0   
0   0   0   0   0   0   255 255 0   0   255 255 1   0   0   0   0   0   255 255 255 255 255 255 0   0   255 255 0   0   0   0   
0   0   255 255 0   0   2   0   0   0   0   0   1   0   1   0   0   0   0   0   0   0   2   0   0   0   255 255 2   0   2   0   
0   0   0   0   1   0   2   0   0   0   0   0   3   0   2   0   0   0   0   0   2   0   2   0   0   0   1   0   6   0   4   0   
0   0   0   0   5   0   1   0   255 255 1   0   15  0   6   0   0   0   0   0   1   0   0   0   0   0   0   0   5   0   2   0   
0   0   0   0   0   0   255 255 0   0   255 255 1   0   0   0   0   0   0   0   255 255 0   0   0   0   255 255 0   0   0   0   
0   0   255 255 0   0   1   0   0   0   0   0   0   0   1   0   0   0   0   0   0   0   2   0   0   0   255 255 2   0   2   0   
0   0   0   0   2   0   3   0   0   0   0   0   3   0   2   0   0   0   0   0   2   0   2   0   0   0   1   0   6   0   4   0   
0   0   0   0   5   0   1   0   255 255 1   0   15  0   6   0   0   0   0   0   1   0   0   0   0   0   0   0   5   0   2   0   
0   0   0   0   0   0   0   0   0   0   255 255 1   0   1   0   0   0   0   0   255 255 0   0   0   0   255 255 0   0   0   0   
0   0   255 255 0   0   1   0   0   0   0   0   0   0   1   0   0   0   0   0   0   0   2   0   0   0   255 255 2   0   2   0   
0   0   0   0   2   0   2   0   0   0   0   0   3   0   3   0   0   0   0   0   2   0   2   0   0   0   1   0   6   0   5   0   
0   0   0   0   4   0   1   0   255 255 1   0   16  0   6   0   0   0   0   0   2   0   0   0   0   0   0   0   5   0   2   0   
0   0   0   0   0   0   0   0   0   0   255 255 1   0   1   0   0   0   0   0   255 255 0   0   0   0   255 255 0   0   0   0   
0   0   255 255 0   0   1   0   0   0   0   0   0   0   1   0   0   0   0   0   0   0   3   0   0   0   255 255 2   0   2   0   
0   0   0   0   2   0   2   0   0   0   0   0   3   0   3   0   0   0   0   0   2   0   2   0   0   0   1   0   6   0   5   0   
0   0   0   0   4   0   1   0   255 255 1   0   15  0   6   0   0   0   0   0   2   0   0   0   0   0   0   0   4   0   1   0   
0   0   0   0   0   0   0   0   255 255 255 255 1   0   1   0   0   0   0   0   255 255 0   0   0   0   255 255 0   0   0   0   
0   0   255 255 1   0   2   0   0   0   0   0   1   0   1   0   0   0   0   0   0   0   3   0   0   0   255 255 2   0   2   0   
0   0   0   0   2   0   2   0   0   0   0   0   3   0   3   0   0   0   0   0   2   0   2   0   0   0   1   0   6   0   4   0   
0   0   0   0   4   0   0   0   255 255 1   0   15  0   6   0   0   0   0   0   1   0   0   0   0   0   0   0   4   0   1   0   
0   0   0   0   0   0   0   0   0   0   255 255 1   0   1   0   0   0   0   0   255 255 0   0   0   0   255 255 0   0   0   0   
0   0   255 255 1   0   2   0   0   0   0   0   1   0   1   0   0   0   0   0   0   0   2   0   0   0   255 255 1   0   2   0   
0   0   0   0   2   0   2   0   0   0   0   0   3   0   3   0   0   0   0   0   2   0   2   0   0   0   1   0   6   0   5   0   
0   0   0   0   4   0   0   0   255 255 1   0   16  0   6   0   0   0   0   0   1   0   0   0   0   0   0   0   4   0   1   0   
0   0   0   0   0   0   0   0   0   0   255 255 1   0   1   0   0   0   0   0   255 255 0   0   0   0   255 255 0   0   0   0   
0   0   255 255 0   0   1   0   0   0   0   0   1   0   1   0   0   0   0   0   0   0   2   0   0   0   255 255 1   0   2   0   
0   0   0   0   2   0   2   0   0   0   0   0   3   0   3   0   0   0   0   0   2   0   2   0   0   0   1   0   6   0   4   0   
0   0   0   0   4   0   0   0   255 255 1   0   16  0   6   0   0   0   0   0   1   0   0   0   0   0   0   0   4   0   1   0   
0   0   0   0   0   0   0   0   0   0   255 255 1   0   1   0   0   0   0   0   255 255 0   0   0   0   255 255 0   0   0   0   
0   0   255 255 0   0   1   0   0   0   0   0   1   0   1   0   0   0   0   0   0   0   2   0   0   0   255 255 1   0   2   0   
0   0   0   0   2   0   2   0   0   0   0   0   3   0   3   0   0   0   0   0   2   0   2   0   0   0   1   0   6   0   4   0   
0   0   0   0   4   0   0   0   255 255 1   0   16  0   6   0   0   0   0   0   1   0   0   0   0   0   0   0   4   0   1   0   
0   0   0   0   0   0   255 255 0   0   255 255 1   0   1   0   0   0   0   0   255 255 0   0   0   0   255 255 0   0   0   0   
0   0   0   0   1   0   2   0   0   0   0   0   1   0   1   0   0   0   0   0   0   0   2   0   0   0   255 255 1   0   2   0   
0   0   0   0   2   0   2   0   0   0   0   0   3   0   3   0   0   0   0   0   2   0   1   0   0   0   1   0   6   0   4   0   
0   0   0   0   4   0   0   0   0   0   1   0   16  0   6   0   0   0   0   0   1   0   0   0   0   0   0   0   4   0   1   0   
0   0   0   0   0   0   0   0   0   0   255 255 1   0   1   0   0   0   0   0   255 255 0   0   0   0   255 255 0   0   0   0   
0   0   0   0   1   0   2   0   0   0   0   0   1   0   1   0   0   0   0   0   0   0   1   0   0   0   255 255 1   0   1   0   
0   0   0   0   2   0   2   0   0   0   0   0   3   0   3   0   0   0   0   0   2   0   2   0   0   0   1   0   6   0   4   0   
0   0   0   0   4   0   0   0   0   0   1   0   16  0   6   0   0   0   0   0   1   0   0   0   0   0   0   0   4   0   1   0   
0   0   0   0   0   0   0   0   0   0   255 255 1   0   1   0   0   0   0   0   255 255 0   0   0   0   255 255 0   0   0   0   
0   0   0   0   1   0   2   0   1   0   0   0   1   0   1   0   0   0   0   0   0   0   1   0   0   0   255 255 1   0   2   0   
0   0   0   0   1   0   2   0   0   0   0   0   3   0   3   0   0   0   0   0   2   0   2   0   0   0   1   0   6   0   4   0   
0   0   0   0   4   0   1   0   0   0   1   0   16  0   6   0   0   0   0   0   1   0   0   0   0   0   0   0   4   0   2   0   
0   0   0   0   0   0   0   0   0   0   255 255 1   0   1   0   0   0   0   0   255 255 0   0   0   0   255 255 0   0   0   0   
0   0   0   0   0   0   2   0   1   0   0   0   1   0   1   0   0   0   0   0   0   0   1   0   0   0   255 255 1   0   2   0   
0   0   0   0   1   0   3   0   0   0   0   0   3   0   3   0   0   0   0   0   2   0   2   0   0   0   1   0   6   0   5   0   
0   0   0   0   4   0   1   0   0   0   1   0   16  0   6   0   0   0   0   0   1   0   0   0   0   0   0   0   4   0   2   0   
0   0   0   0   0   0   0   0   0   0   255 255 1   0   1   0   0   0   0   0   255 255 255 255 0   0   255 255 0   0   0   0   
0   0   0   0   0   0   2   0   1   0   0   0   1   0   1   0   0   0   0   0   0   0   2   0   0   0   255 255 1   0   2   0   
1   0   0   0   2   0   3   0   0   0   0   0   3   0   3   0   0   0   0   0   2   0   2   0   0   0   1   0   6   0   5   0   
0   0   0   0   4   0   1   0   0   0   1   0   15  0   6   0   0   0   0   0   1   0   0   0   0   0   0   0   4   0   2   0   
0   0   0   0   0   0   0   0   0   0   255 255 1   0   1   0   0   0   0   0   255 255 0   0   0   0   255 255 0   0   0   0   
0   0   0   0   0   0   2   0   1   0   0   0   1   0   1   0   0   0   0   0   0   0   2   0   0   0   0   0   1   0   2   0   
1   0   0   0   2   0   3   0   0   0   0   0   3   0   3   0   0   0   0   0   3   0   2   0   0   0   1   0   6   0   5   0   
0   0   0   0   4   0   1   0   255 255 1   0   15  0   6   0   0   0   0   0   1   0   0   0   0   0   0   0   4   0   2   0   
0   0   0   0   0   0   0   0   0   0   255 255 1   0   1   0   0   0   0   0   255 255 0   0   0   0   255 255 0   0   0   0   
0   0   255 255 0   0   2   0   1   0   0   0   0   0   1   0   0   0   0   0   0   0   2   0   0   0   0   0   2   0   2   0   
1   0   0   0   2   0   3   0   0   0   0   0   3   0   3   0   0   0   0   0   3   0   2   0   0   0   1   0   6   0   5   0   
0   0   0   0   4   0   1   0   255 255 1   0   15  0   6   0   0   0   0   0   1   0   0   0   0   0   0   0   4   0   2   0   
0   0   0   0   0   0   0   0   0   0   255 255 1   0   1   0   0   0   0   0   255 255 0   0   0   0   255 255 0   0   0   0   
0   0   255 255 0   0   2   0   1   0   0   0   0   0   1   0   0   0   0   0   0   0   2   0   0   0   0   0   2   0   2   0   
1   0   0   0   2   0   3   0   0   0   0   0   3   0   3   0   0   0   0   0   2   0   2   0   0   0   1   0   6   0   5   0   
0   0   0   0   4   0   1   0   255 255 1   0   15  0   6   0   0   0   0   0   1   0   0   0   0   0   0   0   4   0   2   0   
0   0   0   0   0   0   0   0   0   0   255 255 1   0   1   0   0   0   255 255 255 255 0   0   0   0   255 255 0   0   0   0   
0   0   255 255 0   0   2   0   1   0   0   0   0   0   1   0   0   0   0   0   0   0   2   0   0   0   0   0   2   0   2   0   
1   0   0   0   2   0   2   0   0   0   0   0   3   0   3   0   0   0   0   0   2   0   2   0   0   0   1   0   6   0   5   0   
0   0   0   0   4   0   0   0   255 255 1   0   15  0   5   0   0   0   0   0   1   0   0   0   0   0   0   0   4   0   2   0   
0   0   0   0   0   0   0   0   0   0   255 255 1   0   1   0   0   0   255 255 255 255 0   0   0   0   255 255 0   0   0   0   
0   0   255 255 0   0   2   0   1   0   0   0   0   0   1   0   0   0   0   0   0   0   2   0   0   0   0   0   2   0   2   0   
1   0   0   0   2   0   2   0   0   0   0   0   3   0   2   0   0   0   0   0   2   0   2   0   0   0   1   0   6   0   5   0   
0   0   0   0   4   0   0   0   255 255 1   0   15  0   6   0   0   0   0   0   1   0   0   0   0   0   0   0   4   0   2   0   
0   0   0   0   0   0   0   0   0   0   255 255 1   0   1   0   0   0   255 255 255 255 0   0   0   0   255 255 0   0   0   0   
0   0   255 255 0   0   2   0   1   0   0   0   0   0   1   0   0   0   0   0   0   0   2   0   0   0   0   0   2   0   2   0   
1   0   0   0   2   0   2   0   0   0   0   0   3   0   3   0   0   0   0   0   2   0   2   0   0   0   1   0   6   0   5   0   
0   0   0   0   4   0   1   0   255 255 1   0   15  0   6   0   0   0   0   0   1   0   0   0   0   0   0   0   4   0   1   0   
0   0   0   0   0   0   0   0   0   0   255 255 1   0   1   0   0   0   0   0   255 255 0   0   0   0   255 255 0   0   0   0   
0   0   255 255 0   0   2   0   1   0   0   0   0   0   1   0   0   0   0   0   0   0   2   0   0   0   0   0   2   0   2   0   
1   0   0   0   1   0   2   0   0   0   0   0   3   0   3   0   0   0   0   0   2   0   2   0   0   0   1   0   6   0   5   0   
0   0   0   0   4   0   1   0   255 255 1   0   15  0   6   0   0   0   0   0   1   0   0   0   255 255 0   0   4   0   1   0   
255 255 0   0   0   0   0   0   0   0   255 255 1   0   1   0   0   0   0   0   255 255 0   0   0   0   255 255 0   0   0   0   
0   0   255 255 0   0   1   0   1   0   0   0   0   0   1   0   0   0   0   0   0   0   2   0   0   0   0   0   2   0   2   0   
1   0   0   0   1   0   2   0   0   0   0   0   3   0   3   0   0   0   0   0   2   0   2   0   0   0   1   0   6   0   5   0   
0   0   0   0   4   0   1   0   255 255 1   0   15  0   6   0   0   0   0   0   1   0   0   0   255 255 0   0   4   0   1   0   
255 255 0   0   0   0   255 255 0   0   255 255 1   0   1   0   0   0   0   0   255 255 0   0   0   0   255 255 0   0   0   0   
0   0   255 255 0   0   1   0   1   0   0   0   0   0   1   0   0   0   0   0   0   0   2   0   0   0   0   0   2   0   2   0   
0   0   0   0   1   0   2   0   0   0   0   0   3   0   3   0   0   0   0   0   2   0   2   0   0   0   1   0   6   0   5   0   
0   0   0   0   4   0   1   0   255 255 1   0   15  0   6   0   0   0   0   0   1   0   0   0   255 255 0   0   4   0   1   0   
255 255 0   0   0   0   255 255 0   0   255 255 1   0   1   0   0   0   0   0   255 255 0   0   0   0   255 255 0   0   255 255 
0   0   0   0   0   0   1   0   1   0   0   0   0   0   1   0   0   0   0   0   0   0   2   0   0   0   0   0   2   0   2   0   
0   0   0   0   1   0   2   0   0   0   0   0   3   0   3   0   0   0   0   0   2   0   2   0   0   0   1   0   6   0   5   0   
0   0   0   0   4   0   1   0   255 255 1   0   15  0   6   0   0   0   0   0   1   0   0   0   0   0   0   0   4   0   1   0   
255 255 0   0   0   0   255 255 0   0   255 255 1   0   1   0   0   0   0   0   255 255 0   0   0   0   255 255 0   0   255 255 
0   0   0   0   0   0   1   0   1   0   0   0   0   0   1   0   0   0   0   0   0   0   2   0   0   0   0   0   2   0   2   0   
0   0   0   0   1   0   2   0   0   0   0   0   3   0   3   0   0   0   0   0   2   0   2   0   0   0   1   0   6   0   5   0   
0   0   0   0   4   0   1   0   255 255 1   0   15  0   6   0   0   0   0   0   1   0   0   0   0   0   0   0   4   0   1   0   
255 255 0   0   0   0   255 255 255 255 255 255 1   0   1   0   0   0   0   0   255 255 0   0   0   0   255 255 0   0   255 255 
0   0   0   0   0   0   1   0   0   0   0   0   0   0   1   0   0   0   0   0   0   0   2   0   0   0   0   0   1   0   2   0   
0   0   0   0   1   0   2   0   0   0   0   0   3   0   3   0   0   0   0   0   2   0   2   0   0   0   1   0   6   0   5   0   
0   0   0   0   4   0   1   0   255 255 1   0   15  0   6   0   0   0   0   0   1   0   0   0   0   0   0   0   4   0   1   0   
255 255 0   0   0   0   255 255 255 255 255 255 1   0   1   0   0   0   0   0   255 255 0   0   0   0   255 255 0   0   255 255 
0   0   0   0   0   0   2   0   0   0   0   0   1   0   1   0   0   0   0   0   0   0   2   0   0   0   0   0   1   0   2   0   
0   0   0   0   1   0   2   0   0   0   0   0   3   0   3   0   0   0   0   0   2   0   1   0   0   0   1   0   6   0   4   0   
0   0   0   0   4   0   1   0   255 255 1   0   15  0   6   0   0   0   0   0   1   0   0   0   0   0   0   0   4   0   1   0   
255 255 0   0   0   0   255 255 255 255 255 255 1   0   1   0   0   0   0   0   255 255 0   0   0   0   255 255 0   0   0   0   
0   0   0   0   0   0   2   0   0   0   0   0   1   0   1   0   0   0   0   0   0   0   2   0   0   0   0   0   1   0   2   0   
0   0   0   0   1   0   2   0   0   0   0   0   3   0   3   0   0   0   0   0   2   0   2   0   0   0   1   0   7   0   5   0   
0   0   0   0   4   0   1   0   255 255 1   0   15  0   6   0   0   0   0   0   1   0   0   0   0   0   0   0   4   0   1   0   
0   0   0   0   0   0   255 255 255 255 255 255 1   0   1   0   0   0   0   0   255 255 0   0   0   0   255 255 0   0   0   0   
0   0   0   0   0   0   2   0   0   0   0   0   0   0   1   0   0   0   0   0   0   0   2   0   0   0   0   0   1   0   2   0   
0   0   0   0   1   0   2   0   0   0   0   0   3   0   3   0   0   0   0   0   2   0   1   0   0   0   1   0   7   0   5   0   
0   0   0   0   4   0   1   0   255 255 1   0   15  0   6   0   0   0   0   0   1   0   0   0   0   0   0   0   4   0   2   0   
0   0   0   0   0   0   255 255 255 255 255 255 1   0   1   0   0   0   0   0   255 255 0   0   0   0   255 255 0   0   0   0   
0   0   255 255 0   0   2   0   0   0   0   0   0   0   1   0   0   0   0   0   0   0   2   0   0   0   0   0   1   0   2   0   
0   0   0   0   2   0   3   0   0   0   0   0   4   0   3   0   0   0   0   0   2   0   2   0   0   0   1   0   7   0   5   0   
0   0   0   0   4   0   1   0   255 255 1   0   15  0   6   0   0   0   0   0   1   0   0   0   0   0   0   0   4   0   1   0   
255 255 0   0   0   0   255 255 255 255 255 255 1   0   1   0   0   0   0   0   255 255 0   0   255 255 255 255 0   0   0   0   
0   0   255 255 1   0   2   0   0   0   0   0   0   0   1   0   0   0   0   0   0   0   2   0   0   0   0   0   1   0   2   0   
0   0   0   0   2   0   3   0   0   0   0   0   4   0   3   0   0   0   0   0   2   0   2   0   0   0   1   0   7   0   5   0   
0   0   0   0   4   0   1   0   255 255 1   0   15  0   5   0   0   0   0   0   1   0   0   0   0   0   0   0   4   0   1   0   
255 255 0   0   0   0   0   0   255 255 255 255 1   0   1   0   0   0   0   0   255 255 0   0   0   0   255 255 0   0   0   0   
0   0   255 255 1   0   2   0   0   0   0   0   1   0   1   0   0   0   0   0   0   0   1   0   0   0   0   0   1   0   2   0   
0   0   0   0   2   0   3   0   0   0   0   0   4   0   3   0   0   0   0   0   2   0   2   0   0   0   1   0   6   0   4   0   
0   0   0   0   4   0   1   0   255 255 1   0   15  0   6   0   0   0   0   0   1   0   0   0   0   0   0   0   4   0   1   0   
0   0   0   0   0   0   0   0   0   0   255 255 1   0   1   0   0   0   0   0   255 255 0   0   0   0   255 255 0   0   0   0   
0   0   255 255 0   0   2   0   0   0   0   0   1   0   1   0   0   0   0   0   0   0   1   0   0   0   0   0   1   0   2   0   
0   0   0   0   2   0   3   0   0   0   0   0   4   0   3   0   0   0   0   0   2   0   2   0   0   0   1   0   6   0   4   0   
0   0   0   0   4   0   1   0   255 255 1   0   15  0   6   0   0   0   0   0   1   0   0   0   0   0   0   0   4   0   1   0   
255 255 0   0   0   0   0   0   0   0   255 255 1   0   1   0   0   0   0   0   255 255 0   0   0   0   255 255 0   0   0   0   
0   0   255 255 0   0   2   0   0   0   0   0   1   0   1   0   0   0   0   0   0   0   2   0   0   0   0   0   2   0   2   0   
0   0   0   0   2   0   3   0   0   0   0   0   4   0   3   0   0   0   0   0   3   0   2   0   0   0   1   0   6   0   4   0   
0   0   0   0   4   0   1   0   255 255 1   0   15  0   6   0   0   0   0   0   1   0   0   0   255 255 0   0   4   0   1   0   
255 255 255 255 0   0   255 255 0   0   255 255 1   0   1   0   0   0   0   0   255 255 255 255 0   0   255 255 0   0   0   0   
0   0   255 255 0   0   2   0   0   0   0   0   0   0   1   0   0   0   0   0   0   0   2   0   0   0   0   0   2   0   2   0   
0   0   0   0   2   0   3   0   0   0   0   0   4   0   3   0   0   0   0   0   3   0   2   0   0   0   1   0   6   0   4   0   
0   0   0   0   4   0   1   0   255 255 1   0   15  0   6   0   0   0   0   0   1   0   0   0   255 255 0   0   4   0   1   0   
255 255 255 255 0   0   255 255 0   0   255 255 1   0   1   0   0   0   0   0   255 255 255 255 0   0   255 255 0   0   0   0   
0   0   255 255 0   0   2   0   0   0   0   0   0   0   1   0   0   0   0   0   0   0   2   0   0   0   0   0   2   0   2   0   
0   0   0   0   2   0   3   0   0   0   0   0   3   0   2   0   0   0   0   0   3   0   2   0   0   0   1   0   6   0   4   0   
0   0   0   0   4   0   1   0   255 255 1   0   15  0   6   0   0   0   0   0   1   0   0   0   255 255 0   0   4   0   1   0   
255 255 255 255 0   0   255 255 0   0   255 255 1   0   1   0   0   0   0   0   255 255 255 255 0   0   255 255 0   0   0   0   
0   0   255 255 0   0   2   0   0   0   0   0   0   0   1   0   0   0   0   0   0   0   2   0   0   0   0   0   2   0   2   0   
0   0   0   0   2   0   3   0   0   0   0   0   3   0   2   0   0   0   0   0   2   0   1   0   255 255 0   0   6   0   4   0   
0   0   0   0   4   0   1   0   255 255 1   0   15  0   6   0   0   0   0   0   1   0   0   0   255 255 0   0   4   0   1   0   
255 255 0   0   0   0   255 255 0   0   255 255 1   0   1   0   0   0   0   0   255 255 255 255 0   0   255 255 0   0   0   0   
0   0   255 255 0   0   1   0   0   0   0   0   0   0   1   0   0   0   0   0   0   0   2   0   0   0   0   0   2   0   2   0   
0   0   0   0   1   0   2   0   0   0   0   0   3   0   2   0   0   0   0   0   2   0   2   0   255 255 0   0   6   0   4   0   
0   0   0   0   4   0   1   0   255 255 1   0   15  0   6   0   0   0   0   0   1   0   0   0   255 255 0   0   4   0   1   0   
255 255 0   0   0   0   255 255 0   0   255 255 1   0   1   0   0   0   0   0   255 255 255 255 0   0   255 255 0   0   0   0   
0   0   255 255 0   0   1   0   0   0   0   0   0   0   1   0   0   0   0   0   0   0   2   0   0   0   0   0   2   0   2   0   
0   0   0   0   1   0   2   0   0   0   0   0   3   0   2   0   0   0   0   0   2   0   2   0   255 255 0   0   7   0   5   0   
0   0   0   0   4   0   0   0   255 255 1   0   15  0   6   0   0   0   0   0   1   0   0   0   255 255 0   0   4   0   1   0   
255 255 255 255 0   0   255 255 0   0   255 255 1   0   1   0   0   0   0   0   255 255 255 255 0   0   255 255 0   0   0   0   
0   0   255 255 0   0   2   0   1   0   1   0   1   0   1   0   0   0   0   0   0   0   2   0   0   0   0   0   2   0   2   0   
0   0   0   0   1   0   2   0   0   0   0   0   3   0   2   0   0   0   0   0   2   0   2   0   255 255 0   0   7   0   5   0   
0   0   0   0   4   0   0   0   255 255 1   0   15  0   6   0   0   0   0   0   1   0   0   0   255 255 0   0   4   0   1   0   
255 255 0   0   0   0   255 255 0   0   255 255 1   0   1   0   0   0   0   0   255 255 255 255 0   0   255 255 0   0   0   0   
0   0   255 255 0   0   2   0   1   0   1   0   1   0   1   0   0   0   0   0   0   0   2   0   0   0   0   0   1   0   2   0   
0   0   0   0   1   0   2   0   0   0   0   0   3   0   3   0   0   0   0   0   2   0   2   0   255 255 0   0   7   0   5   0   
0   0   0   0   4   0   0   0   255 255 1   0   15  0   6   0   0   0   0   0   1   0   0   0   255 255 0   0   4   0   1   0   
255 255 0   0   0   0   255 255 0   0   0   0   1   0   1   0   0   0   0   0   255 255 255 255 0   0   255 255 0   0   0   0   
0   0   255 255 0   0   2   0   1   0   1   0   1   0   1   0   0   0   0   0   0   0   2   0   0   0   0   0   1   0   2   0   
0   0   0   0   1   0   2   0   0   0   0   0   3   0   3   0   0   0   0   0   2   0   1   0   255 255 0   0   6   0   4   0   
0   0   0   0   5   0   1   0   255 255 1   0   15  0   6   0   0   0   0   0   1   0   0   0   255 255 0   0   4   0   1   0   
255 255 0   0   0   0   255 255 0   0   0   0   1   0   1   0   0   0   0   0   255 255 0   0   0   0   255 255 0   0   255 255 
0   0   255 255 0   0   2   0   1   0   0   0   0   0   1   0   0   0   0   0   0   0   2   0   0   0   0   0   2   0   2   0   
0   0   0   0   1   0   2   0   0   0   0   0   3   0   3   0   0   0   0   0   2   0   1   0   255 255 0   0   6   0   4   0   
0   0   0   0   5   0   1   0   255 255 1   0   15  0   6   0   0   0   0   0   1   0   0   0   255 255 0   0   4   0   1   0   
255 255 0   0   0   0   255 255 0   0   0   0   1   0   1   0   0   0   0   0   255 255 0   0   0   0   255 255 0   0   255 255 
0   0   255 255 0   0   2   0   0   0   0   0   0   0   1   0   0   0   0   0   0   0   2   0   0   0   0   0   2   0   2   0   
0   0   0   0   1   0   2   0   0   0   0   0   3   0   3   0   0   0   0   0   2   0   1   0   255 255 0   0   6   0   4   0   
0   0   0   0   4   0   0   0   255 255 1   0   16  0   6   0   0   0   0   0   1   0   0   0   0   0   0   0   4   0   1   0   
0   0   0   0   0   0   0   0   0   0   0   0   1   0   1   0   0   0   0   0   255 255 0   0   0   0   255 255 0   0   255 255 
0   0   255 255 0   0   2   0   0   0   0   0   0   0   1   0   0   0   0   0   0   0   2   0   0   0   0   0   1   0   2   0   
0   0   0   0   1   0   2   0   0   0   0   0   3   0   3   0   0   0   0   0   2   0   1   0   255 255 0   0   6   0   4   0   
0   0   0   0   4   0   0   0   255 255 1   0   16  0   6   0   0   0   0   0   1   0   0   0   255 255 0   0   4   0   1   0   
0   0   0   0   0   0   0   0   0   0   0   0   1   0   1   0   0   0   0   0   255 255 0   0   0   0   255 255 0   0   0   0   
0   0   255 255 0   0   2   0   0   0   0   0   0   0   1   0   0   0   0   0   0   0   2   0   0   0   0   0   2   0   2   0   
0   0   0   0   1   0   2   0   0   0   0   0   3   0   3   0   0   0   0   0   2   0   1   0   255 255 0   0   6   0   5   0   
0   0   0   0   4   0   0   0   255 255 1   0   16  0   6   0   0   0   0   0   1   0   0   0   255 255 0   0   4   0   1   0   
0   0   0   0   0   0   0   0   0   0   0   0   1   0   1   0   0   0   0   0   255 255 0   0   0   0   255 255 0   0   0   0   
0   0   255 255 0   0   2   0   0   0   0   0   0   0   1   0   0   0   0   0   0   0   3   0   0   0   0   0   2   0   2   0   
0   0   0   0   1   0   2   0   0   0   0   0   3   0   3   0   0   0   0   0   2   0   2   0   255 255 0   0   6   0   5   0   
0   0   0   0   4   0   0   0   255 255 1   0   16  0   6   0   0   0   0   0   1   0   0   0   255 255 0   0   4   0   1   0   
0   0   0   0   0   0   0   0   0   0   255 255 1   0   1   0   0   0   0   0   255 255 0   0   0   0   255 255 0   0   255 255 
0   0   255 255 0   0   2   0   0   0   0   0   0   0   1   0   0   0   0   0   0   0   3   0   0   0   0   0   2   0   2   0   
0   0   0   0   1   0   2   0   0   0   0   0   3   0   3   0   0   0   0   0   2   0   1   0   255 255 0   0   6   0   5   0   
0   0   0   0   4   0   0   0   255 255 1   0   15  0   6   0   0   0   0   0   1   0   0   0   0   0   0   0   4   0   1   0   
0   0   0   0   0   0   0   0   0   0   0   0   1   0   1   0   0   0   255 255 255 255 0   0   0   0   255 255 0   0   255 255 
0   0   255 255 0   0   2   0   0   0   0   0   0   0   1   0   0   0   0   0   0   0   2   0   0   0   0   0   2   0   2   0   
0   0   0   0   1   0   2   0   0   0   0   0   3   0   2   0   0   0   0   0   2   0   1   0   255 255 0   0   6   0   5   0   
0   0   0   0   4   0   0   0   255 255 1   0   15  0   6   0   0   0   0   0   1   0   0   0   0   0   0   0   4   0   1   0   
0   0   0   0   0   0   0   0   0   0   0   0   1   0   1   0   0   0   255 255 255 255 0   0   0   0   255 255 0   0   255 255 
0   0   255 255 0   0   2   0   0   0   0   0   0   0   1   0   0   0   0   0   0   0   2   0   0   0   0   0   2   0   2   0   
0   0   0   0   2   0   3   0   0   0   0   0   3   0   2   0   0   0   0   0   2   0   1   0   255 255 0   0   6   0   5   0   
0   0   0   0   4   0   1   0   255 255 1   0   15  0   6   0   0   0   0   0   1   0   0   0   0   0   0   0   4   0   1   0   
0   0   0   0   0   0   0   0   0   0   255 255 1   0   1   0   0   0   0   0   255 255 0   0   0   0   255 255 0   0   255 255 
0   0   255 255 0   0   2   0   0   0   0   0   0   0   1   0   0   0   0   0   0   0   2   0   0   0   0   0   2   0   2   0   
0   0   0   0   2   0   3   0   0   0   0   0   3   0   2   0   0   0   0   0   2   0   2   0   255 255 0   0   6   0   5   0   
0   0   0   0   4   0   1   0   255 255 1   0   15  0   6   0   0   0   0   0   1   0   0   0   0   0   0   0   4   0   1   0   
0   0   0   0   0   0   0   0   0   0   255 255 1   0   1   0   0   0   0   0   255 255 0   0   0   0   255 255 0   0   255 255 
0   0   255 255 1   0   2   0   0   0   0   0   0   0   1   0   0   0   0   0   0   0   2   0   0   0   0   0   2   0   2   0   
0   0   0   0   2   0   3   0   0   0   0   0   3   0   2   0   0   0   0   0   3   0   2   0   255 255 0   0   6   0   5   0   
0   0   0   0   4   0   1   0   255 255 1   0   15  0   5   0   0   0   0   0   1   0   0   0   0   0   0   0   4   0   1   0   
0   0   0   0   0   0   0   0   0   0   255 255 1   0   1   0   0   0   0   0   255 255 0   0   0   0   255 255 0   0   255 255 
0   0   255 255 1   0   2   0   0   0   0   0   0   0   1   0   0   0   0   0   0   0   2   0   0   0   0   0   2   0   2   0   
0   0   0   0   2   0   2   0   0   0   0   0   3   0   2   0   0   0   0   0   3   0   2   0   255 255 0   0   6   0   5   0   
0   0   0   0   4   0   1   0   255 255 1   0   15  0   6   0   0   0   0   0   1   0   0   0   0   0   0   0   4   0   1   0   
0   0   0   0   0   0   0   0   0   0   255 255 1   0   1   0   0   0   0   0   255 255 0   0   0   0   255 255 0   0   0   0   
0   0   255 255 0   0   1   0   0   0   0   0   0   0   1   0   0   0   0   0   0   0   2   0   0   0   0   0   2   0   2   0   
0   0   0   0   2   0   2   0   0   0   0   0   3   0   3   0   0   0   0   0   3   0   2   0   255 255 0   0   6   0   5   0   
0   0   0   0   4   0   1   0   255 255 1   0   15  0   5   0   0   0   0   0   1   0   0   0   0   0   0   0   4   0   1   0   
0   0   0   0   0   0   0   0   0   0   255 255 1   0   1   0   0   0   0   0   255 255 0   0   0   0   255 255 0   0   0   0   
0   0   255 255 0   0   1   0   0   0   0   0   0   0   1   0   0   0   0   0   0   0   2   0   0   0   0   0   2   0   2   0   
0   0   0   0   2   0   2   0   0   0   0   0   3   0   2   0   0   0   0   0   3   0   2   0   255 255 0   0   6   0   5   0   
0   0   0   0   4   0   1   0   255 255 1   0   15  0   5   0   0   0   0   0   1   0   0   0   0   0   0   0   4   0   1   0   
0   0   0   0   0   0   255 255 0   0   255 255 1   0   1   0   255 255 0   0   255 255 255 255 0   0   255 255 0   0   0   0   
0   0   255 255 0   0   1   0   0   0   0   0   0   0   1   0   0   0   0   0   0   0   2   0   0   0   0   0   2   0   2   0   
0   0   0   0   2   0   2   0   0   0   0   0   3   0   2   0   0   0   0   0   3   0   2   0   255 255 0   0   6   0   5   0   
0   0   0   0   4   0   0   0   255 255 1   0   15  0   5   0   0   0   0   0   1   0   0   0   0   0   0   0   4   0   1   0   
0   0   0   0   0   0   255 255 0   0   255 255 1   0   1   0   255 255 0   0   255 255 0   0   0   0   255 255 0   0   0   0   
0   0   255 255 0   0   2   0   0   0   0   0   0   0   1   0   0   0   0   0   0   0   2   0   0   0   0   0   2   0   2   0   
0   0   0   0   2   0   2   0   0   0   0   0   3   0   2   0   0   0   0   0   3   0   2   0   255 255 0   0   6   0   5   0   
0   0   0   0   4   0   0   0   255 255 1   0   15  0   6   0   0   0   0   0   1   0   0   0   255 255 0   0   4   0   1   0   
0   0   0   0   0   0   255 255 0   0   255 255 1   0   1   0   255 255 0   0   255 255 0   0   0   0   255 255 0   0   0   0   
0   0   255 255 0   0   1   0   0   0   0   0   0   0   1   0   0   0   0   0   0   0   2   0   0   0   0   0   2   0   2   0   
0   0   0   0   1   0   2   0   0   0   0   0   3   0   2   0   0   0   0   0   3   0   2   0   255 255 0   0   6   0   5   0   
0   0   0   0   4   0   0   0   255 255 1   0   15  0   6   0   0   0   0   0   1   0   0   0   0   0   0   0   4   0   1   0   
0   0   0   0   0   0   255 255 0   0   255 255 1   0   1   0   0   0   0   0   255 255 0   0   0   0   255 255 0   0   0   0   
0   0   255 255 0   0   1   0   0   0   0   0   0   0   1   0   0   0   0   0   0   0   2   0   0   0   0   0   2   0   2   0   
0   0   0   0   1   0   2   0   0   0   0   0   3   0   2   0   0   0   0   0   3   0   2   0   255 255 0   0   6   0   5   0   
0   0   0   0   5   0   1   0   255 255 1   0   15  0   6   0   0   0   0   0   1   0   0   0   0   0   0   0   4   0   1   0   
0   0   0   0   0   0   255 255 0   0   255 255 1   0   1   0   0   0   0   0   255 255 0   0   0   0   255 255 0   0   0   0   
0   0   255 255 0   0   1   0   0   0   0   0   0   0   1   0   0   0   0   0   0   0   2   0   0   0   0   0   2   0   2   0   
0   0   0   0   1   0   2   0   0   0   0   0   3   0   3   0   0   0   0   0   3   0   2   0   255 255 0   0   6   0   5   0   
0   0   0   0   5   0   1   0   255 255 1   0   15  0   6   0   0   0   0   0   1   0   0   0   0   0   0   0   3   0   1   0   
0   0   0   0   0   0   255 255 0   0   255 255 1   0   1   0   0   0   0   0   255 255 0   0   0   0   255 255 0   0   0   0   
0   0   255 255 0   0   2   0   0   0   0   0   0   0   1   0   0   0   0   0   0   0   3   0   0   0   0   0   2   0   2   0   
0   0   0   0   1   0   1   0   0   0   0   0   3   0   3   0   0   0   0   0   3   0   1   0   0   0   1   0   6   0   5   0   
0   0   0   0   4   0   0   0   255 255 1   0   15  0   6   0   0   0   0   0   1   0   0   0   0   0   0   0   3   0   1   0   
0   0   0   0   0   0   255 255 0   0   255 255 1   0   1   0   0   0   0   0   255 255 0   0   0   0   255 255 0   0   0   0   
0   0   255 255 0   0   1   0   0   0   0   0   0   0   1   0   0   0   0   0   0   0   2   0   0   0   0   0   1   0   2   0   
0   0   0   0   1   0   1   0   0   0   0   0   3   0   3   0   0   0   0   0   3   0   2   0   0   0   1   0   6   0   5   0   
0   0   0   0   4   0   0   0   255 255 1   0   15  0   6   0   0   0   0   0   1   0   0   0   0   0   0   0   3   0   1   0   
0   0   0   0   0   0   255 255 0   0   255 255 1   0   1   0   0   0   255 255 255 255 0   0   0   0   255 255 0   0   0   0   
0   0   255 255 0   0   1   0   0   0   0   0   0   0   1   0   0   0   0   0   0   0   2   0   0   0   0   0   1   0   2   0   
0   0   0   0   1   0   1   0   0   0   0   0   3   0   3   0   0   0   0   0   3   0   2   0   0   0   1   0   6   0   5   0   
0   0   0   0   5   0   1   0   255 255 1   0   16  0   6   0   0   0   0   0   1   0   0   0   0   0   0   0   4   0   1   0   
0   0   0   0   0   0   255 255 0   0   255 255 1   0   1   0   0   0   0   0   255 255 255 255 0   0   255 255 0   0   255 255 
0   0   255 255 0   0   1   0   0   0   0   0   0   0   1   0   0   0   0   0   0   0   2   0   0   0   0   0   1   0   2   0   
0   0   0   0   1   0   2   0   255 255 0   0   3   0   3   0   0   0   0   0   3   0   2   0   0   0   1   0   7   0   5   0   
0   0   0   0   5   0   1   0   255 255 1   0   16  0   6   0   0   0   0   0   1   0   0   0   0   0   0   0   3   0   1   0   
0   0   0   0   0   0   255 255 0   0   255 255 1   0   1   0   0   0   0   0   255 255 255 255 0   0   255 255 0   0   255 255 
0   0   0   0   1   0   2   0   0   0   0   0   0   0   1   0   0   0   0   0   0   0   2   0   0   0   0   0   2   0   2   0   
0   0   0   0   1   0   2   0   255 255 0   0   3   0   3   0   0   0   0   0   2   0   1   0   255 255 0   0   5   0   4   0   
0   0   0   0   4   0   1   0   255 255 1   0   16  0   6   0   0   0   0   0   1   0   0   0   0   0   0   0   3   0   1   0   
0   0   0   0   0   0   255 255 0   0   255 255 1   0   1   0   0   0   0   0   255 255 255 255 0   0   255 255 0   0   255 255 
0   0   255 255 0   0   2   0   0   0   0   0   0   0   1   0   0   0   0   0   0   0   1   0   0   0   0   0   1   0   2   0   
0   0   0   0   1   0   2   0   255 255 0   0   3   0   3   0   0   0   0   0   2   0   1   0   255 255 0   0   6   0   4   0   
0   0   0   0   4   0   1   0   255 255 1   0   16  0   6   0   0   0   0   0   1   0   0   0   0   0   0   0   4   0   1   0   
0   0   0   0   0   0   0   0   0   0   255 255 1   0   1   0   0   0   0   0   255 255 255 255 0   0   255 255 0   0   0   0   
0   0   255 255 0   0   2   0   0   0   0   0   0   0   1   0   0   0   0   0   0   0   2   0   0   0   0   0   1   0   2   0   
0   0   0   0   1   0   2   0   255 255 0   0   3   0   3   0   0   0   0   0   2   0   1   0   255 255 0   0   6   0   4   0   
0   0   0   0   4   0   1   0   0   0   1   0   16  0   6   0   0   0   0   0   1   0   0   0   0   0   0   0   4   0   1   0   
0   0   0   0   0   0   0   0   0   0   255 255 1   0   1   0   0   0   0   0   255 255 255 255 0   0   255 255 0   0   0   0   
0   0   255 255 0   0   2   0   0   0   0   0   0   0   1   0   0   0   0   0   0   0   2   0   0   0   0   0   1   0   2   0   
0   0   0   0   1   0   2   0   255 255 0   0   3   0   3   0   0   0   0   0   2   0   1   0   255 255 0   0   6   0   4   0   
0   0   0   0   4   0   1   0   255 255 1   0   15  0   6   0   0   0   0   0   1   0   0   0   0   0   0   0   4   0   1   0   
0   0   0   0   0   0   0   0   0   0   255 255 1   0   1   0   0   0   0   0   255 255 255 255 0   0   255 255 0   0   0   0   
0   0   255 255 0   0   2   0   0   0   0   0   0   0   1   0   0   0   0   0   0   0   2   0   0   0   0   0   1   0   2   0   
0   0   0   0   1   0   2   0   255 255 0   0   3   0   3   0   0   0   0   0   2   0   2   0   255 255 0   0   7   0   4   0   
0   0   0   0   4   0   1   0   255 255 1   0   15  0   5   0   0   0   0   0   1   0   0   0   0   0   0   0   4   0   1   0   
0   0   0   0   0   0   0   0   0   0   255 255 1   0   1   0   0   0   0   0   255 255 255 255 0   0   255 255 0   0   0   0   
0   0   255 255 0   0   2   0   0   0   0   0   0   0   0   0   0   0   0   0   0   0   2   0   0   0   0   0   1   0   2   0   
0   0   0   0   1   0   2   0   255 255 0   0   3   0   3   0   0   0   0   0   2   0   1   0   0   0   0   0   7   0   5   0   
0   0   0   0   4   0   1   0   255 255 1   0   15  0   5   0   0   0   0   0   1   0   0   0   0   0   0   0   4   0   1   0   
0   0   0   0   0   0   0   0   0   0   255 255 1   0   1   0   0   0   0   0   255 255 0   0   0   0   255 255 0   0   0   0   
0   0   255 255 0   0   1   0   0   0   0   0   0   0   1   0   0   0   0   0   0   0   2   0   0   0   0   0   1   0   2   0   
0   0   0   0   1   0   2   0   255 255 0   0   3   0   3   0   0   0   0   0   2   0   1   0   0   0   0   0   7   0   5   0   
0   0   0   0   4   0   1   0   0   0   1   0   15  0   5   0   0   0   0   0   1   0   0   0   0   0   0   0   4   0   1   0   
0   0   0   0   0   0   0   0   0   0   255 255 1   0   1   0   0   0   0   0   255 255 0   0   0   0   255 255 0   0   0   0   
0   0   255 255 0   0   1   0   0   0   0   0   0   0   1   0   0   0   0   0   0   0   2   0   0   0   0   0   1   0   2   0   
0   0   0   0   1   0   2   0   255 255 0   0   3   0   3   0   0   0   0   0   2   0   1   0   0   0   0   0   7   0   5   0   
0   0   0   0   4   0   1   0   0   0   1   0   15  0   6   0   0   0   0   0   1   0   0   0   0   0   0   0   4   0   1   0   
0   0   0   0   0   0   255 255 0   0   255 255 1   0   1   0   0   0   0   0   255 255 0   0   255 255 255 255 0   0   255 255 
0   0   255 255 0   0   2   0   0   0   0   0   0   0   1   0   0   0   0   0   0   0   2   0   0   0   0   0   1   0   2   0   
0   0   0   0   1   0   2   0   255 255 0   0   3   0   3   0   0   0   0   0   2   0   2   0   0   0   0   0   7   0   5   0   
0   0   0   0   4   0   0   0   0   0   1   0   15  0   5   0   0   0   0   0   1   0   0   0   0   0   0   0   4   0   1   0   
0   0   0   0   0   0   0   0   0   0   255 255 1   0   1   0   0   0   0   0   255 255 0   0   255 255 255 255 0   0   255 255 
0   0   0   0   0   0   2   0   0   0   0   0   0   0   1   0   0   0   0   0   0   0   2   0   0   0   0   0   1   0   2   0   
0   0   0   0   1   0   2   0   255 255 0   0   3   0   2   0   0   0   0   0   2   0   1   0   0   0   0   0   7   0   5   0   
0   0   0   0   4   0   0   0   0   0   1   0   15  0   5   0   0   0   0   0   1   0   0   0   0   0   0   0   4   0   1   0   
0   0   0   0   0   0   255 255 0   0   255 255 1   0   1   0   0   0   0   0   255 255 0   0   0   0   255 255 0   0   255 255 
0   0   0   0   0   0   1   0   0   0   0   0   0   0   1   0   0   0   0   0   0   0   2   0   0   0   0   0   1   0   2   0   
0   0   0   0   1   0   2   0   255 255 0   0   3   0   2   0   0   0   0   0   2   0   2   0   0   0   0   0   6   0   4   0   
0   0   0   0   4   0   0   0   0   0   1   0   15  0   5   0   0   0   0   0   1   0   0   0   0   0   0   0   4   0   1   0   
0   0   0   0   0   0   255 255 0   0   255 255 1   0   1   0   0   0   0   0   255 255 0   0   0   0   255 255 0   0   0   0   
0   0   0   0   0   0   1   0   0   0   0   0   0   0   1   0   0   0   0   0   0   0   1   0   0   0   0   0   1   0   2   0   
0   0   0   0   1   0   2   0   255 255 0   0   3   0   2   0   0   0   0   0   2   0   2   0   0   0   0   0   6   0   4   0   
0   0   0   0   4   0   1   0   0   0   1   0   15  0   5   0   0   0   0   0   1   0   0   0   0   0   0   0   4   0   1   0   
0   0   0   0   0   0   255 255 0   0   255 255 1   0   1   0   0   0   0   0   255 255 0   0   0   0   255 255 0   0   0   0   
0   0   0   0   0   0   1   0   0   0   0   0   0   0   1   0   0   0   0   0   0   0   1   0   0   0   0   0   1   0   2   0   
0   0   0   0   1   0   2   0   255 255 0   0   3   0   2   0   0   0   0   0   2   0   2   0   0   0   0   0   6   0   4   0   
0   0   0   0   4   0   0   0   0   0   1   0   15  0   6   0   0   0   0   0   1   0   0   0   0   0   0   0   4   0   1   0   
0   0   0   0   0   0   255 255 0   0   255 255 1   0   1   0   0   0   0   0   255 255 0   0   0   0   255 255 0   0   0   0   
0   0   0   0   1   0   2   0   0   0   0   0   0   0   1   0   0   0   0   0   0   0   1   0   0   0   0   0   1   0   2   0   
0   0   0   0   1   0   1   0   255 255 0   0   3   0   2   0   0   0   0   0   2   0   2   0   0   0   0   0   6   0   4   0   
0   0   0   0   4   0   0   0   0   0   1   0   15  0   6   0   0   0   0   0   1   0   0   0   0   0   0   0   4   0   2   0   
0   0   0   0   0   0   255 255 0   0   255 255 1   0   1   0   0   0   0   0   255 255 0   0   0   0   255 255 0   0   0   0   
0   0   0   0   1   0   2   0   0   0   0   0   0   0   1   0   0   0   0   0   0   0   1   0   0   0   0   0   1   0   2   0   
0   0   0   0   1   0   1   0   255 255 0   0   3   0   2   0   0   0   0   0   3   0   2   0   0   0   0   0   6   0   4   0   
0   0   0   0   4   0   0   0   0   0   1   0   15  0   6   0   0   0   0   0   1   0   0   0   0   0   0   0   4   0   1   0   
0   0   255 255 0   0   255 255 0   0   255 255 1   0   1   0   0   0   0   0   255 255 0   0   0   0   255 255 0   0   0   0   
0   0   0   0   0   0   2   0   0   0   0   0   0   0   1   0   0   0   0   0   0   0   1   0   0   0   255 255 1   0   2   0   
0   0   0   0   1   0   1   0   255 255 0   0   3   0   2   0   0   0   0   0   3   0   2   0   0   0   0   0   6   0   4   0   
0   0   0   0   4   0   0   0   0   0   1   0   15  0   6   0   0   0   0   0   1   0   0   0   0   0   0   0   4   0   1   0   
0   0   0   0   0   0   0   0   0   0   255 255 1   0   1   0   0   0   0   0   255 255 255 255 0   0   255 255 0   0   255 255 
0   0   0   0   0   0   1   0   0   0   0   0   0   0   1   0   0   0   0   0   0   0   1   0   0   0   255 255 1   0   2   0   
0   0   0   0   1   0   2   0   255 255 0   0   3   0   2   0   0   0   0   0   3   0   2   0   0   0   0   0   6   0   4   0   
0   0   0   0   4   0   0   0   0   0   1   0   15  0   6   0   0   0   0   0   1   0   255 255 0   0   0   0   3   0   1   0   
0   0   0   0   0   0   0   0   0   0   255 255 1   0   1   0   0   0   0   0   255 255 255 255 0   0   255 255 0   0   255 255 
0   0   0   0   0   0   1   0   0   0   0   0   0   0   1   0   0   0   0   0   0   0   1   0   0   0   0   0   1   0   2   0   
0   0   0   0   2   0   2   0   255 255 0   0   3   0   2   0   0   0   0   0   3   0   1   0   0   0   0   0   6   0   4   0   
0   0   0   0   4   0   0   0   0   0   1   0   15  0   6   0   0   0   0   0   1   0   255 255 255 255 0   0   3   0   1   0   
0   0   0   0   0   0   0   0   0   0   255 255 1   0   1   0   0   0   0   0   255 255 0   0   0   0   255 255 0   0   0   0   
0   0   255 255 0   0   1   0   0   0   0   0   0   0   1   0   0   0   0   0   0   0   1   0   0   0   0   0   1   0   2   0   
0   0   0   0   2   0   2   0   0   0   0   0   3   0   2   0   0   0   0   0   3   0   1   0   0   0   0   0   6   0   4   0   
0   0   0   0   4   0   0   0   0   0   1   0   15  0   6   0   0   0   0   0   1   0   255 255 0   0   0   0   4   0   1   0   
0   0   0   0   0   0   0   0   0   0   255 255 1   0   1   0   0   0   0   0   255 255 0   0   0   0   255 255 0   0   0   0   
0   0   255 255 0   0   1   0   0   0   0   0   0   0   1   0   0   0   0   0   0   0   2   0   0   0   255 255 1   0   1   0   
0   0   0   0   2   0   2   0   255 255 0   0   3   0   2   0   0   0   0   0   3   0   1   0   0   0   0   0   6   0   4   0   
0   0   0   0   4   0   0   0   0   0   1   0   15  0   6   0   0   0   0   0   1   0   0   0   0   0   0   0   4   0   1   0   
0   0   0   0   0   0   0   0   0   0   255 255 1   0   1   0   0   0   0   0   255 255 0   0   0   0   255 255 0   0   0   0   
0   0   255 255 0   0   1   0   0   0   0   0   0   0   1   0   0   0   0   0   0   0   2   0   0   0   255 255 1   0   2   0   
0   0   0   0   2   0   2   0   255 255 0   0   3   0   2   0   0   0   0   0   3   0   2   0   0   0   0   0   6   0   4   0   
0   0   0   0   4   0   0   0   0   0   1   0   15  0   6   0   0   0   0   0   1   0   0   0   0   0   0   0   4   0   1   0   
0   0   0   0   0   0   0   0   0   0   255 255 1   0   1   0   0   0   0   0   255 255 0   0   0   0   255 255 0   0   0   0   
0   0   255 255 0   0   2   
