   0   30   3   0   0   0   0   0   4   0   3   0   
0   0   0   0   3   0   2   0   255 255 1   0   6   0   5   0   0   0   0   0   5   0   1   0   255 255 0   0   16  0   6   0   
0   0   0   0   1   0   0   0   255 255 0   0   5   0   2   0   0   0   255 255 0   0   255 255 0   0   255 255 1   0   0   0   
0   0   0   0   0   0   3   0   0   0   0   0   0   0   2   0   0   0   0   0   1   0   4   0   0   0   1   0   1   0   3   0   
0   0   0   0   1   0   3   0   0   0   0   0   3   0   3   0   255 255 0   0   1   0   3   0   0   0   0   0   4   0   3   0   
255 255 0   0   2   0   1   0   255 255 1   0   6   0   5   0   0   0   0   0   5   0   1   0   255 255 0   0   16  0   6   0   
0   0   0   0   1   0   0   0   255 255 0   0   5   0   2   0   0   0   255 255 0   0   255 255 0   0   255 255 1   0   0   0   
0   0   0   0   0   0   3   0   0   0   0   0   0   0   2   0   0   0   0   0   1   0   4   0   0   0   1   0   1   0   3   0   
0   0   0   0   1   0   3   0   0   0   0   0   3   0   3   0   255 255 0   0   1   0   2   0   0   0   0   0   3   0   3   0   
255 255 0   0   2   0   1   0   255 255 1   0   6   0   5   0   0   0   0   0   5   0   1   0   255 255 0   0   16  0   6   0   
0   0   0   0   1   0   0   0   255 255 255 255 5   0   2   0   0   0   255 255 0   0   255 255 0   0   255 255 1   0   0   0   
0   0   0   0   0   0   3   0   0   0   0   0   0   0   1   0   0   0   0   0   1   0   4   0   0   0   1   0   1   0   2   0   
0   0   0   0   1   0   3   0   0   0   0   0   2   0   2   0   255 255 0   0   1   0   2   0   0   0   0   0   3   0   3   0   
255 255 0   0   2   0   1   0   255 255 1   0   6   0   5   0   0   0   0   0   5   0   1   0   255 255 0   0   16  0   6   0   
0   0   0   0   1   0   0   0   255 255 255 255 5   0   2   0   255 255 255 255 0   0   255 255 0   0   255 255 1   0   0   0   
0   0   0   0   0   0   3   0   0   0   0   0   0   0   1   0   0   0   0   0   1   0   4   0   0   0   1   0   1   0   2   0   
0   0   0   0   1   0   2   0   0   0   0   0   2   0   2   0   255 255 0   0   1   0   2   0   0   0   0   0   3   0   3   0   
255 255 0   0   2   0   1   0   255 255 1   0   6   0   5   0   0   0   0   0   5   0   1   0   255 255 0   0   16  0   5   0   
0   0   0   0   1   0   0   0   255 255 255 255 5   0   2   0   255 255 255 255 0   0   255 255 0   0   255 255 0   0   0   0   
0   0   0   0   255 255 2   0   0   0   0   0   0   0   1   0   0   0   0   0   1   0   4   0   0   0   1   0   1   0   2   0   
0   0   0   0   1   0   2   0   0   0   0   0   2   0   2   0   255 255 0   0   1   0   2   0   0   0   0   0   3   0   3   0   
255 255 0   0   2   0   1   0   255 255 1   0   6   0   5   0   0   0   0   0   4   0   0   0   255 255 0   0   15  0   5   0   
0   0   0   0   1   0   0   0   255 255 255 255 5   0   2   0   255 255 255 255 0   0   255 255 0   0   255 255 0   0   0   0   
0   0   0   0   0   0   2   0   0   0   0   0   0   0   1   0   0   0   0   0   1   0   4   0   0   0   1   0   1   0   2   0   
0   0   0   0   1   0   1   0   0   0   0   0   2   0   2   0   255 255 0   0   1   0   2   0   0   0   0   0   3   0   3   0   
255 255 0   0   2   0   1   0   255 255 1   0   6   0   5   0   0   0   0   0   4   0   0   0   255 255 0   0   15  0   5   0   
0   0   0   0   1   0   0   0   255 255 255 255 5   0   2   0   255 255 255 255 0   0   255 255 0   0   255 255 0   0   0   0   
0   0   0   0   0   0   2   0   0   0   0   0   0   0   1   0   0   0   0   0   1   0   4   0   0   0   1   0   1   0   2   0   
0   0   0   0   1   0   1   0   0   0   0   0   2   0   2   0   255 255 0   0   1   0   2   0   0   0   0   0   3   0   3   0   
255 255 0   0   2   0   1   0   255 255 1   0   6   0   5   0   0   0   0   0   4   0   0   0   255 255 0   0   15  0   5   0   
0   0   0   0   1   0   0   0   255 255 255 255 5   0   2   0   255 255 255 255 0   0   255 255 255 255 255 255 0   0   0   0   
0   0   0   0   255 255 2   0   0   0   0   0   0   0   1   0   0   0   0   0   1   0   4   0   0   0   1   0   1   0   2   0   
0   0   0   0   1   0   2   0   0   0   0   0   2   0   2   0   255 255 0   0   1   0   2   0   0   0   0   0   2   0   2   0   
255 255 0   0   2   0   1   0   255 255 1   0   6   0   5   0   0   0   0   0   5   0   0   0   254 255 0   0   15  0   5   0   
255 255 0   0   1   0   0   0   255 255 255 255 5   0   2   0   255 255 255 255 0   0   254 255 255 255 255 255 0   0   0   0   
0   0   0   0   255 255 2   0   255 255 0   0   0   0   1   0   0   0   0   0   1   0   4   0   0   0   0   0   0   0   2   0   
0   0   0   0   1   0   2   0   0   0   0   0   2   0   2   0   255 255 0   0   1   0   2   0   0   0   0   0   2   0   2   0   
255 255 0   0   2   0   1   0   255 255 1   0   6   0   5   0   0   0   0   0   4   0   0   0   254 255 0   0   15  0   5   0   
255 255 0   0   1   0   0   0   255 255 255 255 5   0   2   0   255 255 255 255 0   0   254 255 255 255 255 255 0   0   0   0   
0   0   0   0   255 255 2   0   255 255 0   0   0   0   1   0   0   0   0   0   1   0   3   0   0   0   0   0   1   0   2   0   
0   0   0   0   1   0   2   0   0   0   0   0   2   0   2   0   255 255 0   0   1   0   2   0   0   0   0   0   2   0   2   0   
255 255 0   0   2   0   1   0   255 255 1   0   6   0   5   0   0   0   0   0   4   0   0   0   254 255 0   0   15  0   5   0   
255 255 0   0   1   0   0   0   255 255 255 255 4   0   2   0   255 255 255 255 0   0   254 255 255 255 255 255 0   0   0   0   
0   0   0   0   255 255 2   0   255 255 0   0   0   0   1   0   0   0   0   0   0   0   2   0   0   0   0   0   1   0   2   0   
0   0   0   0   1   0   3   0   0   0   0   0   2   0   3   0   255 255 0   0   1   0   2   0   0   0   0   0   2   0   2   0   
255 255 0   0   2   0   1   0   255 255 1   0   6   0   5   0   0   0   0   0   4   0   0   0   254 255 0   0   15  0   5   0   
255 255 0   0   1   0   0   0   255 255 255 255 4   0   2   0   255 255 255 255 0   0   254 255 255 255 255 255 0   0   0   0   
0   0   0   0   255 255 2   0   255 255 0   0   0   0   1   0   0   0   0   0   0   0   2   0   0   0   0   0   1   0   2   0   
0   0   0   0   1   0   3   0   0   0   0   0   2   0   2   0   255 255 0   0   1   0   1   0   0   0   0   0   2   0   2   0   
255 255 0   0   2   0   1   0   255 255 1   0   6   0   5   0   0   0   0   0   4   0   0   0   255 255 0   0   15  0   5   0   
255 255 0   0   1   0   0   0   255 255 255 255 4   0   2   0   255 255 255 255 0   0   254 255 255 255 255 255 0   0   0   0   
0   0   0   0   255 255 2   0   255 255 0   0   0   0   1   0   0   0   0   0   0   0   2   0   0   0   0   0   1   0   2   0   
0   0   0   0   1   0   3   0   0   0   0   0   2   0   3   0   255 255 0   0   1   0   1   0   0   0   0   0   3   0   3   0   
255 255 0   0   2   0   1   0   255 255 1   0   5   0   4   0   0   0   0   0   4   0   0   0   255 255 0   0   15  0   5   0   
255 255 0   0   1   0   0   0   255 255 255 255 4   0   2   0   255 255 255 255 0   0   254 255 255 255 255 255 0   0   0   0   
0   0   0   0   0   0   2   0   0   0   0   0   0   0   1   0   0   0   0   0   1   0   3   0   0   0   0   0   1   0   2   0   
0   0   0   0   1   0   3   0   0   0   0   0   2   0   3   0   255 255 0   0   1   0   1   0   0   0   0   0   3   0   3   0   
255 255 0   0   2   0   1   0   255 255 1   0   6   0   4   0   0   0   0   0   4   0   0   0   255 255 0   0   15  0   5   0   
255 255 0   0   1   0   0   0   255 255 255 255 4   0   2   0   255 255 255 255 0   0   255 255 255 255 255 255 0   0   0   0   
0   0   0   0   0   0   2   0   0   0   0   0   255 255 1   0   0   0   0   0   1   0   3   0   0   0   0   0   1   0   2   0   
0   0   0   0   1   0   3   0   0   0   0   0   2   0   2   0   255 255 0   0   1   0   1   0   0   0   0   0   3   0   3   0   
255 255 0   0   2   0   1   0   255 255 1   0   6   0   4   0   0   0   0   0   4   0   0   0   255 255 0   0   15  0   5   0   
255 255 0   0   1   0   0   0   255 255 255 255 4   0   2   0   255 255 255 255 0   0   255 255 255 255 255 255 0   0   0   0   
0   0   0   0   0   0   2   0   0   0   0   0   255 255 1   0   0   0   0   0   1   0   3   0   0   0   0   0   1   0   2   0   
0   0   0   0   1   0   3   0   0   0   0   0   2   0   2   0   255 255 0   0   1   0   1   0   0   0   0   0   3   0   3   0   
255 255 0   0   2   0   1   0   255 255 1   0   6   0   4   0   0   0   0   0   4   0   0   0   255 255 0   0   15  0   5   0   
255 255 0   0   1   0   0   0   255 255 255 255 4   0   2   0   255 255 255 255 0   0   255 255 255 255 255 255 0   0   0   0   
0   0   0   0   0   0   2   0   0   0   0   0   255 255 0   0   0   0   0   0   0   0   3   0   0   0   1   0   1   0   2   0   
0   0   0   0   1   0   2   0   0   0   0   0   2   0   2   0   255 255 0   0   1   0   1   0   0   0   0   0   2   0   3   0   
255 255 0   0   2   0   1   0   255 255 1   0   6   0   4   0   0   0   0   0   4   0   0   0   255 255 0   0   15  0   5   0   
255 255 0   0   1   0   0   0   255 255 255 255 4   0   2   0   255 255 255 255 0   0   255 255 255 255 255 255 0   0   0   0   
0   0   0   0   0   0   2   0   0   0   0   0   0   0   1   0   0   0   0   0   1   0   4   0   0   0   1   0   1   0   2   0   
0   0   0   0   1   0   3   0   0   0   0   0   2   0   2   0   255 255 0   0   1   0   1   0   0   0   0   0   2   0   3   0   
255 255 0   0   2   0   1   0   255 255 1   0   5   0   4   0   0   0   0   0   4   0   0   0   255 255 0   0   15  0   5   0   
255 255 0   0   1   0   0   0   255 255 255 255 4   0   2   0   255 255 255 255 0   0   255 255 255 255 255 255 0   0   0   0   
0   0   0   0   0   0   2   0   0   0   0   0   0   0   1   0   0   0   0   0   1   0   4   0   0   0   1   0   1   0   2   0   
0   0   0   0   1   0   2   0   0   0   0   0   2   0   2   0   255 255 0   0   1   0   1   0   0   0   0   0   2   0   3   0   
255 255 0   0   2   0   1   0   255 255 1   0   5   0   4   0   0   0   0   0   5   0   0   0   255 255 0   0   15  0   5   0   
255 255 0   0   1   0   0   0   255 255 255 255 4   0   2   0   255 255 255 255 0   0   255 255 255 255 255 255 0   0   0   0   
0   0   0   0   255 255 1   0   0   0   0   0   255 255 1   0   0   0   0   0   1   0   3   0   0   0   1   0   1   0   2   0   
255 255 0   0   0   0   2   0   0   0   0   0   2   0   2   0   255 255 0   0   1   0   1   0   0   0   0   0   2   0   3   0   
255 255 0   0   1   0   1   0   255 255 1   0   6   0   4   0   0   0   0   0   5   0   0   0   255 255 0   0   15  0   5   0   
255 255 0   0   1   0   0   0   255 255 255 255 4   0   2   0   255 255 255 255 0   0   255 255 255 255 255 255 0   0   0   0   
0   0   0   0   255 255 2   0   0   0   0   0   255 255 1   0   0   0   0   0   1   0   3   0   0   0   1   0   1   0   2   0   
255 255 0   0   0   0   2   0   0   0   0   0   2   0   2   0   255 255 0   0   1   0   2   0   0   0   0   0   2   0   3   0   
255 255 0   0   1   0   1   0   255 255 1   0   6   0   4   0   0   0   0   0   4   0   0   0   255 255 0   0   15  0   5   0   
255 255 0   0   1   0   0   0   255 255 255 255 4   0   2   0   255 255 255 255 0   0   255 255 255 255 254 255 255 255 255 255 
0   0   0   0   255 255 2   0   0   0   0   0   255 255 1   0   0   0   0   0   1   0   4   0   0   0   0   0   0   0   1   0   
0   0   0   0   1   0   3   0   0   0   0   0   2   0   3   0   255 255 0   0   1   0   2   0   255 255 0   0   2   0   3   0   
255 255 0   0   1   0   1   0   255 255 1   0   6   0   4   0   0   0   0   0   4   0   0   0   255 255 0   0   15  0   5   0   
255 255 0   0   1   0   0   0   255 255 255 255 4   0   2   0   255 255 255 255 0   0   255 255 255 255 255 255 0   0   0   0   
0   0   0   0   255 255 2   0   0   0   0   0   255 255 1   0   0   0   0   0   1   0   3   0   0   0   0   0   0   0   1   0   
0   0   0   0   1   0   2   0   0   0   0   0   2   0   3   0   255 255 0   0   1   0   2   0   255 255 0   0   2   0   2   0   
255 255 0   0   2   0   1   0   255 255 1   0   6   0   4   0   0   0   0   0   4   0   0   0   255 255 0   0   15  0   5   0   
255 255 0   0   1   0   0   0   255 255 255 255 4   0   2   0   255 255 255 255 0   0   255 255 255 255 255 255 0   0   0   0   
0   0   0   0   255 255 2   0   0   0   0   0   0   0   1   0   0   0   0   0   1   0   4   0   0   0   0   0   0   0   1   0   
0   0   0   0   1   0   2   0   0   0   0   0   2   0   3   0   255 255 0   0   1   0   2   0   255 255 0   0   2   0   2   0   
255 255 0   0   2   0   1   0   255 255 1   0   6   0   4   0   0   0   0   0   4   0   0   0   255 255 0   0   15  0   5   0   
255 255 0   0   1   0   0   0   255 255 255 255 4   0   2   0   255 255 255 255 0   0   255 255 255 255 255 255 0   0   0   0   
255 255 0   0   255 255 2   0   0   0   0   0   0   0   1   0   0   0   0   0   1   0   4   0   0   0   0   0   0   0   1   0   
0   0   0   0   1   0   2   0   0   0   0   0   2   0   3   0   255 255 0   0   1   0   2   0   255 255 0   0   2   0   2   0   
255 255 0   0   2   0   1   0   255 255 1   0   6   0   4   0   0   0   0   0   4   0   0   0   254 255 0   0   15  0   5   0   
255 255 0   0   1   0   0   0   255 255 255 255 4   0   2   0   255 255 255 255 0   0   255 255 255 255 255 255 0   0   0   0   
255 255 0   0   0   0   2   0   0   0   0   0   0   0   1   0   0   0   0   0   1   0   4   0   0   0   0   0   0   0   1   0   
0   0   0   0   1   0   2   0   0   0   0   0   2   0   3   0   255 255 0   0   1   0   2   0   255 255 0   0   2   0   2   0   
255 255 0   0   2   0   1   0   255 255 1   0   6   0   4   0   0   0   0   0   4   0   0   0   255 255 0   0   15  0   5   0   
255 255 0   0   1   0   0   0   255 255 255 255 4   0   2   0   255 255 255 255 0   0   255 255 255 255 255 255 0   0   0   0   
255 255 0   0   0   0   2   0   0   0   0   0   0   0   1   0   0   0   0   0   1   0   3   0   0   0   0   0   0   0   1   0   
0   0   0   0   1   0   2   0   0   0   0   0   2   0   3   0   255 255 0   0   1   0   2   0   255 255 0   0   2   0   2   0   
255 255 0   0   2   0   1   0   255 255 1   0   6   0   5   0   0   0   0   0   4   0   0   0   255 255 0   0   15  0   5   0   
255 255 255 255 1   0   0   0   255 255 255 255 4   0   2   0   255 255 255 255 0   0   255 255 255 255 255 255 0   0   0   0   
255 255 0   0   0   0   2   0   0   0   0   0   0   0   1   0   0   0   0   0   1   0   3   0   0   0   0   0   0   0   1   0   
0   0   0   0   1   0   2   0   0   0   0   0   2   0   3   0   255 255 0   0   1   0   2   0   255 255 0   0   2   0   2   0   
0   0   0   0   2   0   1   0   255 255 1   0   6   0   5   0   0   0   0   0   4   0   0   0   255 255 0   0   15  0   5   0   
255 255 0   0   1   0   0   0   255 255 255 255 4   0   2   0   255 255 255 255 0   0   255 255 255 255 255 255 0   0   0   0   
255 255 0   0   255 255 2   0   0   0   0   0   0   0   1   0   0   0   0   0   1   0   3   0   0   0   0   0   0   0   1   0   
0   0   0   0   1   0   2   0   0   0   0   0   2   0   3   0   0   0   0   0   1   0   2   0   255 255 0   0   2   0   2   0   
0   0   0   0   2   0   1   0   255 255 1   0   6   0   5   0   0   0   0   0   4   0   0   0   255 255 0   0   15  0   5   0   
255 255 255 255 1   0   0   0   255 255 255 255 4   0   2   0   255 255 255 255 0   0   255 255 255 255 255 255 0   0   0   0   
255 255 0   0   255 255 2   0   0   0   0   0   0   0   1   0   0   0   0   0   0   0   3   0   0   0   0   0   0   0   1   0   
0   0   0   0   1   0   3   0   0   0   0   0   2   0   3   0   0   0   0   0   1   0   2   0   255 255 0   0   2   0   3   0   
0   0   0   0   2   0   1   0   255 255 1   0   6   0   4   0   0   0   0   0   4   0   0   0   255 255 0   0   15  0   5   0   
255 255 255 255 1   0   0   0   255 255 255 255 4   0   2   0   255 255 255 255 0   0   255 255 255 255 255 255 0   0   0   0   
255 255 0   0   255 255 2   0   0   0   0   0   0   0   1   0   0   0   0   0   1   0   4   0   0   0   0   0   0   0   1   0   
0   0   0   0   1   0   3   0   0   0   0   0   1   0   2   0   0   0   0   0   1   0   1   0   255 255 0   0   2   0   3   0   
0   0   0   0   2   0   1   0   255 255 1   0   6   0   4   0   0   0   0   0   4   0   0   0   255 255 0   0   15  0   5   0   
255 255 255 255 1   0   0   0   255 255 255 255 4   0   2   0   255 255 255 255 0   0   255 255 255 255 255 255 0   0   0   0   
255 255 0   0   255 255 2   0   0   0   0   0   255 255 0   0   0   0   0   0   0   0   3   0   0   0   0   0   0   0   1   0   
0   0   0   0   1   0   3   0   0   0   0   0   2   0   3   0   0   0   0   0   1   0   1   0   255 255 0   0   2   0   3   0   
0   0   0   0   2   0   1   0   255 255 1   0   6   0   4   0   0   0   0   0   4   0   0   0   255 255 0   0   16  0   5   0   
255 255 255 255 1   0   0   0   255 255 255 255 4   0   2   0   0   0   255 255 0   0   255 255 255 255 255 255 0   0   0   0   
255 255 0   0   255 255 2   0   0   0   0   0   255 255 0   0   0   0   0   0   0   0   3   0   0   0   0   0   0   0   1   0   
0   0   0   0   1   0   3   0   0   0   0   0   2   0   3   0   0   0   0   0   1   0   2   0   255 255 0   0   2   0   2   0   
0   0   0   0   2   0   1   0   255 255 1   0   6   0   4   0   0   0   0   0   4   0   0   0   255 255 0   0   15  0   5   0   
255 255 255 255 1   0   0   0   255 255 255 255 4   0   2   0   0   0   255 255 0   0   255 255 255 255 255 255 0   0   0   0   
255 255 0   0   255 255 2   0   0   0   0   0   255 255 0   0   0   0   0   0   0   0   3   0   0   0   0   0   0   0   1   0   
0   0   0   0   1   0   3   0   0   0   0   0   2   0   3   0   255 255 0   0   1   0   2   0   255 255 0   0   2   0   2   0   
0   0   0   0   2   0   1   0   255 255 1   0   6   0   4   0   0   0   0   0   4   0   0   0   255 255 0   0   15  0   5   0   
0   0   255 255 1   0   0   0   255 255 255 255 4   0   2   0   0   0   255 255 0   0   255 255 255 255 255 255 0   0   0   0   
255 255 0   0   255 255 2   0   0   0   0   0   0   0   1   0   0   0   0   0   0   0   3   0   0   0   0   0   0   0   1   0   
0   0   0   0   1   0   3   0   0   0   0   0   2   0   3   0   255 255 0   0   1   0   1   0   255 255 0   0   2   0   2   0   
0   0   0   0   2   0   1   0   255 255 1   0   6   0   4   0   0   0   0   0   4   0   0   0   255 255 0   0   15  0   5   0   
255 255 255 255 1   0   0   0   255 255 255 255 4   0   2   0   0   0   255 255 0   0   255 255 255 255 255 255 0   0   0   0   
255 255 0   0   255 255 2   0   0   0   0   0   0   0   1   0   0   0   0   0   0   0   3   0   0   0   0   0   0   0   2   0   
0   0   0   0   1   0   2   0   0   0   0   0   2   0   2   0   255 255 0   0   1   0   2   0   255 255 0   0   3   0   3   0   
0   0   0   0   2   0   1   0   255 255 1   0   6   0   4   0   0   0   0   0   4   0   0   0   255 255 0   0   16  0   6   0   
255 255 255 255 1   0   0   0   255 255 255 255 4   0   2   0   0   0   255 255 0   0   255 255 255 255 255 255 0   0   0   0   
255 255 0   0   255 255 2   0   0   0   0   0   0   0   1   0   0   0   0   0   0   0   3   0   0   0   0   0   0   0   1   0   
0   0   0   0   1   0   2   0   0   0   0   0   2   0   2   0   255 255 0   0   1   0   2   0   255 255 0   0   3   0   3   0   
0   0   0   0   2   0   1   0   255 255 1   0   6   0   4   0   0   0   0   0   4   0   0   0   255 255 0   0   15  0   6   0   
255 255 255 255 1   0   0   0   255 255 255 255 4   0   2   0   0   0   255 255 0   0   255 255 255 255 255 255 0   0   0   0   
255 255 0   0   255 255 2   0   0   0   0   0   0   0   1   0   0   0   0   0   0   0   3   0   0   0   0   0   0   0   1   0   
0   0   0   0   1   0   2   0   0   0   0   0   2   0   2   0   255 255 0   0   1   0   2   0   255 255 0   0   3   0   3   0   
0   0   0   0   2   0   1   0   255 255 1   0   6   0   4   0   0   0   0   0   4   0   0   0   255 255 0   0   15  0   6   0   
255 255 255 255 1   0   0   0   255 255 255 255 4   0   2   0   0   0   255 255 0   0   255 255 255 255 255 255 0   0   0   0   
255 255 0   0   255 255 2   0   0   0   0   0   0   0   1   0   0   0   0   0   0   0   3   0   0   0   0   0   0   0   1   0   
0   0   0   0   1   0   2   0   0   0   0   0   2   0   2   0   255 255 0   0   1   0   2   0   255 255 0   0   2   0   2   0   
0   0   0   0   2   0   1   0   255 255 1   0   5   0   4   0   0   0   0   0   4   0   0   0   255 255 0   0   15  0   5   0   
255 255 0   0   1   0   0   0   255 255 255 255 4   0   2   0   0   0   255 255 0   0   255 255 255 255 255 255 0   0   0   0   
255 255 0   0   255 255 2   0   0   0   0   0   0   0   1   0   0   0   0   0   0   0   3   0   0   0   0   0   0   0   1   0   
0   0   0   0   1   0   2   0   0   0   0   0   2   0   2   0   255 255 0   0   1   0   2   0   255 255 0   0   2   0   2   0   
0   0   0   0   2   0   1   0   255 255 1   0   5   0   4   0   0   0   0   0   4   0   0   0   255 255 0   0   15  0   5   0   
255 255 0   0   1   0   0   0   255 255 255 255 4   0   2   0   0   0   255 255 0   0   255 255 255 255 255 255 0   0   0   0   
255 255 0   0   255 255 2   0   0   0   0   0   0   0   1   0   0   0   0   0   0   0   3   0   0   0   0   0   0   0   1   0   
0   0   0   0   1   0   2   0   0   0   0   0   2   0   2   0   255 255 0   0   1   0   2   0   255 255 0   0   2   0   2   0   
0   0   0   0   2   0   1   0   255 255 1   0   5   0   4   0   0   0   0   0   5   0   0   0   255 255 0   0   15  0   5   0   
255 255 0   0   1   0   0   0   255 255 255 255 4   0   2   0   0   0   255 255 0   0   255 255 255 255 255 255 0   0   0   0   
255 255 0   0   255 255 2   0   0   0   0   0   0   0   1   0   0   0   0   0   0   0   3   0   0   0   0   0   0   0   1   0   
0   0   0   0   1   0   2   0   0   0   0   0   2   0   2   0   255 255 0   0   1   0   2   0   255 255 0   0   3   0   3   0   
0   0   0   0   2   0   1   0   255 255 1   0   5   0   4   0   0   0   0   0   5   0   0   0   255 255 0   0   15  0   5   0   
255 255 0   0   1   0   0   0   255 255 255 255 4   0   2   0   0   0   255 255 0   0   255 255 255 255 255 255 0   0   0   0   
255 255 0   0   255 255 2   0   0   0   0   0   0   0   1   0   0   0   0   0   1   0   3   0   0   0   0   0   0   0   2   0   
0   0   0   0   1   0   3   0   0   0   0   0   2   0   2   0   255 255 0   0   1   0   2   0   255 255 0   0   3   0   3   0   
0   0   0   0   2   0   1   0   255 255 1   0   5   0   4   0   0   0   0   0   5   0   0   0   255 255 0   0   15  0   5   0   
255 255 0   0   1   0   0   0   255 255 255 255 4   0   2   0   0   0   255 255 0   0   255 255 255 255 255 255 0   0   0   0   
255 255 0   0   255 255 2   0   0   0   0   0   0   0   1   0   0   0   0   0   1   0   3   0   0   0   0   0   0   0   2   0   
0   0   0   0   1   0   3   0   0   0   0   0   1   0   2   0   255 255 0   0   1   0   1   0   255 255 0   0   2   0   2   0   
0   0   0   0   2   0   1   0   255 255 1   0   6   0   4   0   0   0   0   0   5   0   0   0   255 255 0   0   15  0   5   0   
255 255 0   0   1   0   0   0   255 255 255 255 4   0   2   0   0   0   255 255 0   0   255 255 255 255 255 255 0   0   0   0   
255 255 0   0   255 255 2   0   0   0   0   0   0   0   1   0   0   0   0   0   0   0   3   0   0   0   0   0   0   0   1   0   
0   0   0   0   1   0   2   0   0   0   0   0   2   0   3   0   255 255 0   0   1   0   1   0   255 255 0   0   2   0   2   0   
0   0   0   0   2   0   1   0   255 255 1   0   6   0   4   0   0   0   0   0   5   0   0   0   255 255 0   0   15  0   5   0   
255 255 0   0   1   0   0   0   255 255 255 255 4   0   2   0   0   0   255 255 0   0   255 255 255 255 255 255 0   0   0   0   
255 255 0   0   255 255 2   0   0   0   0   0   0   0   1   0   0   0   0   0   0   0   3   0   0   0   0   0   0   0   1   0   
0   0   0   0   1   0   2   0   0   0   0   0   2   0   3   0   255 255 0   0   0   0   1   0   255 255 0   0   2   0   2   0   
0   0   0   0   2   0   1   0   255 255 1   0   6   0   5   0   0   0   0   0   5   0   0   0   255 255 0   0   15  0   5   0   
255 255 0   0   1   0   0   0   255 255 255 255 4   0   2   0   0   0   255 255 0   0   255 255 255 255 255 255 0   0   0   0   
255 255 0   0   255 255 2   0   0   0   0   0   0   0   1   0   0   0   0   0   0   0   3   0   0   0   0   0   0   0   1   0   
0   0   0   0   1   0   3   0   0   0   0   0   2   0   3   0   255 255 0   0   0   0   1   0   255 255 0   0   2   0   2   0   
0   0   0   0   2   0   1   0   255 255 1   0   5   0   4   0   0   0   0   0   4   0   0   0   255 255 0   0   15  0   5   0   
255 255 0   0   1   0   0   0   255 255 255 255 4   0   2   0   0   0   255 255 0   0   255 255 255 255 255 255 0   0   0   0   
255 255 0   0   255 255 2   0   0   0   0   0   0   0   1   0   0   0   0   0   0   0   3   0   0   0   0   0   0   0   2   0   
0   0   0   0   1   0   3   0   0   0   0   0   1   0   2   0   255 255 0   0   0   0   1   0   255 255 0   0   2   0   2   0   
0   0   0   0   2   0   1   0   255 255 1   0   6   0   4   0   0   0   0   0   4   0   0   0   255 255 0   0   15  0   5   0   
255 255 0   0   1   0   0   0   255 255 255 255 4   0   2   0   0   0   255 255 0   0   255 255 255 255 255 255 0   0   0   0   
255 255 0   0   255 255 2   0   0   0   0   0   0   0   1   0   0   0   0   0   0   0   3   0   0   0   0   0   0   0   2   0   
0   0   0   0   1   0   2   0   0   0   0   0   1   0   2   0   255 255 0   0   0   0   1   0   255 255 0   0   2   0   2   0   
255 255 0   0   2   0   1   0   255 255 1   0   6   0   4   0   0   0   0   0   4   0   0   0   255 255 0   0   15  0   5   0   
255 255 255 255 1   0   0   0   255 255 255 255 4   0   2   0   0   0   255 255 0   0   255 255 255 255 255 255 0   0   0   0   
255 255 0   0   255 255 2   0   0   0   0   0   0   0   1   0   0   0   0   0   0   0   3   0   0   0   0   0   0   0   2   0   
0   0   0   0   1   0   2   0   0   0   0   0   1   0   2   0   255 255 0   0   0   0   1   0   0   0   0   0   2   0   3   0   
255 255 0   0   2   0   1   0   0   0   1   0   6   0   5   0   0   0   0   0   4   0   0   0   255 255 0   0   15  0   5   0   
255 255 255 255 1   0   0   0   255 255 255 255 4   0   2   0   0   0   255 255 0   0   255 255 255 255 255 255 0   0   0   0   
255 255 0   0   255 255 2   0   0   0   0   0   255 255 0   0   0   0   0   0   0   0   3   0   0   0   0   0   0   0   2   0   
0   0   0   0   1   0   2   0   0   0   0   0   1   0   2   0   255 255 0   0   1   0   2   0   0   0   0   0   2   0   3   0   
255 255 0   0   2   0   1   0   0   0   1   0   6   0   5   0   0   0   0   0   4   0   0   0   255 255 0   0   15  0   5   0   
255 255 255 255 1   0   0   0   255 255 255 255 4   0   2   0   0   0   255 255 0   0   255 255 255 255 255 255 0   0   0   0   
255 255 0   0   255 255 2   0   0   0   0   0   0   0   1   0   0   0   0   0   0   0   3   0   0   0   0   0   0   0   2   0   
0   0   0   0   1   0   2   0   0   0   0   0   1   0   2   0   255 255 0   0   1   0   2   0   0   0   0   0   2   0   3   0   
255 255 0   0   2   0   1   0   255 255 1   0   6   0   4   0   0   0   0   0   4   0   0   0   255 255 0   0   15  0   5   0   
255 255 255 255 1   0   0   0   255 255 255 255 4   0   2   0   0   0   255 255 0   0   255 255 255 255 255 255 0   0   0   0   
255 255 0   0   255 255 2   0   0   0   0   0   0   0   1   0   0   0   0   0   0   0   3   0   0   0   0   0   0   0   2   0   
0   0   0   0   1   0   2   0   0   0   0   0   1   0   2   0   255 255 0   0   1   0   2   0   0   0   0   0   2   0   3   0   
255 255 0   0   2   0   1   0   255 255 1   0   6   0   4   0   0   0   0   0   4   0   0   0   255 255 0   0   15  0   5   0   
255 255 255 255 1   0   0   0   255 255 255 255 4   0   2   0   0   0   255 255 0   0   255 255 255 255 255 255 0   0   0   0   
255 255 0   0   255 255 2   0   0   0   0   0   0   0   1   0   0   0   0   0   0   0   3   0   0   0   0   0   0   0   2   0   
0   0   0   0   1   0   2   0   0   0   0   0   1   0   2   0   255 255 0   0   1   0   2   0   0   0   0   0   2   0   3   0   
255 255 0   0   2   0   1   0   255 255 1   0   6   0   4   0   0   0   0   0   4   0   0   0   255 255 0   0   15  0   5   0   
255 255 255 255 1   0   0   0   255 255 255 255 4   0   2   0   0   0   255 255 0   0   255 255 255 255 255 255 0   0   0   0   
255 255 0   0   255 255 2   0   0   0   0   0   0   0   1   0   0   0   0   0   0   0   3   0   0   0   0   0   0   0   2   0   
0   0   0   0   1   0   2   0   0   0   0   0   1   0   2   0   255 255 0   0   1   0   2   0   0   0   0   0   2   0   3   0   
255 255 0   0   2   0   1   0   255 255 1   0   6   0   4   0   0   0   0   0   4   0   0   0   255 255 0   0   15  0   5   0   
255 255 255 255 1   0   0   0   255 255 255 255 4   0   2   0   0   0   255 255 0   0   255 255 255 255 255 255 0   0   0   0   
255 255 0   0   255 255 2   0   0   0   0   0   0   0   1   0   0   0   0   0   1   0   3   0   0   0   0   0   0   0   2   0   
0   0   0   0   1   0   2   0   0   0   0   0   1   0   2   0   255 255 0   0   1   0   1   0   0   0   0   0   2   0   2   0   
255 255 0   0   2   0   1   0   255 255 1   0   6   0   4   0   0   0   0   0   4   0   0   0   255 255 0   0   15  0   5   0   
255 255 255 255 1   0   0   0   255 255 255 255 4   0   2   0   0   0   255 255 0   0   255 255 255 255 255 255 0   0   0   0   
255 255 0   0   255 255 2   0   0   0   0   0   0   0   1   0   0   0   0   0   1   0   3   0   0   0   0   0   0   0   1   0   
0   0   0   0   1   0   2   0   0   0   0   0   1   0   2   0   255 255 0   0   1   0   1   0   0   0   0   0   2   0   2   0   
255 255 0   0   2   0   1   0   255 255 1   0   6   0   4   0   0   0   0   0   4   0   0   0   255 255 0   0   16  0   5   0   
255 255 255 255 1   0   0   0   255 255 255 255 4   0   2   0   0   0   255 255 0   0   255 255 255 255 255 255 0   0   0   0   
255 255 0   0   255 255 2   0   0   0   0   0   0   0   1   0   0   0   0   0   1   0   3   0   0   0   0   0   0   0   1   0   
0   0   0   0   1   0   2   0   0   0   0   0   2   0   3   0   255 255 0   0   1   0   1   0   0   0   0   0   2   0   2   0   
255 255 0   0   2   0   1   0   255 255 1   0   6   0   5   0   0   0   0   0   4   0   0   0   255 255 0   0   15  0   5   0   
255 255 255 255 1   0   0   0   255 255 255 255 5   0   2   0   0   0   255 255 0   0   255 255 255 255 255 255 0   0   0   0   
255 255 0   0   255 255 2   0   0   0   0   0   0   0   1   0   0   0   0   0   1   0   3   0   0   0   0   0   0   0   1   0   
0   0   0   0   1   0   2   0   0   0   0   0   2   0   3   0   255 255 0   0   1   0   1   0   0   0   0   0   2   0   2   0   
255 255 0   0   2   0   1   0   255 255 1   0   6   0   5   0   0   0   0   0   4   0   0   0   255 255 0   0   15  0   5   0   
255 255 255 255 1   0   0   0   254 255 255 255 4   0   2   0   0   0   255 255 0   0   255 255 255 255 255 255 0   0   0   0   
255 255 0   0   255 255 2   0   0   0   0   0   0   0   1   0   0   0   0   0   1   0   4   0   0   0   0   0   0   0   1   0   
0   0   0   0   1   0   2   0   0   0   0   0   2   0   3   0   255 255 0   0   1   0   1   0   255 255 0   0   2   0   2   0   
255 255 0   0   2   0   1   0   255 255 1   0   6   0   5   0   0   0   0   0   4   0   0   0   255 255 0   0   15  0   5   0   
255 255 255 255 1   0   0   0   255 255 255 255 5   0   2   0   0   0   255 255 0   0   255 255 255 255 255 255 0   0   0   0   
255 255 0   0   255 255 2   0   0   0   0   0   0   0   1   0   0   0   0   0   0   0   3   0   0   0   0   0   0   0   1   0   
0   0   0   0   1   0   2   0   0   0   0   0   2   0   3   0   255 255 0   0   1   0   2   0   255 255 0   0   2   0   2   0   
255 255 0   0   2   0   1   0   255 255 1   0   6   0   5   0   0   0   0   0   4   0   1   0   255 255 0   0   15  0   5   0   
255 255 255 255 1   0   0   0   255 255 255 255 5   0   2   0   255 255 255 255 0   0   254 255 255 255 255 255 0   0   0   0   
255 255 0   0   255 255 2   0   0   0   0   0   0   0   1   0   0   0   0   0   0   0   3   0   0   0   0   0   0   0   1   0   
0   0   0   0   1   0   3   0   0   0   0   0   2   0   3   0   255 255 0   0   1   0   2   0   255 255 0   0   2   0   2   0   
255 255 0   0   2   0   1   0   255 255 1   0   6   0   4   0   0   0   0   0   4   0   1   0   255 255 0   0   15  0   5   0   
255 255 255 255 1   0   0   0   255 255 255 255 5   0   2   0   255 255 255 255 0   0   255 255 255 255 255 255 0   0   0   0   
255 255 0   0   255 255 2   0   0   0   0   0   0   0   1   0   0   0   0   0   0   0   3   0   0   0   0   0   0   0   1   0   
0   0   0   0   1   0   3   0   0   0   0   0   2   0   3   0   255 255 0   0   1   0   2   0   255 255 0   0   2   0   2   0   
255 255 0   0   2   0   1   0   255 255 1   0   6   0   4   0   0   0   0   0   5   0   1   0   255 255 0   0   15  0   5   0   
255 255 255 255 1   0   0   0   255 255 255 255 4   0   2   0   255 255 255 255 0   0   255 255 255 255 255 255 0   0   0   0   
255 255 0   0   255 255 2   0   0   0   0   0   0   0   1   0   0   0   0   0   0   0   3   0   0   0   0   0   0   0   1   0   
0   0   0   0   1   0   3   0   0   0   0   0   2   0   3   0   255 255 0   0   1   0   1   0   255 255 0   0   2   0   2   0   
255 255 0   0   2   0   1   0   255 255 1   0   6   0   4   0   0   0   0   0   5   0   0   0   255 255 0   0   15  0   5   0   
255 255 255 255 1   0   0   0   255 255 255 255 4   0   2   0   0   0   255 255 0   0   255 255 255 255 255 255 0   0   0   0   
255 255 0   0   255 255 2   0   0   0   0   0   255 255 1   0   0   0   0   0   0   0   3   0   0   0   0   0   0   0   1   0   
0   0   0   0   1   0   2   0   0   0   0   0   2   0   3   0   255 255 0   0   1   0   1   0   255 255 0   0   2   0   2   0   
255 255 0   0   2   0   0   0   255 255 1   0   6   0   4   0   0   0   0   0   5   0   0   0   255 255 0   0   15  0   5   0   
255 255 255 255 1   0   0   0   255 255 255 255 4   0   2   0   0   0   255 255 0   0   255 255 255 255 255 255 0   0   0   0   
255 255 0   0   255 255 2   0   0   0   0   0   255 255 1   0   0   0   0   0   0   0   3   0   0   0   0   0   0   0   1   0   
0   0   0   0   1   0   2   0   0   0   0   0   2   0   3   0   255 255 0   0   1   0   1   0   255 255 0   0   2   0   2   0   
255 255 0   0   2   0   0   0   255 255 1   0   6   0   4   0   0   0   0   0   5   0   0   0   255 255 0   0   15  0   5   0   
255 255 255 255 1   0   0   0   255 255 255 255 4   0   2   0   0   0   255 255 0   0   255 255 255 255 255 255 0   0   0   0   
255 255 0   0   255 255 2   0   0   0   0   0   255 255 1   0   0   0   0   0   0   0   3   0   0   0   0   0   0   0   1   0   
0   0   0   0   1   0   2   0   0   0   0   0   2   0   3   0   255 255 0   0   1   0   1   0   255 255 0   0   3   0   2   0   
255 255 0   0   2   0   0   0   255 255 1   0   6   0   4   0   0   0   0   0   5   0   0   0   255 255 0   0   15  0   5   0   
255 255 255 255 1   0   0   0   255 255 255 255 4   0   2   0   0   0   255 255 0   0   255 255 255 255 255 255 0   0   0   0   
255 255 0   0   255 255 2   0   0   0   0   0   255 255 1   0   0   0   0   0   0   0   3   0   0   0   0   0   0   0   1   0   
255 255 0   0   1   0   2   0   0   0   0   0   2   0   3   0   255 255 0   0   1   0   1   0   255 255 0   0   3   0   2   0   
255 255 0   0   2   0   0   0   255 255 1   0   6   0   4   0   0   0   0   0   5   0   0   0   255 255 0   0   15  0   5   0   
255 255 255 255 1   0   0   0   255 255 255 255 4   0   2   0   0   0   255 255 0   0   255 255 255 255 255 255 0   0   0   0   
255 255 0   0   255 255 2   0   0   0   0   0   255 255 1   0   0   0   0   0   0   0   3   0   0   0   0   0   0   0   1   0   
255 255 0   0   1   0   2   0   0   0   0   0   2   0   3   0   255 255 0   0   1   0   1   0   255 255 0   0   2   0   2   0   
255 255 0   0   2   0   0   0   255 255 1   0   6   0   4   0   0   0   0   0   5   0   0   0   255 255 0   0   15  0   5   0   
255 255 255 255 1   0   0   0   255 255 255 255 4   0   2   0   0   0   255 255 0   0   255 255 255 255 255 255 0   0   0   0   
255 255 0   0   255 255 2   0   0   0   0   0   255 255 1   0   0   0   0   0   0   0   3   0   0   0   0   0   0   0   1   0   
255 255 0   0   1   0   2   0   0   0   0   0   2   0   3   0   255 255 0   0   1   0   2   0   255 255 0   0   2   0   2   0   
255 255 0   0   2   0   0   0   255 255 1   0   6   0   4   0   0   0   0   0   5   0   0   0   255 255 0   0   15  0   5   0   
0   0   0   0   1   0   0   0   255 255 255 255 4   0   2   0   0   0   255 255 0   0   255 255 255 255 255 255 0   0   0   0   
255 255 0   0   255 255 2   0   0   0   0   0   255 255 1   0   0   0   0   0   0   0   4   0   0   0   0   0   0   0   1   0   
255 255 0   0   1   0   2   0   0   0   0   0   2   0   3   0   255 255 0   0   1   0   2   0   255 255 0   0   2   0   2   0   
255 255 0   0   2   0   1   0   255 255 1   0   6   0   4   0   0   0   0   0   5   0   0   0   255 255 0   0   15  0   5   0   
0   0   0   0   1   0   0   0   255 255 255 255 4   0   2   0   0   0   255 255 0   0   255 255 255 255 255 255 0   0   0   0   
255 255 0   0   255 255 2   0   0   0   0   0   255 255 1   0   0   0   0   0   1   0   3   0   0   0   0   0   0   0   2   0   
255 255 0   0   1   0   2   0   0   0   0   0   2   0   3   0   255 255 0   0   1   0   2   0   255 255 0   0   2   0   2   0   
255 255 0   0   1   0   1   0   255 255 1   0   6   0   4   0   0   0   0   0   4   0   0   0   255 255 0   0   15  0   5   0   
0   0   0   0   1   0   0   0   255 255 255 255 4   0   2   0   0   0   255 255 0   0   255 255 255 255 255 255 0   0   0   0   
255 255 0   0   255 255 2   0   0   0   0   0   255 255 1   0   0   0   0   0   1   0   3   0   0   0   0   0   0   0   2   0   
255 255 0   0   1   0   2   0   0   0   0   0   2   0   3   0   255 255 0   0   1   0   2   0   255 255 0   0   2   0   2   0   
255 255 0   0   1   0   1   0   255 255 1   0   6   0   4   0   0   0   0   0   4   0   0   0   255 255 0   0   15  0   5   0   
0   0   0   0   1   0   0   0   255 255 255 255 4   0   2   0   0   0   255 255 0   0   255 255 255 255 255 255 0   0   0   0   
255 255 0   0   255 255 2   0   0   0   0   0   0   0   1   0   0   0   0   0   0   0   3   0   0   0   0   0   0   0   1   0   
0   0   0   0   1   0   2   0   0   0   0   0   2   0   3   0   255 255 0   0   1   0   2   0   255 255 0   0   2   0   2   0   
255 255 0   0   1   0   1   0   255 255 1   0   6   0   4   0   0   0   0   0   4   0   0   0   255 255 0   0   15  0   5   0   
0   0   0   0   1   0   0   0   255 255 255 255 4   0   2   0   0   0   255 255 0   0   255 255 255 255 255 255 0   0   0   0   
255 255 0   0   255 255 2   0   0   0   0   0   0   0   1   0   0   0   0   0   0   0   3   0   0   0   0   0   0   0   1   0   
0   0   0   0   1   0   2   0   0   0   0   0   2   0   3   0   255 255 0   0   1   0   1   0   255 255 0   0   2   0   2   0   
255 255 0   0   2   0   1   0   255 255 1   0   6   0   5   0   0   0   0   0   4   0   0   0   255 255 0   0   16  0   5   0   
0   0   0   0   1   0   0   0   255 255 255 255 4   0   2   0   0   0   255 255 0   0   255 255 255 255 255 255 0   0   0   0   
255 255 0   0   255 255 2   0   0   0   0   0   0   0   1   0   0   0   0   0   0   0   3   0   0   0   0   0   0   0   1   0   
0   0   0   0   1   0   2   0   0   0   0   0   2   0   3   0   255 255 0   0   1   0   1   0   255 255 0   0   2   0   2   0   
255 255 0   0   2   0   1   0   255 255 1   0   6   0   4   0   0   0   0   0   4   0   0   0   255 255 0   0   15  0   5   0   
0   0   0   0   1   0   0   0   255 255 255 255 5   0   2   0   0   0   255 255 0   0   255 255 255 255 255 255 0   0   0   0   
255 255 0   0   255 255 2   0   0   0   0   0   0   0   1   0   0   0   0   0   1   0   3   0   0   0   0   0   1   0   2   0   
0   0   0   0   1   0   2   0   0   0   0   0   2   0   3   0   255 255 0   0   1   0   1   0   255 255 0   0   2   0   2   0   
255 255 0   0   2   0   1   0   255 255 1   0   6   0   4   0   0   0   0   0   4   0   0   0   255 255 0   0   15  0   5   0   
0   0   0   0   1   0   0   0   255 255 255 255 5   0   2   0   0   0   255 255 0   0   255 255 255 255 255 255 0   0   0   0   
255 255 0   0   255 255 2   0   0   0   0   0   0   0   1   0   0   0   0   0   1   0   3   0   0   0   0   0   1   0   2   0   
0   0   0   0   1   0   2   0   0   0   0   0   2   0   3   0   255 255 0   0   1   0   1   0   255 255 0   0   2   0   2   0   
0   0   0   0   2   0   1   0   255 255 1   0   6   0   4   0   0   0   0   0   4   0   0   0   255 255 0   0   15  0   5   0   
0   0   0   0   1   0   0   0   255 255 255 255 4   0   2   0   0   0   255 255 0   0   255 255 255 255 255 255 0   0   0   0   
255 255 0   0   255 255 2   0   0   0   0   0   0   0   1   0   0   0   0   0   1   0   3   0   0   0   0   0   1   0   2   0   
0   0   0   0   1   0   2   0   0   0   0   0   2   0   3   0   255 255 0   0   1   0   1   0   255 255 0   0   2   0   2   0   
0   0   0   0   2   0   1   0   255 255 1   0   6   0   5   0   0   0   0   0   4   0   0   0   255 255 0   0   15  0   5   0   
0   0   0   0   1   0   0   0   254 255 255 255 4   0   2   0   0   0   255 255 0   0   255 255 255 255 255 255 0   0   0   0   
255 255 0   0   255 255 2   0   0   0   0   0   255 255 0   0   0   0   0   0   0   0   3   0   0   0   0   0   1   0   2   0   
0   0   0   0   1   0   3   0   0   0   0   0   2   0   3   0   255 255 0   0   1   0   2   0   255 255 0   0   2   0   3   0   
0   0   0   0   2   0   1   0   255 255 1   0   5   0   4   0   0   0   0   0   4   0   0   0   255 255 0   0   15  0   5   0   
255 255 255 255 1   0   0   0   254 255 255 255 4   0   2   0   0   0   255 255 0   0   255 255 255 255 255 255 0   0   0   0   
255 255 0   0   255 255 2   0   0   0   0   0   255 255 0   0   0   0   0   0   0   0   3   0   0   0   0   0   1   0   2   0   
0   0   0   0   1   0   2   0   0   0   0   0   2   0   3   0   255 255 0   0   1   0   2   0   255 255 0   0   2   0   3   0   
0   0   0   0   2   0   1   0   255 255 1   0   5   0   4   0   0   0   0   0   4   0   0   0   255 255 0   0   15  0   5   0   
255 255 255 255 0   0   255 255 254 255 255 255 4   0   2   0   0   0   255 255 0   0   255 255 255 255 255 255 0   0   0   0   
0   0   0   0   0   0   2   0   0   0   0   0   255 255 1   0   0   0   0   0   0   0   3   0   0   0   0   0   0   0   2   0   
0   0   0   0   1   0   2   0   0   0   0   0   2   0   3   0   255 255 0   0   1   0   2   0   255 255 0   0   2   0   3   0   
0   0   0   0   2   0   1   0   255 255 1   0   6   0   4   0   0   0   0   0   4   0   0   0   255 255 0   0   15  0   5   0   
255 255 255 255 1   0   255 255 254 255 255 255 4   0   2   0   0   0   255 255 0   0   255 255 255 255 255 255 0   0   0   0   
0   0   0   0   0   0   2   0   0   0   0   0   0   0   0   0   0   0   0   0   0   0   3   0   0   0   0   0   0   0   2   0   
0   0   0   0   1   0   2   0   0   0   0   0   2   0   3   0   255 255 0   0   1   0   2   0   255 255 0   0   2   0   2   0   
0   0   0   0   2   0   1   0   255 255 1   0   6   0   4   0   0   0   0   0   4   0   0   0   255 255 0   0   15  0   5   0   
255 255 255 255 1   0   255 255 254 255 255 255 4   0   2   0   255 255 255 255 0   0   255 255 255 255 254 255 0   0   0   0   
0   0   0   0   0   0   2   0   0   0   0   0   0   0   1   0   0   0   0   0   0   0   3   0   0   0   0   0   0   0   2   0   
0   0   0   0   1   0   2   0   0   0   0   0   2   0   3   0   255 255 0   0   1   0   2   0   255 255 0   0   2   0   2   0   
0   0   0   0   2   0   1   0   255 255 1   0   6   0   4   0   0   0   0   0   4   0   0   0   255 255 0   0   15  0   5   0   
255 255 255 255 1   0   255 255 255 255 255 255 4   0   2   0   255 255 255 255 0   0   255 255 255 255 255 255 0   0   0   0   
0   0   0   0   255 255 1   0   0   0   0   0   0   0   1   0   0   0   0   0   0   0   3   0   0   0   0   0   0   0   2   0   
0   0   0   0   1   0   3   0   0   0   0   0   2   0   3   0   255 255 0   0   1   0   2   0   255 255 0   0   2   0   2   0   
0   0   0   0   2   0   1   0   255 255 1   0   6   0   5   0   0   0   0   0   4   0   0   0   255 255 0   0   15  0   5   0   
255 255 255 255 1   0   255 255 255 255 255 255 4   0   2   0   255 255 0   0   0   0   255 255 255 255 255 255 0   0   0   0   
0   0   0   0   255 255 2   0   0   0   0   0   0   0   1   0   0   0   0   0   0   0   3   0   0   0   1   0   0   0   2   0   
0   0   0   0   1   0   2   0   0   0   0   0   2   0   3   0   255 255 0   0   1   0   2   0   255 255 0   0   2   0   2   0   
0   0   0   0   2   0   1   0   255 255 1   0   6   0   5   0   0   0   0   0   4   0   0   0   255 255 0   0   15  0   5   0   
255 255 255 255 1   0   0   0   255 255 255 255 4   0   2   0   255 255 255 255 0   0   255 255 255 255 255 255 0   0   0   0   
0   0   0   0   255 255 1   0   0   0   0   0   0   0   1   0   0   0   0   0   0   0   3   0   0   0   1   0   0   0   2   0   
0   0   0   0   1   0   2   0   0   0   0   0   2   0   3   0   0   0   0   0   1   0   2   0   255 255 0   0   2   0   2   0   
0   0   0   0   2   0   1   0   255 255 1   0   6   0   5   0   0   0   0   0   4   0   0   0   255 255 0   0   15  0   5   0   
255 255 0   0   1   0   0   0   255 255 255 255 4   0   2   0   255 255 255 255 0   0   255 255 255 255 255 255 0   0   0   0   
0   0   0   0   255 255 2   0   0   0   0   0   0   0   1   0   0   0   0   0   0   0   3   0   0   0   1   0   0   0   2   0   
0   0   0   0   1   0   2   0   0   0   0   0   2   0   2   0   0   0   0   0   1   0   2   0   255 255 0   0   2   0   2   0   
0   0   0   0   2   0   1   0   255 255 1   0   6   0   5   0   0   0   0   0   4   0   0   0   255 255 0   0   15  0   5   0   
255 255 0   0   1   0   0   0   255 255 255 255 4   0   2   0   255 255 255 255 0   0   254 255 255 255 255 255 0   0   0   0   
0   0   0   0   255 255 2   0   0   0   0   0   0   0   1   0   0   0   0   0   0   0   3   0   0   0   1   0   0   0   1   0   
0   0   0   0   1   0   2   0   0   0   0   0   2   0   2   0   0   0   0   0   1   0   1   0   255 255 0   0   2   0   2   0   
0   0   0   0   2   0   1   0   255 255 1   0   6   0   5   0   255 255 0   0   4   0   0   0   255 255 0   0   15  0   5   0   
255 255 255 255 1   0   0   0   255 255 255 255 4   0   2   0   255 255 255 255 0   0   254 255 255 255 255 255 0   0   0   0   
0   0   0   0   255 255 2   0   0   0   0   0   0   0   1   0   0   0   0   0   0   0   3   0   0   0   1   0   0   0   1   0   
0   0   0   0   1   0   2   0   0   0   0   0   2   0   3   0   0   0   0   0   1   0   1   0   255 255 0   0   2   0   2   0   
0   0   0   0   2   0   1   0   255 255 1   0   6   0   4   0   0   0   0   0   5   0   0   0   255 255 0   0   15  0   5   0   
255 255 255 255 1   0   0   0   255 255 255 255 4   0   2   0   255 255 255 255 0   0   254 255 0   0   255 255 0   0   0   0   
0   0   0   0   255 255 2   0   0   0   0   0   0   0   1   0   0   0   0   0   0   0   3   0   0   0   1   0   0   0   2   0   
0   0   0   0   1   0   3   0   0   0   0   0   2   0   3   0   0   0   0   0   1   0   1   0   255 255 0   0   2   0   2   0   
0   0   0   0   2   0   1   0   255 255 1   0   6   0   4   0   0   0   0   0   4   0   0   0   255 255 0   0   15  0   5   0   
255 255 255 255 1   0   0   0   255 255 255 255 4   0   2   0   255 255 255 255 0   0   254 255 0   0   255 255 0   0   0   0   
0   0   0   0   255 255 2   0   0   0   0   0   0   0   1   0   0   0   0   0   0   0   3   0   0   0   1   0   0   0   2   0   
0   0   0   0   1   0   3   0   0   0   0   0   2   0   3   0   0   0   0   0   1   0   1   0   255 255 0   0   2   0   2   0   
0   0   0   0   2   0   1   0   255 255 1   0   6   0   4   0   0   0   0   0   4   0   0   0   255 255 0   0   15  0   5   0   
255 255 255 255 1   0   0   0   255 255 255 255 4   0   2   0   255 255 255 255 0   0   254 255 0   0   255 255 0   0   0   0   
0   0   0   0   255 255 2   0   0   0   0   0   0   0   1   0   0   0   0   0   0   0   3   0   0   0   1   0   0   0   2   0   
0   0   0   0   1   0   3   0   0   0   0   0   2   0   3   0   0   0   0   0   1   0   1   0   255 255 0   0   2   0   2   0   
0   0   0   0   2   0   1   0   255 255 1   0   6   0   4   0   0   0   0   0   4   0   0   0   255 255 0   0   15  0   5   0   
255 255 255 255 1   0   0   0   255 255 255 255 4   0   2   0   255 255 255 255 0   0   255 255 0   0   255 255 0   0   0   0   
0   0   0   0   255 255 2   0   0   0   0   0   0   0   1   0   0   0   0   0   0   0   3   0   0   0   1   0   0   0   2   0   
0   0   0   0   1   0   2   0   0   0   0   0   1   0   2   0   0   0   0   0   1   0   1   0   255 255 0   0   2   0   2   0   
0   0   0   0   2   0   1   0   255 255 1   0   6   0   4   0   0   0   0   0   4   0   0   0   255 255 0   0   15  0   5   0   
0   0   0   0   1   0   0   0   255 255 255 255 4   0   2   0   255 255 255 255 0   0   255 255 255 255 255 255 0   0   0   0   
0   0   0   0   255 255 2   0   0   0   0   0   0   0   1   0   0   0   0   0   0   0   3   0   0   0   1   0   0   0   2   0   
0   0   0   0   1   0   3   0   0   0   0   0   2   0   3   0   0   0   0   0   1   0   1   0   255 255 0   0   2   0   2   0   
0   0   0   0   2   0   1   0   255 255 1   0   6   0   4   0   0   0   0   0   4   0   0   0   255 255 0   0   15  0   5   0   
0   0   0   0   1   0   0   0   255 255 255 255 4   0   2   0   255 255 255 255 0   0   255 255 0   0   255 255 0   0   0   0   
255 255 0   0   255 255 2   0   0   0   0   0   0   0   1   0   0   0   0   0   0   0   3   0   0   0   1   0   0   0   2   0   
0   0   0   0   1   0   3   0   0   0   0   0   2   0   3   0   0   0   0   0   1   0   1   0   255 255 0   0   2   0   2   0   
0   0   0   0   2   0   1   0   255 255 1   0   6   0   4   0   0   0   0   0   4   0   0   0   255 255 0   0   15  0   5   0   
255 255 0   0   1   0   0   0   255 255 255 255 4   0   2   0   255 255 255 255 0   0   255 255 0   0   255 255 0   0   0   0   
255 255 0   0   255 255 2   0   0   0   0   0   0   0   1   0   0   0   0   0   0   0   3   0   0   0   1   0   0   0   2   0   
0   0   0   0   1   0   2   0   0   0   0   0   2   0   3   0   0   0   0   0   1   0   2   0   255 255 0   0   2   0   2   0   
0   0   0   0   2   0   1   0   255 255 1   0   6   0   4   0   0   0   0   0   4   0   0   0   255 255 0   0   15  0   5   0   
255 255 0   0   1   0   0   0   255 255 255 255 4   0   2   0   255 255 255 255 0   0   255 255 0   0   255 255 0   0   0   0   
255 255 0   0   255 255 2   0   0   0   0   0   0   0   1   0   0   0   0   0   1   0   4   0   0   0   1   0   0   0   2   0   
0   0   0   0   1   0   2   0   0   0   0   0   2   0   3   0   0   0   0   0   1   0   2   0   255 255 0   0   2   0   2   0   
0   0   0   0   2   0   0   0   255 255 1   0   6   0   4   0   0   0   0   0   4   0   0   0   255 255 0   0   15  0   5   0   
255 255 0   0   1   0   0   0   255 255 255 255 4   0   2   0   255 255 255 255 0   0   255 255 0   0   255 255 0   0   0   0   
255 255 0   0   255 255 2   0   0   0   0   0   0   0   1   0   0   0   0   0   1   0   4   0   0   0   1   0   0   0   2   0   
0   0   0   0   1   0   2   0   0   0   0   0   1   0   2   0   0   0   0   0   1   0   2   0   255 255 0   0   2   0   2   0   
0   0   0   0   2   0   1   0   255 255 1   0   6   0   4   0   0   0   0   0   4   0   0   0   255 255 0   0   15  0   5   0   
255 255 0   0   1   0   0   0   255 255 255 255 4   0   2   0   255 255 255 255 0   0   255 255 0   0   255 255 0   0   0   0   
255 255 0   0   255 255 2   0   0   0   0   0   0   0   1   0   0   0   0   0   1   0   4   0   0   0   1   0   0   0   2   0   
0   0   0   0   1   0   2   0   0   0   0   0   1   0   2   0   0   0   0   0   1   0   2   0   255 255 0   0   2   0   2   0   
255 255 0   0   2   0   0   0   255 255 1   0   6   0   4   0   0   0   0   0   5   0   0   0   255 255 0   0   15  0   5   0   
255 255 0   0   1   0   0   0   255 255 255 255 4   0   2   0   255 255 255 255 0   0   255 255 255 255 255 255 0   0   0   0   
255 255 255 255 255 255 1   0   0   0   0   0   0   0   1   0   0   0   0   0   1   0   3   0   0   0   1   0   0   0   1   0   
0   0   0   0   1   0   2   0   0   0   0   0   1   0   2   0   0   0   0   0   1   0   2   0   255 255 0   0   2   0   2   0   
255 255 0   0   2   0   1   0   0   0   1   0   6   0   5   0   0   0   0   0   5   0   0   0   255 255 0   0   15  0   5   0   
255 255 0   0   1   0   0   0   255 255 255 255 4   0   2   0   255 255 255 255 0   0   255 255 255 255 254 255 0   0   0   0   
255 255 255 255 255 255 1   0   0   0   0   0   0   0   1   0   0   0   0   0   1   0   3   0   0   0   1   0   0   0   1   0   
0   0   0   0   1   0   2   0   0   0   0   0   2   0   3   0   0   0   0   0   1   0   2   0   255 255 0   0   2   0   2   0   
255 255 0   0   2   0   1   0   0   0   1   0   6   0   5   0   0   0   0   0   5   0   0   0   255 255 0   0   15  0   5   0   
255 255 0   0   1   0   0   0   255 255 255 255 4   0   2   0   0   0   255 255 0   0   255 255 255 255 254 255 0   0   0   0   
255 255 255 255 255 255 1   0   0   0   0   0   0   0   1   0   0   0   0   0   1   0   3   0   0   0   1   0   0   0   1   0   
0   0   0   0   1   0   2   0   0   0   0   0   2   0   3   0   0   0   0   0   1   0   2   0   255 255 0   0   2   0   2   0   
255 255 0   0   2   0   1   0   0   0   1   0   6   0   5   0   0   0   0   0   5   0   0   0   255 255 0   0   15  0   5   0   
255 255 0   0   1   0   0   0   255 255 255 255 4   0   2   0   0   0   255 255 0   0   255 255 255 255 254 255 0   0   0   0   
255 255 255 255 255 255 1   0   0   0   0   0   0   0   1   0   0   0   0   0   1   0   3   0   0   0   1   0   0   0   1   0   
0   0   0   0   1   0   2   0   0   0   0   0   2   0   3   0   0   0   0   0   0   0   1   0   255 255 0   0   2   0   2   0   
255 255 0   0   2   0   1   0   0   0   1   0   6   0   5   0   0   0   0   0   5   0   0   0   255 255 0   0   15  0   5   0   
255 255 0   0   1   0   0   0   255 255 255 255 4   0   2   0   0   0   255 255 0   0   255 255 255 255 254 255 0   0   0   0   
255 255 255 255 255 255 1   0   0   0   0   0   0   0   1   0   0   0   0   0   0   0   2   0   0   0   1   0   0   0   1   0   
0   0   0   0   1   0   2   0   0   0   0   0   2   0   3   0   0   0   0   0   1   0   1   0   255 255 0   0   2   0   3   0   
255 255 0   0   2   0   1   0   255 255 1   0   6   0   5   0   0   0   0   0   5   0   0   0   255 255 0   0   15  0   5   0   
255 255 0   0   1   0   0   0   255 255 255 255 4   0   2   0   0   0   255 255 0   0   254 255 255 255 254 255 0   0   0   0   
255 255 0   0   255 255 2   0   0   0   0   0   0   0   1   0   0   0   0   0   0   0   2   0   0   0   1   0   0   0   1   0   
0   0   0   0   1   0   2   0   0   0   0   0   2   0   3   0   255 255 0   0   0   0   1   0   255 255 0   0   2   0   3   0   
255 255 0   0   2   0   1   0   255 255 1   0   6   0   5   0   0   0   0   0   5   0   0   0   255 255 0   0   15  0   5   0   
255 255 0   0   1   0   0   0   255 255 255 255 4   0   2   0   0   0   255 255 0   0   254 255 255 255 254 255 0   0   0   0   
255 255 0   0   255 255 2   0   0   0   0   0   0   0   1   0   0   0   0   0   0   0   3   0   0   0   1   0   0   0   1   0   
0   0   0   0   1   0   2   0   0   0   0   0   2   0   3   0   255 255 0   0   0   0   1   0   255 255 0   0   2   0   3   0   
255 255 0   0   2   0   1   0   255 255 1   0   6   0   5   0   0   0   0   0   5   0   0   0   255 255 0   0   15  0   5   0   
255 255 0   0   1   0   0   0   255 255 255 255 4   0   2   0   0   0   255 255 0   0   254 255 255 255 254 255 0   0   0   0   
255 255 0   0   255 255 2   0   0   0   0   0   0   0   1   0   0   0   0   0   0   0   3   0   0   0   1   0   0   0   1   0   
255 255 0   0   1   0   2   0   0   0   0   0   2   0   3   0   255 255 0   0   0   0   1   0   255 255 0   0   2   0   3   0   
255 255 0   0   2   0   1   0   255 255 1   0   6   0   5   0   0   0   0   0   5   0   0   0   255 255 0   0   15  0   5   0   
255 255 255 255 1   0   0   0   255 255 255 255 4   0   2   0   0   0   255 255 0   0   254 255 255 255 254 255 0   0   0   0   
255 255 0   0   255 255 1   0   0   0   0   0   0   0   1   0   0   0   0   0   0   0   3   0   0   0   1   0   0   0   1   0   
255 255 0   0   1   0   2   0   0   0   0   0   2   0   3   0   255 255 0   0   0   0   1   0   255 255 0   0   2   0   3   0   
255 255 0   0   2   0   1   0   255 255 1   0   6   0   5   0   0   0   0   0   5   0   0   0   255 255 0   0   15  0   5   0   
255 255 255 255 1   0   0   0   255 255 255 255 4   0   2   0   0   0   255 255 0   0   254 255 0   0   255 255 0   0   0   0   
255 255 0   0   255 255 2   0   0   0   0   0   0   0   1   0   0   0   0   0   0   0   3   0   0   0   1   0   0   0   1   0   
0   0   0   0   1   0   3   0   0   0   0   0   2   0   3   0   255 255 0   0   1   0   2   0   255 255 0   0   2   0   3   0   
255 255 0   0   2   0   1   0   255 255 1   0   5   0   4   0   0   0   0   0   5   0   0   0   255 255 0   0   15  0   5   0   
255 255 255 255 1   0   0   0   255 255 255 255 4   0   2   0   0   0   255 255 0   0   255 255 0   0   255 255 0   0   0   0   
0   0   0   0   0   0   2   0   0   0   0   0   0   0   1   0   0   0   0   0   0   0   3   0   0   0   1   0   0   0   1   0   
0   0   0   0   1   0   3   0   0   0   0   0   1   0   2   0   255 255 0   0   1   0   1   0   255 255 0   0   2   0   3   0   
255 255 0   0   2   0   1   0   255 255 1   0   5   0   4   0   0   0   0   0   5   0   0   0   255 255 0   0   15  0   5   0   
255 255 255 255 1   0   0   0   255 255 255 255 4   0   2   0   0   0   255 255 0   0   255 255 0   0   255 255 0   0   0   0   
0   0   0   0   0   0   2   0   0   0   255 255 255 255 0   0   0   0   0   0   0   0   2   0   0   0   1   0   0   0   1   0   
0   0   0   0   1   0   3   0   0   0   0   0   1   0   2   0   255 255 0   0   1   0   1   0   255 255 0   0   2   0   3   0   
255 255 0   0   2   0   1   0   255 255 1   0   5   0   4   0   0   0   0   0   5   0   0   0   255 255 0   0   15  0   5   0   
255 255 255 255 1   0   0   0   255 255 255 255 4   0   2   0   0   0   255 255 0   0   255 255 0   0   255 255 0   0   0   0   
0   0   0   0   0   0   2   0   0   0   255 255 255 255 1   0   0   0   0   0   0   0   3   0   0   0   1   0   0   0   1   0   
0   0   0   0   1   0   3   0   0   0   0   0   1   0   2   0   255 255 0   0   1   0   2   0   0   0   0   0   2   0   3   0   
255 255 0   0   2   0   1   0   255 255 1   0   6   0   5   0   0   0   0   0   5   0   0   0   255 255 0   0   15  0   5   0   
255 255 255 255 1   0   0   0   255 255 255 255 4   0   2   0   0   0   255 255 0   0   255 255 0   0   255 255 0   0   0   0   
0   0   0   0   0   0   2   0   0   0   255 255 255 255 1   0   0   0   0   0   0   0   3   0   0   0   1   0   0   0   1   0   
0   0   0   0   1   0   3   0   0   0   0   0   1   0   2   0   255 255 0   0   1   0   1   0   0   0   0   0   2   0   3   0   
255 255 0   0   2   0   1   0   255 255 1   0   6   0   5   0   0   0   0   0   5   0   0   0   255 255 0   0   15  0   5   0   
255 255 255 255 1   0   255 255 255 255 255 255 4   0   2   0   0   0   255 255 0   0   255 255 255 255 255 255 0   0   0   0   
0   0   0   0   0   0   2   0   0   0   0   0   0   0   1   0   0   0   0   0   1   0   3   0   0   0   1   0   1   0   2   0   
255 255 0   0   0   0   2   0   0   0   0   0   2   0   2   0   255 255 0   0   1   0   1   0   0   0   0   0   2   0   3   0   
255 255 0   0   2   0   1   0   255 255 1   0   6   0   4   0   0   0   0   0   4   0   0   0   255 255 0   0   16  0   6   0   
255 255 255 255 1   0   255 255 255 255 255 255 4   0   2   0   0   0   255 255 0   0   255 255 255 255 255 255 0   0   0   0   
0   0   0   0   0   0   2   0   0   0   0   0   0   0   1   0   0   0   0   0   1   0   3   0   0   0   1   0   1   0   2   0   
255 255 0   0   0   0   2   0   0   0   0   0   2   0   2   0   255 255 0   0   1   0   1   0   0   0   0   0   2   0   3   0   
255 255 0   0   2   0   1   0   255 255 1   0   6   0   4   0   0   0   0   0   4   0   0   0   255 255 0   0   16  0   6   0   
0   0   0   0   1   0   0   0   255 255 0   0   4   0   2   0   0   0   0   0   0   0   255 255 255 255 255 255 0   0   0   0   
0   0   0   0   0   0   2   0   0   0   0   0   0   0   1   0   0   0   0   0   1   0   3   0   0   0   1   0   1   0   2   0   
255 255 0   0   0   0   2   0   0   0   0   0   2   0   2   0   255 255 0   0   1   0   2   0   0   0   0   0   2   0   3   0   
255 255 0   0   2   0   1   0   255 255 1   0   6   0   4   0   0   0   0   0   4   0   0   0   255 255 0   0   16  0   6   0   
0   0   255 255 1   0   0   0   255 255 255 255 4   0   2   0   0   0   255 255 0   0   255 255 255 255 255 255 0   0   0   0   
0   0   0   0   255 255 1   0   0   0   0   0   0   0   1   0   0   0   0   0   1   0   3   0   0   0   1   0   1   0   2   0   
255 255 0   0   0   0   2   0   0   0   0   0   2   0   2   0   255 255 0   0   1   0   2   0   255 255 0   0   2   0   2   0   
255 255 0   0   2   0   1   0   255 255 1   0   6   0   5   0   0   0   0   0   4   0   0   0   255 255 0   0   15  0   6   0   
0   0   255 255 1   0   0   0   255 255 255 255 4   0   2   0   0   0   255 255 0   0   255 255 255 255 255 255 0   0   0   0   
0   0   0   0   255 255 2   0   0   0   0   0   0   0   1   0   0   0   0   0   1   0   3   0   0   0   1   0   1   0   2   0   
255 255 0   0   0   0   2   0   0   0   0   0   2   0   2   0   255 255 0   0   1   0   2   0   255 255 0   0   2   0   2   0   
255 255 0   0   2   0   1   0   255 255 1   0   6   0   5   0   0   0   0   0   4   0   0   0   255 255 0   0   15  0   6   0   
0   0   255 255 1   0   0   0   255 255 255 255 4   0   2   0   0   0   255 255 0   0   255 255 255 255 255 255 0   0   0   0   
0   0   0   0   255 255 2   0   0   0   0   0   0   0   1   0   0   0   0   0   1   0   3   0   0   0   1   0   1   0   2   0   
255 255 0   0   0   0   2   0   0   0   0   0   2   0   2   0   255 255 0   0   1   0   1   0   255 255 0   0   3   0   3   0   
255 255 0   0   2   0   1   0   255 255 1   0   6   0   5   0   0   0   0   0   4   0   0   0   255 255 0   0   15  0   6   0   
0   0   255 255 1   0   0   0   255 255 255 255 4   0   2   0   0   0   255 255 0   0   255 255 255 255 255 255 0   0   0   0   
0   0   0   0   255 255 1   0   0   0   0   0   0   0   1   0   0   0   0   0   1   0   3   0   0   0   1   0   1   0   2   0   
255 255 0   0   1   0   2   0   0   0   0   0   2   0   2   0   255 255 0   0   1   0   1   0   255 255 0   0   3   0   3   0   
255 255 0   0   2   0   1   0   255 255 1   0   6   0   5   0   0   0   0   0   4   0   0   0   255 255 0   0   15  0   6   0   
0   0   255 255 1   0   0   0   255 255 255 255 4   0   2   0   0   0   255 255 0   0   255 255 255 255 255 255 0   0   0   0   
0   0   0   0   255 255 1   0   0   0   0   0   0   0   1   0   0   0   0   0   1   0   3   0   0   0   1   0   1   0   1   0   
255 255 0   0   1   0   2   0   0   0   0   0   2   0   2   0   255 255 0   0   1   0   1   0   255 255 0   0   3   0   3   0   
255 255 0   0   2   0   1   0   0   0   1   0   6   0   5   0   0   0   0   0   4   0   0   0   255 255 0   0   15  0   6   0   
0   0   255 255 1   0   0   0   255 255 255 255 4   0   2   0   0   0   255 255 0   0   255 255 255 255 255 255 0   0   0   0   
0   0   0   0   255 255 2   0   0   0   0   0   0   0   1   0   0   0   0   0   1   0   3   0   0   0   1   0   1   0   2   0   
255 255 0   0   1   0   2   0   0   0   0   0   2   0   2   0   255 255 0   0   1   0   1   0   255 255 0   0   3   0   3   0   
255 255 0   0   2   0   1   0   255 255 1   0   6   0   4   0   0   0   0   0   4   0   0   0   255 255 0   0   15  0   5   0   
0   0   255 255 1   0   0   0   255 255 255 255 4   0   2   0   0   0   255 255 0   0   255 255 255 255 255 255 0   0   0   0   
0   0   0   0   255 255 2   0   0   0   0   0   0   0   1   0   0   0   0   0   1   0   3   0   0   0   1   0   1   0   1   0   
255 255 0   0   1   0   2   0   0   0   0   0   2   0   3   0   255 255 0   0   1   0   1   0   255 255 0   0   2   0   2   0   
255 255 0   0   2   0   1   0   255 255 1   0   6   0   4   0   0   0   0   0   4   0   0   0   255 255 0   0   15  0   5   0   
0   0   255 255 1   0   0   0   255 255 255 255 5   0   2   0   0   0   255 255 0   0   255 255 255 255 255 255 0   0   0   0   
0   0   0   0   255 255 2   0   0   0   0   0   0   0   1   0   0   0   0   0   1   0   3   0   0   0   1   0   1   0   1   0   
255 255 0   0   1   0   2   0   0   0   0   0   2   0   3   0   255 255 0   0   1   0   1   0   255 255 0   0   2   0   2   0   
255 255 0   0   2   0   1   0   255 255 1   0   6   0   4   0   0   0   0   0   4   0   0   0   255 255 0   0   15  0   6   0   
0   0   255 255 1   0   0   0   255 255 255 255 5   0   2   0   0   0   255 255 0   0   255 255 255 255 255 255 0   0   0   0   
0   0   0   0   255 255 2   0   0   0   0   0   0   0   1   0   0   0   0   0   1   0   3   0   0   0   1   0   1   0   1   0   
255 255 0   0   1   0   2   0   0   0   0   0   2   0   3   0   255 255 0   0   1   0   1   0   255 255 0   0   2   0   2   0   
255 255 0   0   2   0   1   0   255 255 1   0   6   0   5   0   0   0   0   0   4   0   0   0   255 255 0   0   15  0   6   0   
0   0   255 255 1   0   0   0   255 255 255 255 4   0   2   0   0   0   255 255 0   0   254 255 255 255 255 255 0   0   0   0   
0   0   0   0   0   0   3   0   0   0   0   0   0   0   1   0   0   0   0   0   1   0   3   0   0   0   1   0   1   0   2   0   
255 255 0   0   1   0   2   0   0   0   0   0   2   0   3   0   255 255 0   0   1   0   2   0   0   0   0   0   2   0   3   0   
255 255 0   0   2   0   1   0   255 255 1   0   5   0   4   0   0   0   0   0   4   0   0   0   255 255 0   0   15  0   5   0   
0   0   255 255 1   0   0   0   255 255 255 255 4   0   2   0   0   0   255 255 0   0   255 255 255 255 255 255 0   0   0   0   
0   0   0   0   0   0   3   0   0   0   0   0   0   0   1   0   0   0   0   0   1   0   3   0   0   0   1   0   1   0   2   0   
255 255 0   0   1   0   2   0   0   0   0   0   2   0   3   0   255 255 0   0   1   0   2   0   0   0   0   0   2   0   3   0   
255 255 0   0   2   0   1   0   255 255 1   0   6   0   5   0   0   0   0   0   4   0   0   0   255 255 0   0   15  0   5   0   
0   0   255 255 1   0   0   0   255 255 255 255 4   0   2   0   0   0   0   0   0   0   255 255 255 255 255 255 0   0   0   0   
0   0   0   0   0   0   2   0   0   0   0   0   0   0   1   0   0   0   0   0   1   0   3   0   0   0   1   0   1   0   2   0   
255 255 0   0   1   0   2   0   0   0   0   0   2   0   3   0   255 255 0   0   1   0   1   0   0   0   0   0   2   0   3   0   
255 255 0   0   2   0   1   0   255 255 1   0   6   0   5   0   0   0   0   0   4   0   0   0   255 255 0   0   15  0   5   0   
0   0   255 255 1   0   0   0   255 255 255 255 4   0   2   0   0   0   0   0   0   0   255 255 255 255 255 255 0   0   0   0   
0   0   0   0   0   0   2   0   0   0   0   0   0   0   1   0   0   0   0   0   1   0   3   0   0   0   1   0   1   0   2   0   
255 255 0   0   1   0   2   0   0   0   0   0   2   0   3   0   255 255 0   0   1   0   2   0   0   0   0   0   2   0   3   0   
255 255 0   0   2   0   1   0   255 255 1   0   6   0   5   0   0   0   0   0   4   0   0   0   255 255 0   0   15  0   5   0   
0   0   255 255 1   0   0   0   255 255 255 255 4   0   2   0   0   0   0   0   0   0   255 255 255 255 255 255 0   0   0   0   
0   0   0   0   0   0   2   0   0   0   0   0   0   0   1   0   0   0   0   0   1   0   3   0   0   0   1   0   1   0   2   0   
255 255 0   0   1   0   2   0   0   0   0   0   2   0   3   0   255 255 0   0   1   0   2   0   0   0   0   0   2   0   3   0   
255 255 0   0   2   0   1   0   255 255 1   0   6   0   4   0   0   0   0   0   4   0   0   0   255 255 0   0   15  0   5   0   
0   0   255 255 1   0   0   0   255 255 255 255 4   0   2   0   0   0   0   0   0   0   255 255 255 255 255 255 0   0   0   0   
0   0   0   0   0   0   2   0   0   0   0   0   0   0   1   0   0   0   0   0   1   0   3   0   0   0   1   0   0   0   2   0   
255 255 0   0   1   0   2   0   0   0   0   0   2   0   2   0   255 255 0   0   1   0   2   0   0   0   0   0   2   0   3   0   
255 255 0   0   2   0   1   0   255 255 1   0   6   0   4   0   0   0   0   0   4   0   0   0   255 255 0   0   15  0   5   0   
0   0   255 255 1   0   0   0   255 255 255 255 4   0   2   0   0   0   0   0   0   0   255 255 255 255 255 255 0   0   0   0   
255 255 0   0   255 255 1   0   0   0   0   0   0   0   1   0   0   0   0   0   1   0   3   0   0   0   1   0   0   0   2   0   
255 255 0   0   1   0   2   0   0   0   0   0   2   0   2   0   255 255 0   0   1   0   2   0   0   0   0   0   2   0   3   0   
255 255 0   0   2   0   1   0   255 255 1   0   6   0   4   0   0   0   0   0   4   0   0   0   255 255 0   0   15  0   5   0   
0   0   255 255 1   0   0   0   255 255 255 255 4   0   2   0   0   0   0   0   0   0   255 255 255 255 255 255 0   0   0   0   
255 255 0   0   255 255 1   0   0   0   0   0   0   0   1   0   0   0   0   0   1   0   3   0   0   0   1   0   0   0   2   0   
255 255 0   0   1   0   2   0   0   0   0   0   2   0   2   0   255 255 0   0   1   0   2   0   0   0   0   0   2   0   3   0   
255 255 0   0   2   0   1   0   255 255 1   0   6   0   4   0   0   0   0   0   4   0   0   0   255 255 0   0   15  0   5   0   
255 255 255 255 1   0   0   0   255 255 255 255 4   0   2   0   0   0   0   0   0   0   255 255 255 255 255 255 0   0   0   0   
255 255 0   0   255 255 1   0   0   0   0   0   0   0   1   0   0   0   0   0   1   0   3   0   0   0   1   0   0   0   1   0   
255 255 0   0   1   0   2   0   0   0   0   0   2   0   2   0   255 255 0   0   1   0   2   0   0   0   0   0   2   0   3   0   
255 255 0   0   2   0   1   0   255 255 1   0   6   0   4   0   0   0   0   0   4   0   0   0   255 255 0   0   15  0   5   0   
255 255 255 255 1   0   0   0   255 255 255 255 4   0   2   0   0   0   0   0   0   0   255 255 255 255 255 255 0   0   0   0   
255 255 0   0   0   0   2   0   0   0   0   0   0   0   1   0   0   0   0   0   1   0   3   0   0   0   1   0   0   0   1   0   
255 255 0   0   1   0   2   0   0   0   0   0   2   0   2   0   255 255 0   0   1   0   1   0   0   0   0   0   2   0   2   0   
255 255 0   0   2   0   1   0   255 255 1   0   6   0   4   0   0   0   0   0   4   0   0   0   255 255 0   0   15  0   5   0   
255 255 255 255 1   0   0   0   255 255 255 255 4   0   2   0   0   0   0   0   0   0   255 255 255 255 255 255 0   0   0   0   
255 255 0   0   0   0   2   0   0   0   0   0   0   0   1   0   0   0   0   0   1   0   3   0   0   0   1   0   0   0   1   0   
255 255 0   0   1   0   2   0   0   0   0   0   2   0   2   0   255 255 0   0   1   0   1   0   0   0   0   0   2   0   2   0   
255 255 0   0   2   0   1   0   255 255 1   0   6   0   4   0   0   0   0   0   4   0   0   0   255 255 0   0   15  0   5   0   
255 255 255 255 1   0   0   0   255 255 255 255 4   0   2   0   0   0   0   0   0   0   255 255 255 255 255 255 0   0   0   0   
255 255 0   0   255 255 2   0   0   0   0   0   0   0   1   0   0   0   0   0   1   0   3   0   0   0   1   0   0   0   1   0   
255 255 0   0   1   0   2   0   0   0   0   0   2   0   2   0   255 255 0   0   1   0   1   0   0   0   0   0   2   0   2   0   
255 255 0   0   2   0   1   0   255 255 1   0   6   0   4   0   0   0   0   0   4   0   0   0   255 255 0   0   15  0   5   0   
255 255 255 255 1   0   0   0   255 255 255 255 4   0   2   0   0   0   0   0   0   0   255 255 255 255 255 255 0   0   0   0   
255 255 0   0   255 255 2   0   0   0   0   0   0   0   1   0   0   0   0   0   1   0   3   0   0   0   1   0   0   0   1   0   
0   0   0   0   1   0   2   0   0   0   0   0   2   0   3   0   255 255 0   0   1   0   1   0   255 255 0   0   2   0   2   0   
255 255 0   0   2   0   1   0   255 255 1   0   6   0   4   0   0   0   0   0   4   0   0   0   255 255 0   0   15  0   5   0   
255 255 255 255 1   0   0   0   255 255 255 255 4   0   2   0   0   0   0   0   0   0   255 255 255 255 255 255 0   0   0   0   
255 255 0   0   0   0   2   0   0   0   0   0   0   0   1   0   0   0   0   0   1   0   3   0   0   0   1   0   0   0   1   0   
0   0   0   0   1   0   2   0   0   0   0   0   2   0   3   0   255 255 0   0   1   0   1   0   255 255 0   0   2   0   2   0   
255 255 0   0   2   0   1   0   255 255 1   0   5   0   4   0   0   0   0   0   4   0   0   0   255 255 0   0   15  0   5   0   
255 255 255 255 1   0   0   0   255 255 255 255 4   0   2   0   0   0   255 255 0   0   255 255 255 255 255 255 0   0   0   0   
255 255 0   0   0   0   2   0   0   0   0   0   0   0   1   0   0   0   0   0   1   0   2   0   0   0   1   0   0   0   1   0   
0   0   0   0   1   0   2   0   0   0   0   0   2   0   3   0   255 255 0   0   1   0   2   0   255 255 0   0   2   0   2   0   
255 255 0   0   2   0   1   0   255 255 1   0   5   0   4   0   0   0   0   0   4   0   0   0   255 255 0   0   15  0   5   0   
255 255 255 255 1   0   0   0   255 255 255 255 4   0   2   0   0   0   255 255 0   0   255 255 255 255 255 255 0   0   0   0   
255 255 0   0   0   0   2   0   0   0   0   0   0   0   1   0   0   0   0   0   1   0   3   0   0   0   1   0   0   0   1   0   
0   0   0   0   1   0   2   0   0   0   0   0   2   0   3   0   255 255 0   0   1   0   2   0   255 255 0   0   2   0   2   0   
255 255 0   0   1   0   1   0   255 255 1   0   6   0   5   0   0   0   0   0   4   0   0   0   255 255 0   0   15  0   5   0   
255 255 255 255 1   0   0   0   255 255 255 255 4   0   2   0   0   0   255 255 0   0   255 255 255 255 255 255 0   0   0   0   
255 255 0   0   0   0   2   0   0   0   0   0   0   0   1   0   0   0   0   0   0   0   3   0   0   0   1   0   0   0   2   0   
0   0   0   0   1   0   2   0   0   0   0   0   2   0   3   0   255 255 0   0   1   0   2   0   255 255 0   0   2   0   2   0   
255 255 0   0   2   0   1   0   255 255 1   0   6   0   4   0   0   0   0   0   4   0   0   0   255 255 0   0   15  0   5   0   
255 255 255 255 1   0   0   0   255 255 255 255 4   0   2   0   0   0   255 255 0   0   255 255 255 255 255 255 0   0   0   0   
255 255 0   0   0   0   2   0   0   0   0   0   0   0   1   0   0   0   0   0   0   0   3   0   0   0   1   0   0   0   2   0   
0   0   0   0   1   0   2   0   0   0   0   0   2   0   3   0   255 255 0   0   1   0   1   0   255 255 0   0   2   0   2   0   
255 255 0   0   2   0   1   0   255 255 1   0   6   0   4   0   0   0   0   0   4   0   0   0   255 255 0   0   15  0   5   0   
255 255 255 255 1   0   0   0   255 255 255 255 4   0   2   0   0   0   255 255 0   0   255 255 255 255 255 255 0   0   0   0   
255 255 0   0   255 255 2   0   0   0   0   0   0   0   1   0   0   0   0   0   0   0   3   0   0   0   1   0   0   0   2   0   
0   0   0   0   1   0   2   0   0   0   0   0   1   0   3   0   255 255 0   0   1   0   2   0   255 255 0   0   2   0   2   0   
255 255 0   0   2   0   1   0   255 255 1   0   6   0   4   0   0   0   0   0   4   0   0   0   255 255 0   0   15  0   5   0   
255 255 255 255 1   0   0   0   255 255 255 255 4   0   2   0   0   0   255 255 0   0   255 255 255 255 255 255 0   0   0   0   
255 255 0   0   255 255 2   0   0   0   0   0   0   0   1   0   0   0   0   0   0   0   3   0   0   0   1   0   0   0   2   0   
0   0   0   0   1   0   2   0   0   0   0   0   1   0   3   0   255 255 0   0   1   0   2   0   255 255 0   0   2   0   2   0   
255 255 0   0   2   0   1   0   255 255 1   0   6   0   4   0   0   0   0   0   4   0   0   0   255 255 0   0   15  0   5   0   
255 255 255 255 1   0   0   0   255 255 255 255 4   0   2   0   0   0   255 255 0   0   255 255 255 255 255 255 0   0   0   0   
255 255 0   0   255 255 2   0   0   0   0   0   0   0   1   0   0   0   0   0   0   0   3   0   0   0   1   0   0   0   2   0   
0   0   0   0   1   0   2   0   0   0   0   0   1   0   3   0   255 255 0   0   1   0   2   0   255 255 0   0   2   0   2   0   
255 255 0   0   2   0   1   0   255 255 1   0   6   0   4   0   0   0   0   0   4   0   0   0   255 255 0   0   15  0   5   0   
255 255 255 255 1   0   255 255 255 255 255 255 4   0   2   0   0   0   255 255 0   0   255 255 255 255 255 255 0   0   0   0   
255 255 0   0   255 255 2   0   0   0   0   0   0   0   1   0   0   0   0   0   0   0   3   0   0   0   1   0   0   0   2   0   
0   0   0   0   1   0   2   0   0   0   0   0   1   0   3   0   255 255 0   0   1   0   2   0   255 255 0   0   2   0   2   0   
255 255 0   0   2   0   1   0   255 255 1   0   6   0   4   0   0   0   0   0   4   0   0   0   255 255 0   0   15  0   5   0   
255 255 255 255 1   0   0   0   255 255 255 255 4   0   2   0   0   0   255 255 0   0   255 255 255 255 255 255 0   0   0   0   
255 255 0   0   255 255 2   0   0   0   0   0   0   0   1   0   0   0   0   0   0   0   3   0   0   0   1   0   1   0   2   0   
0   0   0   0   1   0   2   0   0   0   0   0   1   0   3   0   255 255 0   0   1   0   2   0   255 255 0   0   2   0   2   0   
255 255 0   0   2   0   1   0   255 255 1   0   6   0   4   0   0   0   0   0   4   0   0   0   255 255 0   0   15  0   5   0   
255 255 255 255 1   0   0   0   255 255 255 255 4   0   2   0   0   0   255 255 0   0   255 255 255 255 255 255 0   0   0   0   
255 255 0   0   255 255 2   0   0   0   0   0   0   0   1   0   0   0   0   0   0   0   3   0   0   0   1   0   1   0   2   0   
0   0   0   0   1   0   2   0   0   0   0   0   1   0   3   0   255 255 0   0   1   0   2   0   255 255 0   0   2   0   2   0   
0   0   0   0   2   0   1   0   255 255 1   0   6   0   4   0   0   0   0   0   4   0   0   0   255 255 0   0   15  0   5   0   
255 255 255 255 1   0   0   0   255 255 255 255 4   0   2   0   0   0   255 255 0   0   255 255 255 255 255 255 0   0   0   0   
255 255 0   0   255 255 2   0   0   0   0   0   0   0   1   0   0   0   0   0   0   0   3   0   0   0   1   0   1   0   2   0   
0   0   0   0   1   0   2   0   0   0   0   0   2   0   3   0   255 255 0   0   1   0   2   0   255 255 0   0   3   0   3   0   
0   0   0   0   2   0   1   0   255 255 1   0   6   0   4   0   0   0   0   0   4   0   0   0   255 255 0   0   15  0   5   0   
255 255 255 255 1   0   0   0   255 255 255 255 4   0   2   0   0   0   255 255 0   0   255 255 255 255 255 255 0   0   0   0   
0   0   0   0   255 255 2   0   0   0   0   0   0   0   1   0   0   0   0   0   0   0   3   0   0   0   1   0   1   0   2   0   
0   0   0   0   1   0   2   0   0   0   0   0   2   0   3   0   255 255 0   0   1   0   1   0   255 255 0   0   3   0   3   0   
0   0   0   0   2   0   1   0   255 255 1   0   6   0   4   0   0   0   0   0   4   0   0   0   255 255 0   0   15  0   5   0   
255 255 255 255 1   0   0   0   255 255 255 255 4   0   2   0   0   0   255 255 0   0   255 255 255 255 255 255 0   0   0   0   
0   0   0   0   255 255 2   0   0   0   0   0   0   0   1   0   0   0   0   0   1   0   3   0   0   0   1   0   1   0   2   0   
0   0   0   0   1   0   2   0   0   0   0   0   2   0   3   0   255 255 0   0   1   0   1   0   255 255 0   0   3   0   2   0   
0   0   0   0   2   0   1   0   255 255 1   0   6   0   5   0   0   0   0   0   4   0   0   0   255 255 0   0   15  0   5   0   
255 255 255 255 1   0   0   0   255 255 255 255 4   0   2   0   0   0   255 255 0   0   255 255 255 255 255 255 0   0   0   0   
0   0   0   0   255 255 2   0   0   0   0   0   0   0   1   0   0   0   0   0   1   0   3   0   0   0   1   0   1   0   2   0   
0   0   0   0   1   0   3   0   0   0   0   0   2   0   3   0   255 255 0   0   1   0   1   0   255 255 0   0   3   0   2   0   
0   0   0   0   2   0   1   0   255 255 1   0   6   0   5   0   0   0   0   0   4   0   0   0   255 255 0   0   15  0   5   0   
255 255 255 255 1   0   0   0   255 255 255 255 4   0   2   0   0   0   255 255 0   0   255 255 255 255 255 255 0   0   0   0   
0   0   0   0   255 255 2   0   0   0   0   0   0   0   1   0   0   0   0   0   0   0   3   0   0   0   1   0   0   0   1   0   
0   0   0   0   1   0   2   0   0   0   0   0   2   0   3   0   255 255 0   0   1   0   1   0   255 255 0   0   3   0   3   0   
0   0   0   0   2   0   1   0   255 255 1   0   6   0   5   0   0   0   0   0   4   0   0   0   255 255 0   0   15  0   5   0   
255 255 255 255 1   0   0   0   255 255 255 255 5   0   2   0   0   0   255 255 0   0   255 255 255 255 255 255 0   0   0   0   
0   0   0   0   255 255 2   0   0   0   0   0   0   0   1   0   0   0   0   0   0   0   2   0   0   0   1   0   0   0   1   0   
0   0   0   0   1   0   2   0   0   0   0   0   2   0   3   0   255 255 0   0   1   0   1   0   255 255 0   0   3   0   3   0   
0   0   0   0   2   0   1   0   255 255 1   0   6   0   5   0   0   0   0   0   4   0   0   0   254 255 0   0   15  0   5   0   
255 255 255 255 1   0   0   0   255 255 255 255 5   0   2   0   0   0   255 255 0   0   255 255 255 255 255 255 0   0   0   0   
0   0   0   0   255 255 2   0   0   0   0   0   0   0   1   0   0   0   0   0   0   0   3   0   0   0   1   0   0   0   1   0   
0   0   0   0   1   0   2   0   0   0   0   0   2   0   2   0   255 255 0   0   1   0   1   0   255 255 0   0   3   0   3   0   
0   0   0   0   2   0   1   0   255 255 1   0   6   0   5   0   0   0   0   0   4   0   0   0   255 255 0   0   15  0   5   0   
255 255 255 255 1   0   0   0   254 255 255 255 4   0   2   0   0   0   255 255 0   0   255 255 255 255 255 255 0   0   0   0   
0   0   0   0   255 255 2   0   0   0   0   0   0   0   1   0   0   0   0   0   0   0   3   0   0   0   1   0   0   0   1   0   
0   0   0   0   1   0   2   0   0   0   0   0   2   0   3   0   255 255 0   0   1   0   1   0   255 255 0   0   3   0   3   0   
0   0   0   0   2   0   1   0   255 255 1   0   6   0   5   0   0   0   0   0   4   0   0   0   255 255 0   0   15  0   5   0   
255 255 255 255 1   0   0   0   255 255 255 255 4   0   2   0   0   0   255 255 0   0   255 255 255 255 255 255 0   0   0   0   
0   0   0   0   255 255 2   0   0   0   0   0   0   0   1   0   0   0   0   0   0   0   3   0   0   0   1   0   0   0   1   0   
0   0   0   0   1   0   2   0   0   0   0   0   2   0   3   0   255 255 0   0   1   0   1   0   255 255 0   0   3   0   3   0   
0   0   0   0   2   0   1   0   255 255 1   0   6   0   5   0   0   0   0   0   4   0   0   0   255 255 0   0   15  0   5   0   
255 255 255 255 1   0   0   0   255 255 255 255 4   0   2   0   0   0   255 255 0   0   255 255 255 255 255 255 0   0   0   0   
0   0   0   0   255 255 2   0   0   0   0   0   255 255 0   0   0   0   0   0   0   0   3   0   0   0   1   0   0   0   1   0   
0   0   0   0   1   0   2   0   0   0   0   0   2   0   3   0   255 255 0   0   1   0   1   0   255 255 0   0   3   0   3   0   
0   0   0   0   2   0   1   0   255 255 1   0   6   0   5   0   0   0   0   0   4   0   0   0   255 255 0   0   15  0   5   0   
255 255 255 255 1   0   0   0   255 255 255 255 4   0   2   0   0   0   255 255 0   0   255 255 255 255 255 255 0   0   0   0   
0   0   0   0   255 255 2   0   0   0   0   0   0   0   1   0   0   0   0   0   0   0   3   0   0   0   1   0   0   0   2   0   
0   0   0   0   1   0   2   0   0   0   0   0   2   0   3   0   255 255 0   0   1   0   1   0   0   0   0   0   3   0   3   0   
0   0   0   0   2   0   1   0   255 255 1   0   6   0   5   0   0   0   0   0   4   0   0   0   255 255 0   0   15  0   5   0   
255 255 255 255 1   0   0   0   255 255 255 255 4   0   2   0   0   0   255 255 0   0   255 255 255 255 255 255 0   0   0   0   
0   0   0   0   255 255 2   0   0   0   0   0   0   0   1   0   0   0   0   0   0   0   3   0   0   0   1   0   0   0   2   0   
0   0   0   0   1   0   2   0   0   0   0   0   2   0   3   0   255 255 0   0   1   0   1   0   0   0   0   0   3   0   3   0   
0   0   0   0   2   0   1   0   255 255 1   0   6   0   5   0   0   0   0   0   4   0   0   0   255 255 0   0   15  0   5   0   
255 255 255 255 1   0   0   0   255 255 255 255 4   0   2   0   0   0   255 255 0   0   255 255 255 255 255 255 0   0   0   0   
0   0   0   0   255 255 2   0   255 255 0   0   0   0   0   0   0   0   0   0   0   0   3   0   0   0   1   0   0   0   1   0   
0   0   0   0   1   0   2   0   0   0   0   0   2   0   3   0   255 255 0   0   1   0   1   0   0   0   0   0   3   0   3   0   
0   0   0   0   2   0   1   0   255 255 1   0   6   0   5   0   0   0   0   0   5   0   1   0   255 255 0   0   15  0   5   0   
255 255 255 255 1   0   0   0   255 255 255 255 4   0   2   0   0   0   255 255 0   0   255 255 255 255 255 255 0   0   0   0   
0   0   0   0   255 255 2   0   255 255 0   0   0   0   1   0   0   0   0   0   0   0   3   0   0   0   1   0   0   0   1   0   
0   0   0   0   1   0   2   0   0   0   0   0   2   0   3   0   255 255 0   0   1   0   1   0   0   0   0   0   3   0   3   0   
0   0   0   0   2   0   1   0   255 255 1   0   6   0   5   0   0   0   0   0   5   0   1   0   255 255 0   0   15  0   5   0   
255 255 255 255 1   0   0   0   255 255 255 255 4   0   2   0   0   0   255 255 0   0   255 255 255 255 255 255 0   0   0   0   
0   0   0   0   255 255 2   0   0   0   0   0   0   0   1   0   0   0   0   0   0   0   3   0   0   0   1   0   0   0   1   0   
0   0   0   0   1   0   2   0   0   0   0   0   2   0   3   0   255 255 0   0   1   0   1   0   0   0   0   0   3   0   2   0   
0   0   0   0   2   0   1   0   255 255 1   0   6   0   5   0   0   0   0   0   5   0   1   0   255 255 0   0   15  0   5   0   
255 255 255 255 1   0   0   0   255 255 255 255 4   0   2   0   0   0   255 255 0   0   255 255 255 255 255 255 0   0   0   0   
0   0   0   0   255 255 2   0   0   0   0   0   0   0   1   0   0   0   0   0   0   0   3   0   0   0   1   0   0   0   1   0   
0   0   0   0   1   0   2   0   0   0   0   0   2   0   3   0   255 255 0   0   1   0   1   0   0   0   0   0   2   0   2   0   
0   0   0   0   2   0   1   0   255 255 1   0   6   0   5   0   0   0   0   0   5   0   1   0   255 255 0   0   15  0   5   0   
255 255 255 255 1   0   0   0   255 255 255 255 4   0   2   0   0   0   255 255 0   0   255 255 255 255 255 255 0   0   0   0   
0   0   0   0   255 255 2   0   0   0   0   0   0   0   0   0   0   0   0   0   0   0   3   0   0   0   1   0   0   0   1   0   
255 255 0   0   1   0   2   0   0   0   0   0   2   0   3   0   255 255 0   0   1   0   1   0   0   0   0   0   2   0   2   0   
0   0   0   0   2   0   1   0   255 255 1   0   6   0   5   0   0   0   0   0   5   0   1   0   255 255 0   0   15  0   5   0   
255 255 255 255 1   0   0   0   255 255 255 255 5   0   2   0   0   0   255 255 0   0   255 255 255 255 255 255 0   0   0   0   
0   0   0   0   255 255 2   0   0   0   0   0   0   0   0   0   0   0   0   0   0   0   3   0   0   0   1   0   0   0   1   0   
255 255 0   0   1   0   2   0   0   0   0   0   2   0   3   0   255 255 0   0   1   0   2   0   0   0   0   0   2   0   2   0   
0   0   0   0   2   0   1   0   0   0   1   0   6   0   5   0   0   0   0   0   5   0   1   0   255 255 0   0   15  0   5   0   
255 255 255 255 1   0   0   0   255 255 255 255 5   0   2   0   0   0   255 255 0   0   255 255 255 255 255 255 0   0   0   0   
0   0   0   0   255 255 2   0   0   0   0   0   0   0   1   0   0   0   0   0   1   0   3   0   0   0   1   0   0   0   1   0   
255 255 0   0   1   0   2   0   0   0   0   0   2   0   3   0   255 255 0   0   1   0   2   0   0   0   0   0   2   0   2   0   
0   0   0   0   2   0   1   0   0   0   1   0   6   0   4   0   0   0   0   0   5   0   1   0   255 255 0   0   15  0   5   0   
255 255 255 255 1   0   0   0   255 255 255 255 5   0   2   0   0   0   255 255 0   0   255 255 255 255 255 255 0   0   0   0   
0   0   0   0   255 255 2   0   0   0   0   0   0   0   1   0   0   0   0   0   0   0   3   0   0   0   1   0   1   0   2   0   
255 255 0   0   1   0   2   0   0   0   0   0   2   0   3   0   255 255 0   0   1   0   2   0   0   0   0   0   2   0   2   0   
0   0   0   0   2   0   1   0   0   0   1   0   6   0   4   0   0   0   0   0   5   0   1   0   255 255 0   0   15  0   5   0   
255 255 255 255 1   0   0   0   255 255 255 255 5   0   2   0   0   0   255 255 0   0   255 255 255 255 255 255 0   0   0   0   
0   0   0   0   255 255 2   0   0   0   0   0   0   0   1   0   0   0   0   0   0   0   3   0   0   0   1   0   1   0   2   0   
255 255 0   0   1   0   2   0   0   0   0   0   2   0   3   0   255 255 0   0   1   0   2   0   0   0   0   0   2   0   2   0   
0   0   0   0   2   0   1   0   0   0   1   0   6   0   4   0   0   0   0   0   4   0   0   0   255 255 0   0   15  0   5   0   
255 255 255 255 1   0   0   0   255 255 255 255 5   0   2   0   0   0   255 255 0   0   255 255 255 255 255 255 0   0   0   0   
0   0   0   0   255 255 2   0   0   0   0   0   0   0   1   0   0   0   0   0   0   0   2   0   0   0   1   0   1   0   2   0   
255 255 0   0   1   0   2   0   0   0   0   0   2   0   3   0   255 255 0   0   0   0   1   0   0   0   0   0   2   0   3   0   
0   0   0   0   2   0   1   0   0   0   1   0   6   0   4   0   0   0   0   0   4   0   0   0   255 255 0   0   15  0   5   0   
255 255 255 255 1   0   0   0   255 255 255 255 4   0   2   0   0   0   255 255 0   0   255 255 255 255 255 255 0   0   0   0   
0   0   0   0   255 255 2   0   0   0   0   0   0   0   1   0   0   0   0   0   0   0   2   0   0   0   1   0   1   0   2   0   
255 255 0   0   1   0   3   0   0   0   0   0   2   0   3   0   255 255 0   0   1   0   1   0   0   0   0   0   2   0   3   0   
0   0   0   0   2   0   1   0   0   0   1   0   6   0   4   0   0   0   0   0   4   0   0   0   255 255 0   0   15  0   5   0   
255 255 255 255 1   0   0   0   255 255 255 255 4   0   2   0   255 255 255 255 0   0   255 255 255 255 255 255 0   0   0   0   
0   0   0   0   0   0   2   0   0   0   0   0   0   0   1   0   0   0   0   0   0   0   2   0   0   0   1   0   1   0   2   0   
255 255 0   0   1   0   3   0   0   0   0   0   2   0   2   0   255 255 0   0   1   0   1   0   0   0   0   0   2   0   3   0   
0   0   0   0   2   0   1   0   0   0   1   0   6   0   4   0   0   0   0   0   4   0   0   0   255 255 0   0   15  0   5   0   
255 255 255 255 1   0   0   0   255 255 255 255 4   0   2   0   255 255 0   0   0   0   255 255 255 255 255 255 0   0   0   0   
0   0   0   0   0   0   2   0   0   0   0   0   0   0   1   0   0   0   0   0   0   0   2   0   0   0   1   0   1   0   2   0   
255 255 0   0   1   0   3   0   0   0   0   0   2   0   3   0   255 255 0   0   1   0   1   0   0   0   0   0   2   0   3   0   
0   0   0   0   2   0   1   0   0   0   1   0   6   0   4   0   0   0   0   0   4   0   0   0   255 255 0   0   16  0   5   0   
255 255 255 255 1   0   0   0   255 255 255 255 4   0   2   0   255 255 0   0   0   0   255 255 255 255 255 255 0   0   0   0   
0   0   0   0   0   0   2   0   0   0   0   0   0   0   1   0   0   0   0   0   0   0   2   0   0   0   1   0   1   0   2   0   
255 255 0   0   1   0   3   0   0   0   0   0   2   0   3   0   255 255 0   0   1   0   1   0   0   0   0   0   3   0   3   0   
0   0   0   0   2   0   1   0   0   0   1   0   6   0   4   0   0   0   0   0   4   0   0   0   255 255 0   0   16  0   5   0   
255 255 255 255 1   0   0   0   255 255 255 255 4   0   2   0   255 255 255 255 0   0   255 255 255 255 255 255 0   0   0   0   
0   0   0   0   0   0   2   0   0   0   0   0   0   0   1   0   0   0   0   0   0   0   3   0   0   0   1   0   1   0   2   0   
255 255 0   0   1   0   3   0   0   0   0   0   2   0   3   0   255 255 0   0   1   0   1   0   0   0   0   0   3   0   3   0   
255 255 0   0   2   0   1   0   0   0   1   0   6   0   4   0   0   0   0   0   4   0   0   0   255 255 0   0   15  0   5   0   
255 255 255 255 1   0   255 255 255 255 255 255 4   0   2   0   255 255 255 255 0   0   255 255 255 255 255 255 0   0   0   0   
0   0   0   0   0   0   2   0   0   0   0   0   0   0   1   0   0   0   0   0   1   0   3   0   0   0   1   0   1   0   2   0   
255 255 0   0   1   0   2   0   0   0   0   0   2   0   3   0   255 255 0   0   1   0   1   0   0   0   0   0   2   0   3   0   
255 255 0   0   2   0   1   0   0   0   1   0   6   0   4   0   0   0   0   0   5   0   0   0   255 255 0   0   15  0   5   0   
255 255 255 255 1   0   255 255 255 255 255 255 4   0   2   0   255 255 255 255 0   0   255 255 255 255 255 255 0   0   0   0   
0   0   0   0   255 255 1   0   0   0   0   0   0   0   1   0   0   0   0   0   1   0   3   0   0   0   1   0   1   0   2   0   
0   0   0   0   1   0   3   0   0   0   0   0   2   0   3   0   255 255 0   0   1   0   1   0   0   0   0   0   2   0   3   0   
255 255 0   0   2   0   1   0   0   0   1   0   6   0   4   0   0   0   0   0   5   0   0   0   255 255 0   0   15  0   5   0   
255 255 255 255 1   0   255 255 255 255 255 255 5   0   2   0   255 255 255 255 0   0   255 255 255 255 255 255 0   0   0   0   
0   0   0   0   255 255 2   0   0   0   0   0   0   0   1   0   0   0   0   0   1   0   3   0   0   0   1   0   1   0   2   0   
0   0   0   0   1   0   2   0   0   0   0   0   2   0   3   0   255 255 0   0   1   0   1   0   0   0   0   0   2   0   3   0   
255 255 0   0   2   0   1   0   0   0   1   0   6   0   4   0   0   0   0   0   5   0   0   0   255 255 0   0   15  0   5   0   
255 255 255 255 1   0   255 255 255 255 255 255 5   0   2   0   255 255 255 255 0   0   255 255 255 255 255 255 0   0   0   0   
0   0   0   0   255 255 1   0   0   0   0   0   0   0   1   0   0   0   0   0   1   0   3   0   0   0   1   0   1   0   2   0   
0   0   0   0   1   0   2   0   0   0   0   0   2   0   3   0   255 255 0   0   1   0   2   0   0   0   0   0   2   0   3   0   
255 255 0   0   2   0   1   0   255 255 1   0   6   0   4   0   0   0   0   0   5   0   0   0   255 255 0   0   15  0   5   0   
255 255 255 255 1   0   0   0   255 255 255 255 5   0   2   0   255 255 255 255 0   0   255 255 255 255 255 255 0   0   0   0   
0   0   0   0   255 255 1   0   0   0   0   0   0   0   1   0   0   0   0   0   1   0   3   0   0   0   1   0   1   0   2   0   
0   0   0   0   1   0   2   0   0   0   0   0   2   0   3   0   255 255 0   0   1   0   2   0   0   0   0   0   2   0   3   0   
255 255 0   0   2   0   1   0   0   0   1   0   6   0   5   0   0   0   0   0   4   0   0   0   255 255 0   0   15  0   5   0   
255 255 0   0   1   0   0   0   255 255 255 255 5   0   2   0   255 255 255 255 0   0   255 255 255 255 255 255 0   0   0   0   
0   0   0   0   255 255 2   0   0   0   0   0   0   0   1   0   0   0   0   0   1   0   3   0   0   0   1   0   1   0   2   0   
0   0   0   0   1   0   2   0   0   0   0   0   2   0   3   0   255 255 0   0   1   0   2   0   0   0   0   0   2   0   3   0   
255 255 0   0   2   0   1   0   0   0   1   0   6   0   5   0   0   0   0   0   4   0   0   0   255 255 0   0   15  0   5   0   
255 255 0   0   1   0   0   0   255 255 255 255 5   0   2   0   255 255 255 255 0   0   255 255 255 255 255 255 0   0   0   0   
255 255 0   0   255 255 2   0   0   0   0   0   0   0   1   0   0   0   0   0   1   0   3   0   0   0   1   0   1   0   2   0   
0   0   0   0   1   0   2   0   0   0   0   0   2   0   3   0   255 255 0   0   1   0   1   0   0   0   0   0   2   0   2   0   
255 255 0   0   2   0   1   0   0   0   1   0   6   0   5   0   0   0   0   0   4   0   0   0   255 255 0   0   15  0   5   0   
255 255 0   0   1   0   0   0   255 255 255 255 5   0   2   0   255 255 255 255 0   0   255 255 255 255 255 255 0   0   0   0   
255 255 0   0   255 255 2   0   0   0   0   0   0   0   1   0   0   0   0   0   1   0   3   0   0   0   1   0   1   0   2   0   
0   0   0   0   1   0   2   0   0   0   0   0   2   0   3   0   255 255 0   0   1   0   2   0   0   0   0   0   2   0   2   0   
255 255 0   0   2   0   1   0   0   0   1   0   6   0   5   0   0   0   0   0   4   0   0   0   255 255 0   0   15  0   5   0   
255 255 0   0   1   0   0   0   255 255 255 255 5   0   2   0   255 255 255 255 0   0   254 255 255 255 255 255 0   0   0   0   
255 255 0   0   255 255 2   0   0   0   0   0   0   0   1   0   0   0   0   0   1   0   3   0   0   0   1   0   1   0   2   0   
0   0   0   0   1   0   2   0   0   0   0   0   2   0   3   0   255 255 0   0   1   0   1   0   0   0   0   0   2   0   2   0   
255 255 0   0   2   0   1   0   0   0   1   0   6   0   5   0   0   0   0   0   4   0   0   0   255 255 0   0   15  0   5   0   
255 255 255 255 1   0   0   0   255 255 255 255 5   0   2   0   255 255 255 255 0   0   254 255 255 255 255 255 0   0   0   0   
0   0   0   0   255 255 2   0   0   0   0   0   0   0   1   0   0   0   0   0   1   0   2   0   0   0   1   0   0   0   1   0   
0   0   0   0   1   0   2   0   0   0   0   0   2   0   3   0   255 255 0   0   1   0   1   0   0   0   0   0   2   0   2   0   
255 255 0   0   2   0   1   0   0   0   1   0   6   0   5   0   0   0   0   0   4   0   0   0   255 255 0   0   15  0   5   0   
255 255 255 255 1   0   0   0   255 255 255 255 5   0   2   0   255 255 255 255 0   0   254 255 255 255 255 255 0   0   0   0   
0   0   0   0   255 255 2   0   0   0   0   0   0   0   1   0   0   0   0   0   1   0   3   0   0   0   1   0   0   0   1   0   
0   0   0   0   1   0   2   0   0   0   0   0   2   0   3   0   255 255 0   0   1   0   1   0   0   0   0   0   2   0   2   0   
255 255 0   0   2   0   1   0   255 255 1   0   6   0   4   0   0   0   0   0   4   0   0   0   255 255 0   0   15  0   5   0   
255 255 255 255 1   0   0   0   255 255 255 255 5   0   2   0   255 255 255 255 0   0   254 255 255 255 255 255 0   0   0   0   
255 255 0   0   255 255 2   0   0   0   0   0   0   0   1   0   0   0   0   0   1   0   3   0   0   0   1   0   0   0   1   0   
0   0   0   0   1   0   3   0   0   0   0   0   2   0   3   0   255 255 0   0   1   0   1   0   0   0   0   0   2   0   2   0   
255 255 0   0   2   0   1   0   255 255 1   0   6   0   4   0   0   0   0   0   4   0   0   0   255 255 0   0   15  0   5   0   
255 255 255 255 1   0   0   0   255 255 255 255 4   0   2   0   255 255 255 255 0   0   254 255 255 255 255 255 0   0   0   0   
255 255 0   0   255 255 2   0   0   0   0   0   0   0   1   0   0   0   0   0   1   0   3   0   0   0   1   0   0   0   1   0   
0   0   0   0   1   0   3   0   0   0   0   0   2   0   3   0   255 255 0   0   1   0   1   0   0   0   0   0   2   0   2   0   
255 255 0   0   2   0   1   0   255 255 1   0   5   0   4   0   0   0   0   0   4   0   0   0   255 255 0   0   15  0   5   0   
255 255 255 255 1   0   0   0   255 255 255 255 4   0   2   0   255 255 255 255 0   0   254 255 255 255 255 255 0   0   0   0   
255 255 0   0   255 255 2   0   0   0   0   0   0   0   1   0   0   0   0   0   0   0   3   0   0   0   1   0   0   0   1   0   
0   0   0   0   1   0   2   0   0   0   0   0   2   0   3   0   255 255 0   0   1   0   1   0   0   0   0   0   2   0   2   0   
255 255 0   0   2   0   1   0   255 255 1   0   5   0   4   0   0   0   0   0   4   0   0   0   255 255 0   0   15  0   5   0   
255 255 255 255 1   0   0   0   255 255 255 255 4   0   2   0   255 255 255 255 0   0   254 255 255 255 255 255 0   0   0   0   
255 255 0   0   255 255 2   0   0   0   0   0   0   0   0   0   0   0   0   0   0   0   3   0   0   0   1   0   0   0   1   0   
0   0   0   0   1   0   2   0   0   0   0   0   2   0   3   0   255 255 0   0   1   0   1   0   0   0   0   0   2   0   2   0   
255 