00   0   0   0   1   0   1   0   0   0   0   0   1   0   0   0   0   0   0   0   1   0   0   0   0   0   
0   0   1   0   2   0   2   0   0   0   1   0   1   0   2   0   1   0   3   0   2   0   2   0   1   0   3   0   2   0   1   0   
2   0   3   0   3   0   1   0   0   0   3   0   1   0   1   0   1   0   1   0   1   0   1   0   0   0   2   0   1   0   1   0   
1   0   1   0   1   0   1   0   0   0   0   0   1   0   0   0   1   0   0   0   0   0   0   0   0   0   1   0   0   0   0   0   
0   0   0   0   0   0   0   0   0   0   1   0   1   0   0   0   0   0   0   0   0   0   0   0   0   0   1   0   0   0   0   0   
0   0   1   0   2   0   2   0   0   0   1   0   1   0   2   0   1   0   3   0   2   0   1   0   1   0   3   0   2   0   1   0   
2   0   3   0   3   0   1   0   0   0   3   0   1   0   1   0   1   0   1   0   1   0   0   0   0   0   2   0   1   0   1   0   
1   0   1   0   1   0   1   0   255 255 0   0   0   0   0   0   1   0   0   0   0   0   0   0   0   0   0   0   255 255 255 255 
0   0   255 255 0   0   255 255 0   0   0   0   0   0   0   0   0   0   0   0   0   0   255 255 255 255 0   0   255 255 255 255 
0   0   0   0   1   0   0   0   255 255 0   0   1   0   1   0   1   0   3   0   1   0   0   0   1   0   3   0   2   0   1   0   
2   0   3   0   2   0   0   0   0   0   3   0   1   0   0   0   1   0   1   0   0   0   255 255 0   0   2   0   0   0   0   0   
1   0   1   0   0   0   0   0   255 255 0   0   0   0   0   0   1   0   0   0   0   0   0   0   0   0   0   0   255 255 255 255 
0   0   255 255 0   0   255 255 255 255 0   0   0   0   0   0   0   0   0   0   0   0   255 255 255 255 0   0   255 255 255 255 
0   0   0   0   1   0   0   0   255 255 0   0   1   0   1   0   1   0   3   0   1   0   0   0   1   0   3   0   1   0   0   0   
2   0   3   0   2   0   0   0   0   0   3   0   1   0   0   0   1   0   1   0   0   0   255 255 0   0   2   0   0   0   0   0   
1   0   1   0   0   0   0   0   255 255 0   0   0   0   0   0   1   0   0   0   0   0   0   0   0   0   0   0   255 255 255 255 
0   0   255 255 0   0   255 255 255 255 0   0   0   0   0   0   0   0   0   0   0   0   255 255 255 255 0   0   255 255 255 255 
0   0   0   0   1   0   0   0   255 255 0   0   1   0   1   0   1   0   3   0   1   0   0   0   1   0   3   0   1   0   0   0   
1   0   4   0   2   0   0   0   0   0   3   0   0   0   0   0   1   0   1   0   0   0   255 255 0   0   2   0   0   0   0   0   
1   0   1   0   0   0   0   0   255 255 0   0   0   0   0   0   1   0   0   0   0   0   0   0   0   0   0   0   255 255 255 255 
0   0   255 255 0   0   255 255 255 255 0   0   0   0   0   0   255 255 255 255 0   0   254 255 255 255 0   0   255 255 255 255 
0   0   0   0   1   0   0   0   255 255 0   0   1   0   1   0   1   0   3   0   2   0   0   0   1   0   3   0   1   0   0   0   
1   0   5   0   2   0   0   0   0   0   3   0   0   0   0   0   1   0   2   0   1   0   255 255 0   0   2   0   0   0   0   0   
1   0   1   0   0   0   0   0   255 255 0   0   0   0   0   0   1   0   0   0   0   0   0   0   0   0   0   0   255 255 255 255 
0   0   255 255 0   0   255 255 255 255 0   0   0   0   0   0   0   0   255 255 0   0   255 255 255 255 0   0   255 255 255 255 
0   0   0   0   1   0   0   0   255 255 0   0   1   0   1   0   1   0   4   0   2   0   0   0   1   0   4   0   1   0   0   0   
1   0   5   0   2   0   0   0   0   0   3   0   0   0   0   0   1   0   2   0   1   0   255 255 0   0   2   0   0   0   0   0   
1   0   1   0   0   0   0   0   255 255 0   0   0   0   0   0   1   0   0   0   0   0   0   0   0   0   0   0   255 255 255 255 
0   0   255 255 0   0   255 255 255 255 0   0   0   0   0   0   0   0   255 255 0   0   0   0   255 255 0   0   255 255 255 255 
0   0   0   0   1   0   0   0   255 255 0   0   1   0   1   0   1   0   4   0   2   0   0   0   1   0   3   0   1   0   0   0   
2   0   7   0   1   0   255 255 0   0   3   0   0   0   0   0   1   0   2   0   1   0   255 255 0   0   2   0   0   0   0   0   
1   0   1   0   0   0   0   0   255 255 0   0   0   0   0   0   0   0   0   0   0   0   0   0   0   0   0   0   0   0   255 255 
0   0   255 255 0   0   0   0   255 255 0   0   0   0   0   0   255 255 255 255 0   0   255 255 255 255 0   0   255 255 255 255 
0   0   0   0   1   0   0   0   0   0   0   0   1   0   1   0   1   0   3   0   2   0   255 255 1   0   3   0   1   0   0   0   
2   0   8   0   1   0   255 255 0   0   4   0   0   0   0   0   1   0   2   0   1   0   255 255 0   0   2   0   0   0   0   0   
1   0   1   0   0   0   0   0   255 255 0   0   0   0   0   0   0   0   0   0   0   0   0   0   0   0   0   0   0   0   255 255 
0   0   255 255 0   0   0   0   255 255 0   0   0   0   0   0   255 255 255 255 0   0   255 255 255 255 0   0   255 255 255 255 
0   0   0   0   1   0   0   0   0   0   0   0   1   0   1   0   1   0   3   0   2   0   255 255 1   0   3   0   1   0   0   0   
2   0   9   0   1   0   255 255 0   0   4   0   0   0   0   0   1   0   2   0   1   0   255 255 0   0   2   0   0   0   0   0   
1   0   1   0   0   0   0   0   255 255 0   0   0   0   0   0   0   0   0   0   0   0   0   0   0   0   0   0   0   0   255 255 
0   0   255 255 0   0   0   0   0   0   0   0   0   0   0   0   255 255 255 255 0   0   255 255 255 255 0   0   255 255 255 255 
0   0   0   0   2   0   1   0   0   0   1   0   1   0   1   0   1   0   3   0   2   0   255 255 1   0   3   0   1   0   0   0   
2   0   10  0   1   0   255 255 0   0   4   0   0   0   0   0   1   0   2   0   1   0   255 255 0   0   1   0   0   0   0   0   
1   0   1   0   0   0   0   0   255 255 0   0   0   0   0   0   0   0   0   0   255 255 0   0   0   0   0   0   0   0   0   0   
0   0   255 255 0   0   0   0   0   0   0   0   0   0   0   0   255 255 255 255 0   0   255 255 255 255 255 255 255 255 255 255 
0   0   0   0   2   0   1   0   0   0   1   0   1   0   2   0   1   0   4   0   3   0   255 255 0   0   4   0   1   0   0   0   
2   0   9   0   1   0   255 255 0   0   4   0   0   0   0   0   1   0   2   0   1   0   255 255 0   0   1   0   0   0   0   0   
1   0   1   0   0   0   0   0   255 255 0   0   0   0   0   0   0   0   0   0   255 255 0   0   0   0   0   0   0   0   0   0   
0   0   0   0   0   0   0   0   0   0   0   0   0   0   0   0   255 255 255 255 0   0   255 255 255 255 255 255 255 255 255 255 
0   0   0   0   2   0   1   0   0   0   1   0   1   0   2   0   1   0   4   0   3   0   255 255 0   0   4   0   1   0   0   0   
2   0   9   0   1   0   254 255 0   0   4   0   0   0   0   0   1   0   2   0   1   0   0   0   0   0   1   0   0   0   0   0   
1   0   0   0   0   0   255 255 0   0   0   0   0   0   0   0   0   0   0   0   255 255 0   0   0   0   0   0   0   0   0   0   
0   0   0   0   0   0   0   0   0   0   0   0   0   0   0   0   255 255 255 255 0   0   255 255 255 255 255 255 255 255 255 255 
0   0   0   0   2   0   1   0   0   0   1   0   1   0   2   0   1   0   4   0   3   0   255 255 0   0   4   0   1   0   0   0   
2   0   10  0   1   0   254 255 0   0   4   0   0   0   0   0   1   0   3   0   1   0   0   0   0   0   1   0   0   0   0   0   
1   0   0   0   0   0   255 255 255 255 0   0   0   0   0   0   0   0   0   0   0   0   0   0   0   0   0   0   0   0   0   0   
0   0   0   0   0   0   0   0   0   0   0   0   0   0   0   0   255 255 255 255 0   0   255 255 255 255 255 255 255 255 255 255 
0   0   0   0   2   0   1   0   0   0   1   0   1   0   2   0   1   0   4   0   3   0   255 255 0   0   4   0   1   0   0   0   
2   0   10  0   1   0   254 255 0   0   4   0   0   0   0   0   1   0   3   0   1   0   0   0   0   0   1   0   0   0   0   0   
1   0   0   0   0   0   255 255 255 255 0   0   0   0   0   0   0   0   0   0   0   0   0   0   0   0   0   0   0   0   0   0   
0   0   0   0   0   0   0   0   0   0   0   0   0   0   0   0   255 255 255 255 0   0   255 255 255 255 254 255 255 255 255 255 
0   0   0   0   2   0   1   0   0   0   1   0   1   0   2   0   1   0   4   0   3   0   0   0   0   0   4   0   1   0   0   0   
2   0   10  0   1   0   254 255 0   0   4   0   0   0   0   0   1   0   3   0   1   0   0   0   0   0   1   0   0   0   0   0   
1   0   0   0   0   0   255 255 255 255 0   0   0   0   0   0   0   0   0   0   0   0   0   0   0   0   0   0   0   0   0   0   
0   0   0   0   0   0   0   0   0   0   0   0   0   0   0   0   255 255 255 255 0   0   255 255 255 255 255 255 255 255 255 255 
0   0   0   0   2   0   1   0   0   0   1   0   1   0   2   0   1   0   4   0   3   0   0   0   0   0   4   0   1   0   0   0   
2   0   10  0   1   0   255 255 0   0   5   0   0   0   0   0   1   0   3   0   1   0   0   0   0   0   1   0   0   0   0   0   
1   0   1   0   0   0   255 255 255 255 0   0   0   0   0   0   0   0   0   0   0   0   0   0   0   0   0   0   0   0   0   0   
0   0   0   0   0   0   0   0   0   0   0   0   0   0   0   0   255 255 255 255 0   0   255 255 255 255 255 255 255 255 255 255 
0   0   0   0   2   0   1   0   0   0   1   0   1   0   2   0   1   0   4   0   3   0   0   0   0   0   4   0   1   0   0   0   
2   0   10  0   1   0   255 255 0   0   5   0   0   0   0   0   1   0   3   0   1   0   0   0   0   0   1   0   0   0   0   0   
1   0   1   0   0   0   255 255 255 255 0   0   0   0   0   0   0   0   0   0   0   0   0   0   0   0   0   0   0   0   0   0   
0   0   0   0   0   0   0   0   255 255 0   0   0   0   0   0   255 255 255 255 0   0   255 255 255 255 255 255 255 255 255 255 
0   0   0   0   1   0   0   0   0   0   1   0   1   0   2   0   1   0   4   0   3   0   0   0   0   0   4   0   1   0   0   0   
2   0   11  0   1   0   254 255 0   0   5   0   0   0   0   0   1   0   3   0   1   0   0   0   0   0   1   0   0   0   0   0   
1   0   1   0   0   0   255 255 255 255 0   0   0   0   0   0   0   0   255 255 0   0   0   0   0   0   0   0   0   0   0   0   
0   0   0   0   0   0   0   0   255 255 0   0   0   0   0   0   255 255 255 255 0   0   255 255 255 255 255 255 255 255 255 255 
0   0   0   0   1   0   0   0   0   0   1   0   1   0   2   0   1   0   4   0   3   0   0   0   0   0   4   0   1   0   0   0   
2   0   11  0   1   0   254 255 0   0   5   0   0   0   0   0   1   0   3   0   1   0   0   0   0   0   1   0   0   0   255 255 
1   0   1   0   0   0   255 255 255 255 0   0   0   0   0   0   0   0   255 255 0   0   255 255 0   0   0   0   0   0   0   0   
0   0   0   0   0   0   0   0   255 255 0   0   0   0   0   0   255 255 255 255 0   0   255 255 255 255 255 255 255 255 255 255 
0   0   0   0   1   0   0   0   0   0   1   0   1   0   2   0   1   0   4   0   3   0   0   0   0   0   4   0   1   0   0   0   
2   0   11  0   1   0   254 255 0   0   5   0   0   0   0   0   1   0   3   0   1   0   0   0   0   0   1   0   0   0   0   0   
1   0   1   0   0   0   255 255 255 255 0   0   0   0   0   0   0   0   255 255 0   0   255 255 0   0   0   0   0   0   0   0   
0   0   0   0   0   0   0   0   255 255 0   0   0   0   0   0   255 255 255 255 0   0   255 255 255 255 255 255 255 255 255 255 
0   0   0   0   1   0   0   0   0   0   1   0   1   0   2   0   1   0   4   0   3   0   0   0   0   0   4   0   2   0   0   0   
2   0   11  0   1   0   254 255 0   0   5   0   0   0   0   0   1   0   3   0   1   0   0   0   255 255 1   0   0   0   255 255 
1   0   1   0   0   0   255 255 255 255 0   0   0   0   0   0   0   0   255 255 0   0   255 255 0   0   0   0   0   0   0   0   
0   0   0   0   0   0   0   0   255 255 0   0   0   0   0   0   255 255 255 255 0   0   255 255 255 255 255 255 255 255 255 255 
0   0   0   0   1   0   0   0   0   0   1   0   1   0   2   0   1   0   4   0   3   0   0   0   0   0   4   0   2   0   0   0   
2   0   11  0   1   0   254 255 0   0   5   0   0   0   0   0   1   0   3   0   1   0   0   0   255 255 1   0   0   0   255 255 
1   0   1   0   0   0   255 255 255 255 0   0   0   0   0   0   0   0   255 255 0   0   255 255 0   0   0   0   0   0   0   0   
0   0   0   0   0   0   0   0   255 255 0   0   0   0   0   0   0   0   255 255 0   0   255 255 255 255 255 255 255 255 255 255 
0   0   0   0   1   0   0   0   0   0   1   0   1   0   2   0   1   0   4   0   3   0   0   0   0   0   4   0   1   0   0   0   
2   0   11  0   1   0   254 255 0   0   5   0   0   0   0   0   1   0   3   0   1   0   0   0   255 255 1   0   0   0   255 255 
1   0   1   0   0   0   255 255 255 255 0   0   0   0   255 255 0   0   0   0   0   0   255 255 0   0   0   0   0   0   0   0   
0   0   0   0   0   0   0   0   255 255 0   0   0   0   0   0   0   0   255 255 0   0   255 255 255 255 255 255 255 255 255 255 
0   0   0   0   1   0   0   0   0   0   1   0   1   0   2   0   1   0   4   0   3   0   255 255 0   0   4   0   1   0   0   0   
2   0   11  0   1   0   254 255 0   0   5   0   0   0   0   0   1   0   3   0   1   0   0   0   255 255 1   0   0   0   255 255 
1   0   1   0   0   0   255 255 255 255 0   0   0   0   255 255 0   0   255 255 0   0   255 255 0   0   0   0   0   0   0   0   
0   0   0   0   0   0   0   0   255 255 0   0   0   0   0   0   0   0   255 255 0   0   255 255 255 255 255 255 255 255 255 255 
0   0   0   0   1   0   0   0   0   0   1   0   0   0   1   0   1   0   4   0   3   0   255 255 0   0   4   0   1   0   0   0   
2   0   11  0   1   0   254 255 0   0   4   0   0   0   0   0   1   0   3   0   0   0   0   0   255 255 1   0   0   0   255 255 
1   0   1   0   0   0   255 255 255 255 0   0   0   0   255 255 0   0   255 255 0   0   255 255 0   0   0   0   0   0   0   0   
0   0   0   0   0   0   0   0   255 255 0   0   0   0   0   0   0   0   255 255 0   0   255 255 255 255 255 255 255 255 255 255 
0   0   0   0   1   0   0   0   0   0   1   0   0   0   1   0   1   0   4   0   2   0   255 255 0   0   4   0   1   0   0   0   
2   0   11  0   1   0   254 255 0   0   4   0   0   0   255 255 1   0   3   0   0   0   255 255 255 255 1   0   0   0   255 255 
1   0   1   0   0   0   255 255 255 255 0   0   0   0   255 255 0   0   255 255 0   0   255 255 0   0   0   0   0   0   0   0   
0   0   0   0   0   0   0   0   255 255 0   0   0   0   0   0   0   0   255 255 0   0   255 255 255 255 255 255 255 255 255 255 
255 255 0   0   1   0   0   0   0   0   1   0   0   0   1   0   1   0   4   0   2   0   255 255 0   0   4   0   1   0   0   0   
2   0   11  0   1   0   254 255 0   0   4   0   0   0   255 255 1   0   3   0   0   0   255 255 255 255 1   0   0   0   255 255 
1   0   1   0   0   0   255 255 255 255 0   0   0   0   255 255 0   0   255 255 0   0   255 255 0   0   0   0   0   0   0   0   
0   0   0   0   0   0   0   0   255 255 0   0   0   0   0   0   0   0   255 255 0   0   255 255 255 255 255 255 255 255 255 255 
255 255 0   0   1   0   0   0   0   0   1   0   0   0   1   0   1   0   4   0   2   0   255 255 0   0   4   0   1   0   0   0   
2   0   11  0   1   0   254 255 0   0   4   0   0   0   255 255 1   0   3   0   0   0   255 255 255 255 1   0   0   0   255 255 
1   0   1   0   0   0   255 255 255 255 0   0   0   0   255 255 0   0   255 255 0   0   255 255 0   0   0   0   0   0   0   0   
0   0   0   0   0   0   0   0   255 255 0   0   0   0   0   0   0   0   255 255 0   0   255 255 255 255 255 255 255 255 255 255 
0   0   0   0   1   0   0   0   0   0   1   0   0   0   1   0   1   0   4   0   2   0   255 255 0   0   4   0   1   0   0   0   
2   0   11  0   1   0   254 255 0   0   4   0   0   0   0   0   1   0   3   0   0   0   255 255 255 255 1   0   0   0   255 255 
1   0   1   0   0   0   255 255 255 255 0   0   0   0   255 255 0   0   0   0   0   0   255 255 0   0   0   0   0   0   0   0   
0   0   0   0   0   0   0   0   255 255 0   0   0   0   0   0   0   0   255 255 0   0   255 255 255 255 255 255 255 255 255 255 
0   0   0   0   1   0   0   0   0   0   1   0   0   0   1   0   1   0   4   0   2   0   255 255 0   0   4   0   1   0   0   0   
2   0   11  0   1   0   254 255 0   0   4   0   255 255 255 255 1   0   3   0   0   0   255 255 255 255 1   0   0   0   0   0   
1   0   1   0   0   0   0   0   255 255 0   0   0   0   255 255 0   0   0   0   0   0   255 255 0   0   0   0   0   0   0   0   
0   0   0   0   0   0   0   0   255 255 0   0   0   0   255 255 0   0   255 255 0   0   255 255 255 255 255 255 255 255 255 255 
0   0   0   0   1   0   0   0   0   0   1   0   0   0   1   0   1   0   4   0   2   0   255 255 0   0   4   0   1   0   0   0   
2   0   11  0   1   0   254 255 0   0   4   0   255 255 255 255 1   0   3   0   0   0   255 255 255 255 1   0   0   0   0   0   
0   0   1   0   0   0   255 255 255 255 0   0   0   0   255 255 0   0   0   0   0   0   255 255 255 255 0   0   0   0   0   0   
0   0   0   0   0   0   0   0   255 255 0   0   0   0   255 255 0   0   255 255 0   0   255 255 255 255 255 255 255 255 255 255 
0   0   0   0   1   0   0   0   0   0   1   0   0   0   1   0   1   0   4   0   2   0   255 255 0   0   3   0   1   0   0   0   
2   0   11  0   1   0   254 255 0   0   4   0   255 255 255 255 1   0   3   0   0   0   255 255 255 255 1   0   0   0   255 255 
0   0   1   0   0   0   255 255 255 255 0   0   0   0   255 255 0   0   0   0   0   0   255 255 255 255 0   0   0   0   0   0   
0   0   0   0   0   0   0   0   255 255 0   0   0   0   255 255 0   0   255 255 0   0   255 255 255 255 255 255 255 255 255 255 
0   0   0   0   1   0   0   0   0   0   1   0   0   0   1   0   1   0   4   0   2   0   255 255 0   0   3   0   1   0   0   0   
2   0   11  0   1   0   255 255 0   0   4   0   255 255 255 255 1   0   3   0   0   0   255 255 255 255 1   0   0   0   255 255 
0   0   1   0   0   0   255 255 255 255 0   0   0   0   255 255 0   0   0   0   0   0   255 255 255 255 0   0   0   0   0   0   
0   0   0   0   0   0   0   0   255 255 0   0   0   0   255 255 0   0   255 255 0   0   0   0   255 255 255 255 255 255 255 255 
0   0   0   0   1   0   0   0   0   0   1   0   0   0   1   0   1   0   4   0   2   0   255 255 0   0   3   0   1   0   0   0   
2   0   11  0   1   0   255 255 0   0   4   0   255 255 255 255 1   0   3   0   0   0   255 255 0   0   1   0   0   0   0   0   
0   0   1   0   0   0   255 255 255 255 0   0   0   0   255 255 0   0   0   0   0   0   255 255 255 255 0   0   0   0   0   0   
0   0   0   0   0   0   0   0   255 255 0   0   0   0   255 255 0   0   255 255 0   0   0   0   255 255 255 255 255 255 255 255 
0   0   0   0   1   0   0   0   0   0   1   0   0   0   1   0   1   0   4   0   2   0   255 255 0   0   3   0   1   0   0   0   
2   0   11  0   1   0   255 255 0   0   5   0   0   0   0   0   1   0   3   0   0   0   255 255 0   0   1   0   0   0   0   0   
0   0   1   0   0   0   255 255 255 255 0   0   0   0   255 255 0   0   0   0   0   0   255 255 255 255 0   0   0   0   0   0   
0   0   0   0   0   0   0   0   255 255 0   0   0   0   255 255 0   0   255 255 0   0   255 255 255 255 255 255 255 255 255 255 
0   0   0   0   2   0   1   0   0   0   1   0   0   0   1   0   1   0   4   0   2   0   255 255 0   0   3   0   1   0   0   0   
2   0   11  0   1   0   254 255 0   0   5   0   0   0   0   0   1   0   3   0   0   0   255 255 0   0   1   0   255 255 255 255 
0   0   1   0   0   0   255 255 255 255 0   0   0   0   255 255 0   0   0   0   0   0   0   0   255 255 0   0   0   0   0   0   
0   0   0   0   0   0   0   0   255 255 0   0   0   0   255 255 0   0   255 255 0   0   255 255 255 255 255 255 255 255 255 255 
0   0   0   0   1   0   1   0   0   0   1   0   0   0   1   0   1   0   4   0   2   0   255 255 0   0   3   0   1   0   0   0   
2   0   11  0   1   0   254 255 0   0   5   0   0   0   0   0   1   0   3   0   0   0   255 255 0   0   1   0   255 255 255 255 
0   0   1   0   0   0   255 255 255 255 0   0   0   0   255 255 0   0   0   0   0   0   0   0   255 255 0   0   0   0   0   0   
0   0   0   0   255 255 0   0   255 255 0   0   0   0   255 255 0   0   255 255 0   0   255 255 255 255 255 255 255 255 255 255 
0   0   0   0   1   0   1   0   0   0   1   0   0   0   1   0   1   0   4   0   2   0   255 255 0   0   3   0   1   0   0   0   
2   0   11  0   1   0   254 255 0   0   5   0   0   0   0   0   1   0   3   0   0   0   255 255 0   0   1   0   255 255 255 255 
0   0   1   0   0   0   255 255 255 255 0   0   0   0   255 255 0   0   0   0   0   0   0   0   255 255 0   0   0   0   0   0   
0   0   0   0   0   0   0   0   255 255 255 255 0   0   255 255 0   0   255 255 0   0   255 255 255 255 255 255 255 255 255 255 
0   0   0   0   1   0   0   0   0   0   0   0   0   0   1   0   1   0   4   0   2   0   255 255 0   0   3   0   1   0   0   0   
2   0   11  0   1   0   254 255 0   0   5   0   0   0   0   0   1   0   3   0   0   0   255 255 0   0   1   0   255 255 255 255 
0   0   1   0   0   0   255 255 255 255 0   0   0   0   255 255 0   0   0   0   0   0   0   0   0   0   0   0   0   0   0   0   
0   0   0   0   0   0   0   0   255 255 0   0   0   0   255 255 0   0   255 255 0   0   255 255 255 255 255 255 255 255 255 255 
0   0   0   0   1   0   0   0   0   0   0   0   0   0   1   0   1   0   4   0   2   0   255 255 0   0   3   0   1   0   0   0   
2   0   11  0   1   0   254 255 0   0   5   0   0   0   0   0   1   0   3   0   0   0   255 255 0   0   1   0   255 255 255 255 
0   0   1   0   0   0   255 255 255 255 0   0   0   0   255 255 0   0   0   0   0   0   0   0   0   0   0   0   0   0   0   0   
0   0   0   0   0   0   0   0   255 255 0   0   0   0   255 255 0   0   255 255 0   0   255 255 255 255 255 255 255 255 255 255 
0   0   0   0   1   0   0   0   0   0   0   0   1   0   2   0   1   0   4   0   2   0   255 255 0   0   3   0   1   0   0   0   
2   0   11  0   1   0   254 255 0   0   5   0   0   0   0   0   1   0   3   0   0   0   255 255 0   0   1   0   255 255 255 255 
0   0   1   0   0   0   255 255 255 255 0   0   0   0   255 255 0   0   0   0   0   0   0   0   0   0   0   0   0   0   0   0   
0   0   0   0   0   0   0   0   255 255 0   0   0   0   255 255 0   0   255 255 0   0   255 255 255 255 255 255 255 255 255 255 
0   0   0   0   1   0   0   0   0   0   0   0   1   0   2   0   1   0   4   0   2   0   255 255 0   0   3   0   1   0   0   0   
2   0   11  0   1   0   254 255 0   0   5   0   0   0   0   0   1   0   3   0   0   0   255 255 0   0   1   0   255 255 255 255 
0   0   1   0   0   0   255 255 255 255 0   0   0   0   255 255 0   0   0   0   0   0   0   0   0   0   0   0   0   0   0   0   
0   0   0   0   0   0   0   0   255 255 0   0   0   0   255 255 0   0   255 255 0   0   255 255 255 255 255 255 255 255 255 255 
0   0   0   0   1   0   0   0   0   0   0   0   1   0   2   0   1   0   4   0   2   0   255 255 0   0   3   0   1   0   0   0   
2   0   11  0   1   0   254 255 0   0   5   0   0   0   0   0   1   0   3   0   0   0   255 255 0   0   1   0   0   0   255 255 
0   0   1   0   0   0   255 255 255 255 0   0   0   0   255 255 0   0   0   0   0   0   0   0   0   0   0   0   0   0   0   0   
0   0   0   0   0   0   0   0   255 255 255 255 0   0   255 255 0   0   255 255 0   0   255 255 255 255 255 255 255 255 255 255 
0   0   0   0   1   0   0   0   0   0   0   0   1   0   2   0   1   0   4   0   2   0   255 255 0   0   3   0   1   0   0   0   
2   0   11  0   1   0   254 255 0   0   4   0   255 255 255 255 1   0   3   0   0   0   255 255 0   0   1   0   0   0   255 255 
0   0   1   0   0   0   255 255 255 255 0   0   0   0   255 255 0   0   0   0   0   0   0   0   0   0   0   0   0   0   0   0   
0   0   0   0   0   0   0   0   255 255 255 255 0   0   255 255 0   0   255 255 0   0   255 255 255 255 255 255 255 255 255 255 
0   0   0   0   1   0   1   0   0   0   0   0   1   0   2   0   1   0   4   0   2   0   255 255 0   0   3   0   1   0   0   0   
2   0   11  0   1   0   254 255 0   0   4   0   255 255 255 255 1   0   3   0   0   0   0   0   0   0   1   0   0   0   255 255 
0   0   1   0   0   0   255 255 255 255 0   0   0   0   255 255 0   0   0   0   0   0   0   0   0   0   0   0   0   0   0   0   
0   0   0   0   0   0   0   0   255 255 255 255 0   0   255 255 0   0   255 255 0   0   255 255 255 255 255 255 255 255 255 255 
255 255 0   0   1   0   0   0   0   0   0   0   1   0   1   0   1   0   4   0   2   0   255 255 0   0   3   0   1   0   0   0   
2   0   11  0   1   0   254 255 0   0   4   0   255 255 255 255 1   0   3   0   0   0   0   0   0   0   1   0   0   0   255 255 
0   0   1   0   0   0   255 255 255 255 0   0   0   0   255 255 0   0   0   0   0   0   0   0   0   0   0   0   0   0   0   0   
0   0   0   0   0   0   0   0   255 255 255 255 0   0   255 255 0   0   255 255 0   0   255 255 255 255 255 255 255 255 255 255 
255 255 0   0   1   0   0   0   0   0   0   0   1   0   1   0   1   0   4   0   2   0   255 255 0   0   3   0   1   0   0   0   
2   0   11  0   1   0   254 255 0   0   4   0   255 255 255 255 1   0   3   0   0   0   0   0   0   0   1   0   0   0   255 255 
0   0   1   0   0   0   255 255 255 255 1   0   0   0   255 255 0   0   0   0   0   0   0   0   0   0   0   0   0   0   0   0   
0   0   0   0   0   0   255 255 0   0   0   0   0   0   255 255 0   0   255 255 0   0   255 255 255 255 255 255 255 255 255 255 
0   0   0   0   1   0   0   0   0   0   1   0   1   0   2   0   1   0   4   0   2   0   255 255 0   0   3   0   1   0   0   0   
2   0   11  0   1   0   254 255 0   0   4   0   255 255 255 255 1   0   3   0   0   0   255 255 0   0   1   0   0   0   0   0   
0   0   1   0   0   0   255 255 255 255 1   0   0   0   255 255 0   0   0   0   0   0   0   0   0   0   0   0   0   0   0   0   
0   0   0   0   0   0   255 255 0   0   0   0   0   0   255 255 0   0   255 255 0   0   255 255 255 255 255 255 255 255 255 255 
0   0   0   0   1   0   0   0   0   0   1   0   1   0   2   0   1   0   4   0   2   0   255 255 0   0   3   0   1   0   0   0   
2   0   11  0   1   0   254 255 0   0   4   0   255 255 255 255 1   0   3   0   0   0   255 255 0   0   1   0   0   0   0   0   
0   0   1   0   0   0   255 255 255 255 1   0   0   0   255 255 0   0   0   0   0   0   0   0   0   0   0   0   0   0   0   0   
0   0   0   0   0   0   0   0   0   0   0   0   0   0   0   0   0   0   255 255 0   0   255 255 255 255 255 255 255 255 255 255 
0   0   0   0   1   0   0   0   0   0   1   0   1   0   2   0   1   0   4   0   2   0   255 255 0   0   3   0   1   0   0   0   
2   0   11  0   1   0   254 255 0   0   4   0   0   0   255 255 1   0   3   0   0   0   255 255 255 255 1   0   0   0   0   0   
0   0   1   0   0   0   255 255 255 255 1   0   0   0   255 255 0   0   0   0   0   0   0   0   0   0   0   0   0   0   0   0   
0   0   0   0   0   0   0   0   0   0   0   0   0   0   0   0   0   0   255 255 0   0   255 255 255 255 255 255 255 255 255 255 
0   0   0   0   1   0   0   0   0   0   0   0   1   0   1   0   1   0   4   0   2   0   255 255 0   0   3   0   1   0   0   0   
2   0   11  0   1   0   254 255 0   0   4   0   0   0   255 255 1   0   3   0   0   0   255 255 255 255 1   0   0   0   0   0   
0   0   1   0   0   0   255 255 255 255 1   0   0   0   255 255 0   0   0   0   0   0   0   0   0   0   0   0   0   0   0   0   
0   0   0   0   0   0   0   0   0   0   0   0   0   0   0   0   0   0   255 255 0   0   255 255 255 255 255 255 255 255 255 255 
0   0   0   0   1   0   0   0   0   0   0   0   1   0   1   0   1   0   4   0   2   0   255 255 0   0   3   0   1   0   0   0   
2   0   11  0   1   0   254 255 0   0   4   0   0   0   0   0   1   0   3   0   0   0   0   0   255 255 1   0   0   0   0   0   
0   0   1   0   0   0   255 255 255 255 1   0   0   0   255 255 0   0   0   0   0   0   0   0   0   0   0   0   0   0   0   0   
0   0   0   0   0   0   0   0   0   0   0   0   0   0   0   0   255 255 255 255 0   0   255 255 255 255 255 255 255 255 255 255 
0   0   0   0   1   0   0   0   0   0   0   0   1   0   1   0   1   0   4   0   2   0   0   0   0   0   4   0   1   0   0   0   
2   0   11  0   1   0   254 255 0   0   4   0   0   0   0   0   1   0   3   0   0   0   0   0   255 255 1   0   255 255 255 255 
0   0   1   0   0   0   255 255 255 255 1   0   0   0   255 255 0   0   0   0   0   0   0   0   0   0   0   0   0   0   0   0   
0   0   0   0   0   0   0   0   0   0   0   0   0   0   0   0   255 255 255 255 0   0   255 255 255 255 255 255 255 255 255 255 
0   0   0   0   1   0   0   0   0   0   0   0   1   0   1   0   1   0   4   0   2   0   255 255 0   0   3   0   1   0   0   0   
2   0   11  0   1   0   254 255 0   0   5   0   0   0   0   0   1   0   3   0   0   0   255 255 255 255 1   0   255 255 255 255 
0   0   1   0   0   0   255 255 255 255 1   0   0   0   255 255 0   0   0   0   0   0   0   0   0   0   0   0   0   0   0   0   
0   0   0   0   0   0   0   0   0   0   0   0   0   0   0   0   255 255 255 255 0   0   255 255 255 255 255 255 255 255 255 255 
0   0   0   0   1   0   0   0   0   0   0   0   1   0   1   0   1   0   4   0   2   0   255 255 0   0   3   0   1   0   0   0   
2   0   11  0   1   0   254 255 0   0   5   0   0   0   0   0   1   0   3   0   0   0   0   0   255 255 1   0   255 255 255 255 
0   0   1   0   0   0   255 255 255 255 0   0   0   0   255 255 0   0   0   0   0   0   0   0   0   0   0   0   0   0   0   0   
0   0   0   0   0   0   0   0   0   0   0   0   0   0   0   0   255 255 255 255 0   0   255 255 255 255 255 255 255 255 255 255 
0   0   0   0   1   0   0   0   0   0   0   0   1   0   1   0   1   0   4   0   2   0   255 255 0   0   3   0   1   0   0   0   
2   0   11  0   1   0   254 255 0   0   5   0   0   0   0   0   1   0   3   0   0   0   0   0   255 255 1   0   255 255 255 255 
0   0   1   0   0   0   255 255 255 255 0   0   0   0   255 255 0   0   0   0   0   0   0   0   0   0   0   0   0   0   0   0   
0   0   0   0   0   0   0   0   255 255 255 255 0   0   0   0   255 255 255 255 0   0   255 255 255 255 255 255 255 255 255 255 
0   0   0   0   1   0   0   0   0   0   1   0   1   0   2   0   1   0   4   0   2   0   255 255 0   0   3   0   1   0   0   0   
3   0   11  0   1   0   254 255 0   0   5   0   0   0   0   0   1   0   3   0   0   0   0   0   255 255 1   0   255 255 255 255 
0   0   1   0   0   0   255 255 255 255 0   0   0   0   255 255 0   0   0   0   0   0   0   0   0   0   0   0   0   0   0   0   
0   0   0   0   0   0   0   0   255 255 0   0   0   0   0   0   255 255 255 255 0   0   255 255 255 255 255 255 255 255 255 255 
0   0   0   0   1   0   0   0   0   0   1   0   1   0   2   0   1   0   4   0   2   0   0   0   0   0   3   0   1   0   0   0   
3   0   11  0   1   0   255 255 0   0   4   0   0   0   255 255 1   0   3   0   0   0   0   0   255 255 1   0   255 255 255 255 
0   0   1   0   0   0   255 255 255 255 0   0   0   0   255 255 0   0   0   0   0   0   0   0   0   0   0   0   0   0   0   0   
0   0   0   0   0   0   0   0   255 255 0   0   0   0   0   0   255 255 255 255 0   0   255 255 255 255 255 255 255 255 255 255 
0   0   0   0   1   0   0   0   0   0   1   0   1   0   2   0   1   0   4   0   2   0   0   0   0   0   3   0   1   0   0   0   
3   0   11  0   1   0   254 255 0   0   4   0   0   0   255 255 1   0   3   0   0   0   255 255 255 255 1   0   255 255 255 255 
0   0   1   0   0   0   255 255 255 255 0   0   0   0   255 255 0   0   0   0   0   0   0   0   255 255 0   0   0   0   0   0   
0   0   0   0   0   0   0   0   255 255 0   0   0   0   0   0   255 255 255 255 0   0   255 255 255 255 255 255 255 255 255 255 
0   0   0   0   1   0   0   0   0   0   1   0   1   0   2   0   1   0   4   0   2   0   255 255 0   0   3   0   1   0   0   0   
3   0   11  0   1   0   254 255 0   0   4   0   0   0   255 255 1   0   3   0   0   0   0   0   255 255 1   0   255 255 255 255 
0   0   1   0   0   0   255 255 255 255 0   0   0   0   255 255 0   0   0   0   0   0   0   0   255 255 0   0   0   0   0   0   
0   0   0   0   0   0   0   0   255 255 255 255 0   0   0   0   255 255 255 255 0   0   255 255 255 255 255 255 255 255 255 255 
0   0   0   0   1   0   1   0   0   0   1   0   1   0   2   0   1   0   4   0   2   0   255 255 0   0   3   0   1   0   0   0   
3   0   11  0   1   0   255 255 0   0   4   0   0   0   0   0   1   0   3   0   0   0   255 255 255 255 1   0   0   0   255 255 
0   0   1   0   0   0   255 255 255 255 0   0   0   0   255 255 0   0   0   0   0   0   0   0   0   0   0   0   0   0   0   0   
0   0   0   0   0   0   0   0   255 255 255 255 0   0   0   0   255 255 255 255 0   0   255 255 255 255 255 255 255 255 255 255 
0   0   0   0   1   0   0   0   0   0   1   0   1   0   2   0   1   0   4   0   2   0   255 255 0   0   3   0   1   0   0   0   
3   0   11  0   1   0   255 255 0   0   4   0   0   0   0   0   1   0   3   0   0   0   255 255 255 255 1   0   0   0   255 255 
0   0   1   0   0   0   255 255 255 255 0   0   0   0   255 255 0   0   0   0   0   0   0   0   0   0   0   0   0   0   0   0   
0   0   0   0   0   0   0   0   255 255 255 255 0   0   255 255 255 255 255 255 0   0   255 255 255 255 255 255 255 255 255 255 
0   0   0   0   1   0   0   0   0   0   0   0   0   0   1   0   1   0   4   0   2   0   255 255 0   0   3   0   1   0   0   0   
3   0   12  0   1   0   255 255 0   0   4   0   0   0   0   0   1   0   3   0   0   0   255 255 255 255 1   0   0   0   255 255 
0   0   1   0   0   0   255 255 255 255 0   0   0   0   255 255 0   0   0   0   0   0   0   0   255 255 0   0   0   0   0   0   
0   0   0   0   0   0   0   0   255 255 255 255 0   0   255 255 255 255 255 255 0   0   255 255 255 255 255 255 255 255 255 255 
0   0   0   0   1   0   0   0   0   0   0   0   0   0   1   0   1   0   4   0   2   0   255 255 0   0   3   0   1   0   0   0   
3   0   12  0   0   0   254 255 0   0   4   0   0   0   255 255 1   0   3   0   0   0   255 255 255 255 1   0   0   0   255 255 
0   0   1   0   0   0   255 255 255 255 0   0   0   0   255 255 0   0   0   0   0   0   0   0   255 255 0   0   0   0   0   0   
0   0   0   0   0   0   255 255 255 255 255 255 0   0   255 255 255 255 255 255 0   0   255 255 255 255 255 255 255 255 255 255 
0   0   0   0   1   0   0   0   0   0   1   0   0   0   1   0   1   0   4   0   2   0   255 255 0   0   4   0   1   0   0   0   
3   0   12  0   0   0   254 255 0   0   4   0   0   0   255 255 1   0   3   0   0   0   255 255 255 255 1   0   0   0   255 255 
0   0   1   0   0   0   255 255 255 255 0   0   0   0   255 255 0   0   0   0   0   0   0   0   255 255 0   0   0   0   0   0   
0   0   0   0   0   0   255 255 255 255 255 255 0   0   255 255 255 255 255 255 0   0   255 255 255 255 255 255 255 255 255 255 
0   0   0   0   1   0   0   0   0   0   1   0   0   0   1   0   1   0   4   0   2   0   255 255 0   0   4   0   1   0   0   0   
3   0   12  0   1   0   254 255 0   0   4   0   0   0   255 255 1   0   3   0   0   0   255 255 255 255 1   0   0   0   255 255 
0   0   1   0   0   0   255 255 255 255 0   0   0   0   255 255 0   0   0   0   0   0   0   0   255 255 0   0   0   0   0   0   
0   0   0   0   0   0   255 255 255 255 255 255 0   0   255 255 255 255 255 255 0   0   255 255 255 255 255 255 255 255 255 255 
0   0   0   0   1   0   0   0   0   0   1   0   1   0   2   0   1   0   5   0   2   0   0   0   0   0   4   0   1   0   0   0   
3   0   12  0   1   0   254 255 0   0   4   0   0   0   255 255 1   0   3   0   0   0   255 255 255 255 1   0   0   0   255 255 
0   0   1   0   0   0   255 255 255 255 0   0   0   0   255 255 0   0   0   0   0   0   0   0   255 255 0   0   0   0   0   0   
0   0   0   0   0   0   255 255 255 255 255 255 0   0   255 255 255 255 255 255 0   0   255 255 255 255 255 255 255 255 255 255 
0   0   0   0   1   0   0   0   0   0   1   0   1   0   2   0   1   0   5   0   2   0   0   0   0   0   4   0   1   0   0   0   
3   0   12  0   1   0   254 255 0   0   4   0   0   0   255 255 1   0   3   0   0   0   0   0   255 255 1   0   0   0   255 255 
0   0   1   0   0   0   255 255 255 255 0   0   0   0   255 255 0   0   0   0   0   0   0   0   255 255 0   0   0   0   0   0   
0   0   0   0   0   0   255 255 255 255 255 255 0   0   255 255 255 255 255 255 0   0   255 255 255 255 255 255 255 255 255 255 
0   0   0   0   1   0   0   0   0   0   1   0   1   0   2   0   1   0   5   0   2   0   0   0   0   0   4   0   1   0   0   0   
3   0   12  0   1   0   254 255 0   0   4   0   0   0   0   0   1   0   3   0   0   0   0   0   255 255 1   0   0   0   255 255 
0   0   1   0   0   0   255 255 255 255 0   0   0   0   255 255 0   0   0   0   0   0   255 255 255 255 0   0   0   0   0   0   
0   0   0   0   0   0   255 255 255 255 255 255 0   0   255 255 255 255 255 255 0   0   255 255 255 255 255 255 255 255 255 255 
0   0   0   0   1   0   0   0   0   0   1   0   1   0   2   0   1   0   5   0   2   0   255 255 0   0   4   0   1   0   0   0   
3   0   12  0   1   0   254 255 0   0   4   0   0   0   0   0   1   0   3   0   1   0   0   0   255 255 1   0   0   0   255 255 
0   0   1   0   0   0   255 255 255 255 0   0   0   0   255 255 0   0   0   0   0   0   255 255 255 255 0   0   0   0   0   0   
0   0   0   0   0   0   0   0   255 255 255 255 0   0   255 255 255 255 255 255 0   0   255 255 255 255 255 255 255 255 255 255 
0   0   0   0   1   0   0   0   0   0   1   0   1   0   2   0   1   0   5   0   2   0   255 255 0   0   4   0   1   0   0   0   
3   0   12  0   1   0   254 255 0   0   4   0   0   0   0   0   1   0   3   0   1   0   0   0   255 255 1   0   255 255 255 255 
0   0   1   0   0   0   255 255 255 255 0   0   0   0   255 255 0   0   0   0   0   0   255 255 255 255 0   0   0   0   0   0   
0   0   0   0   0   0   0   0   0   0   0   0   0   0   0   0   255 255 255 255 0   0   255 255 255 255 255 255 255 255 255 255 
0   0   0   0   1   0   0   0   0   0   1   0   1   0   2   0   1   0   5   0   2   0   255 255 0   0   4   0   1   0   0   0   
3   0   12  0   1   0   254 255 0   0   4   0   0   0   0   0   1   0   3   0   1   0   0   0   255 255 1   0   255 255 255 255 
0   0   1   0   0   0   255 255 255 255 0   0   0   0   255 255 0   0   0   0   0   0   255 255 0   0   0   0   0   0   0   0   
0   0   0   0   0   0   0   0   0   0   0   0   0   0   0   0   255 255 255 255 0   0   255 255 255 255 255 255 255 255 255 255 
0   0   0   0   1   0   0   0   0   0   1   0   1   0   2   0   1   0   5   0   2   0   255 255 0   0   4   0   1   0   0   0   
3   0   12  0   1   0   254 255 0   0   4   0   0   0   0   0   1   0   3   0   1   0   0   0   255 255 1   0   255 255 255 255 
0   0   1   0   0   0   255 255 255 255 0   0   0   0   255 255 0   0   0   0   0   0   255 255 0   0   0   0   0   0   0   0   
0   0   0   0   0   0   0   0   0   0   0   0   0   0   0   0   255 255 255 255 0   0   255 255 255 255 255 255 255 255 255 255 
0   0   0   0   1   0   0   0   0   0   1   0   1   0   2   0   1   0   5   0   2   0   255 255 0   0   4   0   1   0   0   0   
3   0   12  0   1   0   254 255 0   0   4   0   0   0   0   0   1   0   3   0   0   0   255 255 255 255 1   0   255 255 255 255 
0   0   1   0   0   0   255 255 255 255 0   0   0   0   255 255 0   0   0   0   0   0   0   0   255 255 0   0   0   0   0   0   
0   0   0   0   0   0   0   0   0   0   0   0   0   0   0   0   0   0   255 255 0   0   255 255 255 255 255 255 255 255 255 255 
0   0   0   0   1   0   1   0   0   0   1   0   1   0   2   0   1   0   5   0   2   0   255 255 0   0   4   0   1   0   0   0   
3   0   12  0   1   0   254 255 0   0   5   0   0   0   0   0   1   0   3   0   0   0   255 255 255 255 1   0   255 255 255 255 
0   0   1   0   0   0   255 255 255 255 0   0   0   0   255 255 0   0   0   0   0   0   0   0   255 255 0   0   0   0   0   0   
0   0   0   0   0   0   0   0   0   0   0   0   0   0   0   0   0   0   255 255 0   0   255 255 255 255 255 255 255 255 255 255 
0   0   0   0   1   0   1   0   0   0   1   0   1   0   2   0   1   0   5   0   2   0   255 255 0   0   4   0   1   0   0   0   
3   0   12  0   1   0   254 255 0   0   5   0   0   0   0   0   1   0   3   0   0   0   255 255 255 255 1   0   0   0   0   0   
0   0   1   0   0   0   255 255 255 255 0   0   0   0   255 255 0   0   0   0   0   0   0   0   255 255 0   0   0   0   0   0   
255 255 255 255 255 255 255 255 255 255 0   0   0   0   0   0   0   0   255 255 0   0   255 255 255 255 255 255 255 255 255 255 
0   0   0   0   1   0   1   0   0   0   1   0   1   0   2   0   1   0   5   0   2   0   255 255 0   0   4   0   1   0   0   0   
2   0   12  0   1   0   254 255 0   0   5   0   0   0   0   0   1   0   3   0   0   0   255 255 255 255 1   0   0   0   0   0   
0   0   1   0   0   0   255 255 255 255 0   0   0   0   255 255 0   0   0   0   0   0   0   0   255 255 0   0   0   0   0   0   
255 255 255 255 255 255 255 255 255 255 0   0   0   0   0   0   0   0   255 255 0   0   255 255 254 255 255 255 255 255 255 255 
0   0   0   0   1   0   1   0   0   0   1   0   1   0   2   0   1   0   5   0   2   0   255 255 0   0   4   0   1   0   0   0   
2   0   12  0   1   0   255 255 0   0   5   0   0   0   0   0   1   0   3   0   0   0   255 255 255 255 1   0   0   0   0   0   
0   0   1   0   0   0   255 255 255 255 0   0   0   0   255 255 0   0   0   0   0   0   0   0   255 255 0   0   0   0   0   0   
0   0   0   0   0   0   0   0   255 255 0   0   0   0   0   0   0   0   255 255 0   0   255 255 255 255 255 255 255 255 255 255 
0   0   0   0   1   0   1   0   0   0   1   0   1   0   2   0   1   0   5   0   2   0   0   0   0   0   4   0   1   0   0   0   
2   0   12  0   1   0   255 255 0   0   5   0   0   0   0   0   1   0   3   0   0   0   255 255 255 255 1   0   0   0   0   0   
0   0   1   0   0   0   255 255 255 255 0   0   0   0   255 255 0   0   0   0   0   0   0   0   255 255 0   0   0   0   0   0   
0   0   0   0   0   0   0   0   255 255 0   0   0   0   0   0   0   0   255 255 0   0   255 255 255 255 255 255 255 255 255 255 
0   0   0   0   2   0   1   0   0   0   1   0   1   0   2   0   1   0   5   0   2   0   0   0   0   0   4   0   1   0   0   0   
2   0   12  0   1   0   255 255 0   0   5   0   0   0   255 255 1   0   3   0   0   0   0   0   255 255 1   0   0   0   0   0   
0   0   1   0   0   0   255 255 255 255 0   0   0   0   255 255 0   0   0   0   0   0   0   0   0   0   0   0   0   0   0   0   
0   0   0   0   0   0   0   0   255 255 0   0   0   0   0   0   0   0   255 255 0   0   255 255 255 255 255 255 255 255 255 255 
0   0   0   0   1   0   1   0   0   0   1   0   1   0   1   0   1   0   5   0   2   0   0   0   0   0   4   0   1   0   0   0   
2   0   12  0   1   0   255 255 0   0   5   0   0   0   255 255 1   0   3   0   0   0   0   0   255 255 1   0   255 255 255 255 
0   0   1   0   0   0   255 255 255 255 0   0   0   0   255 255 0   0   0   0   0   0   0   0   0   0   0   0   0   0   0   0   
0   0   0   0   0   0   0   0   255 255 0   0   0   0   0   0   0   0   255 255 0   0   255 255 255 255 255 255 255 255 255 255 
0   0   0   0   2   0   1   0   0   0   1   0   1   0   2   0   1   0   5   0   2   0   0   0   0   0   4   0   1   0   0   0   
2   0   12  0   1   0   255 255 0   0   5   0   0   0   255 255 1   0   3   0   0   0   0   0   255 255 1   0   255 255 255 255 
0   0   1   0   0   0   255 255 255 255 0   0   0   0   255 255 0   0   0   0   0   0   0   0   0   0   0   0   0   0   0   0   
0   0   0   0   0   0   0   0   255 255 0   0   0   0   0   0   0   0   255 255 0   0   0   0   255 255 255 255 255 255 255 255 
255 255 0   0   1   0   1   0   0   0   1   0   1   0   2   0   1   0   5   0   2   0   255 255 0   0   4   0   1   0   0   0   
2   0   12  0   1   0   254 255 0   0   5   0   255 255 255 255 1   0   3   0   0   0   255 255 255 255 1   0   255 255 255 255 
0   0   1   0   0   0   255 255 255 255 0   0   0   0   255 255 0   0   0   0   0   0   0   0   0   0   0   0   0   0   0   0   
0   0   0   0   0   0   0   0   255 255 255 255 0   0   255 255 0   0   255 255 0   0   0   0   255 255 255 255 255 255 255 255 
255 255 0   0   1   0   1   0   0   0   1   0   1   0   2   0   1   0   5   0   2   0   255 255 0   0   4   0   1   0   0   0   
2   0   12  0   1   0   254 255 0   0   5   0   255 255 255 255 1   0   3   0   0   0   255 255 255 255 1   0   255 255 255 255 
0   0   1   0   0   0   255 255 255 255 0   0   0   0   255 255 0   0   0   0   0   0   0   0   0   0   0   0   0   0   0   0   
0   0   0   0   0   0   0   0   255 255 255 255 0   0   255 255 0   0   255 255 0   0   0   0   255 255 255 255 255 255 255 255 
255 255 0   0   1   0   1   0   0   0   1   0   1   0   2   0   1   0   5   0   2   0   255 255 0   0   4   0   1   0   0   0   
2   0   12  0   1   0   254 255 0   0   4   0   255 255 255 255 1   0   3   0   0   0   255 255 255 255 1   0   255 255 255 255 
0   0   1   0   255 255 255 255 255 255 0   0   0   0   255 255 0   0   0   0   0   0   0   0   255 255 0   0   0   0   0   0   
0   0   0   0   0   0   0   0   255 255 255 255 0   0   255 255 0   0   255 255 0   0   0   0   255 255 255 255 255 255 255 255 
255 255 0   0   1   0   1   0   0   0   1   0   1   0   2   0   1   0   5   0   2   0   255 255 0   0   4   0   1   0   0   0   
2   0   12  0   1   0   254 255 0   0   4   0   255 255 255 255 1   0   3   0   0   0   255 255 255 255 1   0   255 255 255 255 
0   0   1   0   255 255 255 255 255 255 0   0   0   0   255 255 0   0   0   0   0   0   0   0   255 255 0   0   0   0   0   0   
0   0   0   0   0   0   0   0   255 255 255 255 0   0   255 255 0   0   255 255 0   0   0   0   255 255 255 255 255 255 255 255 
255 255 0   0   1   0   1   0   0   0   1   0   1   0   2   0   1   0   5   0   2   0   255 255 0   0   4   0   1   0   0   0   
2   0   12  0   1   0   254 255 0   0   4   0   255 255 255 255 1   0   3   0   0   0   255 255 255 255 1   0   255 255 255 255 
0   0   1   0   255 255 255 255 255 255 0   0   0   0   255 255 0   0   0   0   0   0   0   0   255 255 0   0   0   0   0   0   
0   0   0   0   0   0   0   0   255 255 255 255 0   0   255 255 255 255 255 255 0   0   255 255 255 255 255 255 255 255 255 255 
0   0   0   0   1   0   1   0   0   0   1   0   1   0   2   0   1   0   5   0   2   0   255 255 0   0   4   0   1   0   0   0   
2   0   12  0   1   0   254 255 0   0   4   0   255 255 255 255 1   0   3   0   0   0   255 255 255 255 1   0   255 255 255 255 
0   0   1   0   255 255 255 255 255 255 0   0   0   0   255 255 0   0   0   0   0   0   0   0   255 255 0   0   0   0   0   0   
0   0   0   0   0   0   0   0   255 255 255 255 0   0   255 255 255 255 255 255 0   0   255 255 255 255 255 255 255 255 255 255 
0   0   0   0   1   0   1   0   0   0   1   0   1   0   2   0   1   0   5   0   2   0   255 255 0   0   4   0   1   0   0   0   
2   0   12  0   1   0   254 255 0   0   4   0   255 255 255 255 1   0   3   0   0   0   255 255 255 255 1   0   255 255 255 255 
0   0   1   0   255 255 255 255 255 255 0   0   0   0   255 255 0   0   0   0   0   0   0   0   255 255 0   0   0   0   0   0   
0   0   0   0   0   0   0   0   255 255 255 255 0   0   255 255 255 255 255 255 0   0   255 255 255 255 255 255 255 255 255 255 
0   0   0   0   1   0   1   0   0   0   1   0   1   0   2   0   1   0   5   0   2   0   255 255 0   0   4   0   1   0   0   0   
2   0   12  0   1   0   254 255 0   0   4   0   255 255 255 255 1   0   3   0   0   0   255 255 255 255 1   0   255 255 255 255 
0   0   1   0   255 255 255 255 255 255 0   0   0   0   255 255 0   0   0   0   0   0   0   0   255 255 0   0   0   0   0   0   
0   0   0   0   0   0   0   0   255 255 255 255 0   0   255 255 255 255 255 255 0   0   0   0   255 255 255 255 255 255 255 255 
0   0   0   0   1   0   1   0   0   0   1   0   1   0   2   0   1   0   5   0   2   0   255 255 0   0   4   0   1   0   0   0   
3   0   12  0   0   0   254 255 0   0   4   0   0   0   255 255 1   0   3   0   0   0   255 255 255 255 1   0   255 255 255 255 
0   0   1   0   255 255 255 255 255 255 0   0   0   0   255 255 0   0   0   0   0   0   0   0   255 255 0   0   0   0   0   0   
0   0   0   0   0   0   0   0   255 255 255 255 0   0   255 255 255 255 255 255 0   0   0   0   255 255 255 255 255 255 255 255 
0   0   0   0   1   0   1   0   0   0   1   0   1   0   2   0   1   0   5   0   2   0   255 255 0   0   4   0   1   0   0   0   
3   0   12  0   0   0   254 255 0   0   4   0   0   0   255 255 1   0   3   0   0   0   255 255 255 255 1   0   255 255 255 255 
0   0   0   0   255 255 255 255 255 255 0   0   0   0   255 255 0   0   0   0   0   0   0   0   255 255 0   0   0   0   0   0   
0   0   0   0   0   0   0   0   255 255 255 255 0   0   255 255 255 255 254 255 0   0   255 255 255 255 255 255 255 255 255 255 
0   0   0   0   1   0   1   0   0   0   1   0   1   0   2   0   1   0   5   0   2   0   255 255 0   0   4   0   1   0   0   0   
3   0   12  0   0   0   254 255 0   0   4   0   0   0   255 255 1   0   3   0   0   0   255 255 255 255 1   0   255 255 255 255 
0   0   0   0   255 255 255 255 255 255 0   0   0   0   255 255 0   0   0   0   0   0   0   0   255 255 0   0   0   0   0   0   
0   0   0   0   0   0   0   0   255 255 255 255 0   0   255 255 255 255 255 255 0   0   255 255 255 255 255 255 255 255 255 255 
0   0   0   0   1   0   1   0   0   0   1   0   1   0   2   0   1   0   5   0   2   0   255 255 0   0   4   0   1   0   0   0   
3   0   12  0   1   0   254 255 0   0   4   0   255 255 255 255 1   0   3   0   0   0   255 255 255 255 1   0   255 255 255 255 
0   0   0   0   255 255 255 255 255 255 0   0   0   0   255 255 0   0   0   0   0   0   0   0   255 255 0   0   255 255 0   0   
0   0   0   0   0   0   0   0   255 255 255 255 255 255 255 255 255 255 255 255 0   0   255 255 255 255 255 255 255 255 255 255 
0   0   0   0   1   0   1   0   0   0   1   0   1   0   2   0   1   0   5   0   2   0   255 255 0   0   4   0   1   0   0   0   
3   0   12  0   1   0   254 255 0   0   4   0   255 255 255 255 1   0   3   0   0   0   255 255 255 255 1   0   255 255 255 255 
0   0   0   0   255 255 255 255 255 255 0   0   0   0   255 255 0   0   0   0   0   0   0   0   255 255 0   0   255 255 0   0   
0   0   0   0   0   0   0   0   0   0   0   0   0   0   0   0   255 255 255 255 0   0   255 255 255 255 255 255 255 255 255 255 
0   0   0   0   1   0   1   0   0   0   1   0   1   0   2   0   1   0   5   0   2   0   255 255 0   0   4   0   1   0   0   0   
3   0   12  0   0   0   254 255 0   0   4   0   255 255 255 255 1   0   3   0   0   0   255 255 255 255 1   0   255 255 255 255 
0   0   1   0   0   0   255 255 255 255 0   0   0   0   255 255 0   0   0   0   0   0   0   0   255 255 0   0   255 255 0   0   
0   0   0   0   0   0   0   0   0   0   0   0   0   0   0   0   255 255 255 255 0   0   255 255 255 255 255 255 255 255 255 255 
0   0   0   0   1   0   0   0   0   0   1   0   1   0   2   0   1   0   5   0   2   0   255 255 0   0   4   0   1   0   0   0   
3   0   12  0   1   0   254 255 0   0   5   0   0   0   0   0   1   0   3   0   0   0   255 255 255 255 1   0   255 255 255 255 
0   0   1   0   0   0   255 255 255 255 0   0   0   0   255 255 0   0   0   0   0   0   0   0   255 255 0   0   0   0   0   0   
0   0   0   0   0   0   0   0   0   0   0   0   0   0   0   0   255 255 255 255 0   0   255 255 255 255 255 255 255 255 255 255 
0   0   0   0   1   0   1   0   0   0   1   0   1   0   2   0   1   0   5   0   2   0   255 255 0   0   4   0   1   0   0   0   
3   0   12  0   1   0   254 255 0   0   5   0   0   0   0   0   1   0   3   0   0   0   255 255 255 255 1   0   255 255 255 255 
0   0   1   0   0   0   255 255 255 255 0   0   0   0   255 255 0   0   0   0   0   0   0   0   255 255 0   0   0   0   0   0   
0   0   0   0   0   0   0   0   0   0   0   0   0   0   0   0   255 255 255 255 0   0   255 255 255 255 255 255 255 255 255 255 
0   0   0   0   1   0   1   0   0   0   1   0   1   0   2   0   1   0   5   0   2   0   255 255 0   0   4   0   1   0   0   0   
3   0   12  0   1   0   254 255 0   0   5   0   0   0   0   0   2   0   3   0   0   0   0   0   255 255 1   0   255 255 255 255 
0   0   1   0   0   0   255 255 255 255 0   0   0   0   255 255 0   0   0   0   0   0   0   0   255 255 0   0   0   0   0   0   
0   0   0   0   0   0   0   0   0   0   0   0   0   0   0   0   255 255 255 255 0   0   255 255 255 255 255 255 255 255 255 255 
0   0   0   0   1   0   1   0   0   0   0   0   1   0   1   0   1   0   5   0   2   0   255 255 0   0   4   0   1   0   0   0   
3   0   12  0   1   0   254 255 0   0   5   0   0   0   0   0   2   0   3   0   0   0   255 255 255 255 1   0   255 255 255 255 
0   0   1   0   0   0   255 255 255 255 0   0   0   0   255 255 0   0   0   0   0   0   0   0   255 255 0   0   0   0   0   0   
0   0   0   0   0   0   0   0   0   0   0   0   0   0   0   0   255 255 255 255 0   0   255 255 255 255 255 255 255 255 255 255 
0   0   0   0   1   0   1   0   255 255 0   0   0   0   1   0   1   0   5   0   2   0   255 255 0   0   3   0   1   0   0   0   
3   0   12  0   1   0   254 255 0   0   5   0   0   0   0   0   2   0   3   0   0   0   0   0   255 255 1   0   255 255 255 255 
0   0   1   0   0   0   0   0   255 255 0   0   0   0   255 255 0   0   0   0   0   0   0   0   255 255 0   0   0   0   0   0   
0   0   0   0   0   0   0   0   0   0   0   0   0   0   0   0   255 255 255 255 0   0   255 255 255 255 255 255 255 255 255 255 
0   0   0   0   1   0   1   0   0   0   0   0   0   0   1   0   1   0   5   0   2   0   255 255 0   0   3   0   1   0   0   0   
3   0   12  0   1   0   254 255 0   0   4   0   0   0   0   0   1   0   3   0   0   0   0   0   255 255 1   0   255 255 255 255 
0   0   0   0   255 255 255 255 255 255 0   0   0   0   255 255 0   0   0   0   0   0   0   0   255 255 0   0   0   0   0   0   
0   0   0   0   0   0   0   0   0   0   0   0   0   0   0   0   255 255 255 255 0   0   255 255 255 255 255 255 255 255 255 255 
0   0   0   0   1   0   1   0   0   0   0   0   0   0   1   0   1   0   5   0   2   0   255 255 0   0   3   0   1   0   0   0   
3   0   12  0   1   0   254 255 0   0   4   0   0   0   0   0   1   0   3   0   0   0   255 255 255 255 1   0   255 255 255 255 
0   0   0   0   255 255 255 255 255 255 0   0   0   0   255 255 0   0   0   0   0   0   0   0   255 255 0   0   0   0   0   0   
0   0   0   0   0   0   0   0   0   0   0   0   0   0   0   0   255 255 255 255 0   0   255 255 255 255 255 255 255 255 255 255 
0   0   0   0   1   0   1   0   0   0   0   0   0   0   1   0   1   0   5   0   2   0   255 255 0   0   3   0   1   0   0   0   
3   0   12  0   1   0   254 255 0   0   4   0   0   0   0   0   1   0   3   0   0   0   255 255 255 255 1   0   255 255 255 255 
0   0   0   0   255 255 255 255 255 255 0   0   0   0   255 255 0   0   0   0   0   0   0   0   255 255 0   0   0   0   0   0   
0   0   0   0   0   0   0   0   255 255 0   0   0   0   0   0   255 255 255 255 0   0   255 255 255 255 255 255 255 255 255 255 
0   0   0   0   1   0   1   0   0   0   1   0   1   0   1   0   1   0   5   0   2   0   255 255 0   0   3   0   1   0   0   0   
3   0   12  0   1   0   254 255 0   0   4   0   0   0   0   0   1   0   3   0   0   0   255 255 255 255 1   0   255 255 255 255 
0   0   0   0   255 255 255 255 255 255 0   0   0   0   255 255 0   0   0   0   0   0   0   0   255 255 0   0   0   0   0   0   
0   0   0   0   0   0   0   0   255 255 0   0   0   0   0   0   255 255 255 255 0   0   255 255 255 255 255 255 255 255 255 255 
0   0   0   0   1   0   1   0   0   0   1   0   1   0   1   0   1   0   5   0   2   0   255 255 0   0   3   0   1   0   0   0   
3   0   12  0   1   0   254 255 0   0   4   0   0   0   0   0   1   0   3   0   0   0   255 255 255 255 1   0   255 255 255 255 
0   0   0   0   255 255 255 255 255 255 0   0   0   0   255 255 0   0   0   0   0   0   0   0   255 255 0   0   0   0   0   0   
0   0   0   0   0   0   0   0   255 255 255 255 0   0   0   0   255 255 255 255 0   0   255 255 255 255 255 255 255 255 255 255 
0   0   0   0   1   0   0   0   0   0   1   0   1   0   1   0   1   0   5   0   2   0   255 255 0   0   3   0   1   0   0   0   
3   0   12  0   1   0   254 255 0   0   4   0   0   0   0   0   1   0   3   0   0   0   255 255 255 255 1   0   255 255 255 255 
0   0   0   0   255 255 255 255 255 255 0   0   0   0   255 255 0   0   0   0   0   0   0   0   255 255 0   0   0   0   0   0   
0   0   0   0   0   0   0   0   255 255 0   0   0   0   0   0   255 255 255 255 0   0   255 255 255 255 255 255 255 255 255 255 
255 255 0   0   1   0   0   0   0   0   1   0   1   0   1   0   1   0   5   0   2   0   255 255 0   0   3   0   1   0   0   0   
3   0   12  0   1   0   254 255 0   0   4   0   0   0   0   0   1   0   3   0   0   0   255 255 255 255 1   0   255 255 255 255 
0   0   0   0   255 255 255 255 255 255 0   0   0   0   255 255 0   0   0   0   0   0   0   0   255 255 0   0   0   0   0   0   
0   0   0   0   0   0   0   0   255 255 0   0   0   0   0   0   255 255 255 255 0   0   255 255 255 255 0   0   255 255 255 255 
255 255 0   0   1   0   0   0   0   0   1   0   1   0   1   0   1   0   5   0   2   0   255 255 0   0   3   0   1   0   0   0   
3   0   12  0   1   0   254 255 0   0   4   0   0   0   255 255 1   0   3   0   0   0   255 255 255 255 1   0   255 255 255 255 
0   0   0   0   255 255 255 255 255 255 0   0   0   0   255 255 0   0   0   0   0   0   0   0   0   0   0   0   0   0   0   0   
0   0   0   0   0   0   0   0   255 255 0   0   0   0   0   0   255 255 255 255 0   0   0   0   255 255 255 255 255 255 255 255 
255 255 0   0   1   0   0   0   0   0   1   0   1   0   1   0   1   0   5   0   2   0   255 255 0   0   3   0   1   0   0   0   
3   0   12  0   1   0   254 255 0   0   4   0   0   0   255 255 1   0   3   0   0   0   0   0   255 255 1   0   255 255 255 255 
0   0   1   0   255 255 255 255 255 255 0   0   0   0   255 255 0   0   0   0   0   0   0   0   0   0   0   0   0   0   0   0   
0   0   0   0   0   0   0   0   255 255 0   0   0   0   0   0   255 255 255 255 0   0   0   0   255 255 255 255 255 255 255 255 
255 255 0   0   1   0   0   0   0   0   1   0   1   0   1   0   1   0   5   0   2   0   255 255 0   0   3   0   1   0   0   0   
3   0   12  0   1   0   254 255 0   0   4   0   0   0   255 255 1   0   3   0   0   0   255 255 255 255 1   0   255 255 255 255 
0   0   1   0   255 255 255 255 255 255 0   0   0   0   255 255 0   0   255 255 0   0   255 255 0   0   0   0   0   0   0   0   
0   0   0   0   0   0   0   0   255 255 0   0   0   0   0   0   255 255 255 255 0   0   0   0   255 255 255 255 255 255 255 255 
255 255 0   0   1   0   0   0   0   0   1   0   1   0   1   0   1   0   5   0   2   0   255 255 0   0   3   0   1   0   0   0   
3   0   12  0   1   0   254 255 0   0   4   0   0   0   255 255 1   0   3   0   0   0   255 255 255 255 1   0   255 255 255 255 
0   0   1   0   255 255 255 255 255 255 0   0   0   0   255 255 0   0   255 255 0   0   255 255 0   0   0   0   0   0   0   0   
0   0   255 255 0   0   255 255 255 255 0   0   0   0   0   0   255 255 255 255 0   0   255 255 255 255 255 255 255 255 255 255 
255 255 0   0   1   0   0   0   0   0   0   0   1   0   1   0   1   0   5   0   2   0   255 255 0   0   3   0   1   0   0   0   
3   0   12  0   1   0   254 255 0   0   4   0   0   0   0   0   1   0   3   0   0   0   255 255 255 255 1   0   255 255 255 255 
0   0   1   0   255 255 255 255 255 255 0   0   0   0   255 255 0   0   255 255 0   0   255 255 0   0   0   0   0   0   0   0   
0   0   0   0   0   0   255 255 255 255 0   0   0   0   0   0   255 255 255 255 0   0   255 255 255 255 255 255 255 255 255 255 
255 255 0   0   1   0   0   0   0   0   0   0   1   0   1   0   1   0   5   0   2   0   255 255 0   0   3   0   1   0   0   0   
3   0   12  0   1   0   254 255 0   0   4   0   0   0   0   0   1   0   3   0   0   0   0   0   255 255 1   0   255 255 255 255 
0   0   1   0   0   0   0   0   255 255 0   0   0   0   255 255 0   0   255 255 0   0   255 255 0   0   0   0   0   0   0   0   
0   0   0   0   0   0   255 255 255 255 0   0   0   0   0   0   255 255 255 255 0   0   255 255 255 255 255 255 255 255 255 255 
255 255 0   0   1   0   0   0   0   0   0   0   1   0   1   0   1   0   5   0   2   0   255 255 0   0   3   0   1   0   0   0   
3   0   12  0   0   0   254 255 0   0   4   0   0   0   0   0   1   0   3   0   0   0   255 255 255 255 1   0   255 255 255 255 
0   0   1   0   0   0   0   0   255 255 0   0   0   0   255 255 0   0   255 255 0   0   255 255 0   0   0   0   0   0   0   0   
0   0   0   0   0   0   255 255 255 255 0   0   0   0   0   0   255 255 255 255 0   0   255 255 255 255 255 255 255 255 255 255 
255 255 0   0   1   0   0   0   0   0   0   0   1   0   1   0   1   0   5   0   2   0   0   0   0   0   3   0   1   0   0   0   
3   0   12  0   1   0   254 255 0   0   4   0   0   0   255 255 1   0   3   0   0   0   255 255 255 255 1   0   255 255 255 255 
0   0   1   0   0   0   0   0   255 255 0   0   0   0   255 255 0   0   255 255 0   0   255 255 255 255 0   0   0   0   0   0   
0   0   0   0   0   0   255 255 255 255 0   0   0   0   0   0   255 255 255 255 0   0   255 255 255 255 255 255 255 255 255 255 
255 255 0   0   1   0   0   0   0   0   0   0   1   0   1   0   1   0   4   0   2   0   255 255 0   0   3   0   1   0   0   0   
3   0   12  0   0   0   254 255 0   0   4   0   0   0   255 255 1   0   3   0   0   0   255 255 255 255 1   0   255 255 255 255 
0   0   1   0   0   0   0   0   255 255 0   0   255 255 255 255 0   0   255 255 0   0   255 255 255 255 0   0   0   0   0   0   
0   0   0   0   0   0   0   0   255 255 0   0   0   0   0   0   255 255 255 255 0   0   255 255 255 255 255 255 255 255 255 255 
255 255 0   0   1   0   0   0   0   0   0   0   1   0   1   0   1   0   4   0   2   0   255 255 0   0   4   0   1   0   0   0   
3   0   12  0   1   0   254 255 0   0   4   0   0   0   255 255 1   0   3   0   0   0   0   0   255 255 1   0   255 255 255 255 
0   0   1   0   0   0   0   0   255 255 0   0   255 255 255 255 0   0   255 255 0   0   255 255 255 255 0   0   0   0   0   0   
0   0   0   0   0   0   0   0   255 255 0   0   0   0   0   0   255 255 255 255 0   0   255 255 255 255 255 255 255 255 255 255 
255 255 0   0   1   0   0   0   0   0   0   0   1   0   1   0   1   0   4   0   2   0   255 255 0   0   4   0   1   0   0   0   
3   0   12  0   1   0   254 255 0   0   4   0   0   0   255 255 1   0   3   0   0   0   0   0   255 255 1   0   255 255 255 255 
0   0   1   0   0   0   0   0   255 255 0   0   255 255 255 255 0   0   255 255 0   0   255 255 255 255 0   0   0   0   0   0   
0   0   0   0   0   0   0   0   255 255 255 255 0   0   0   0   255 255 255 255 0   0   255 255 255 255 255 255 255 255 255 255 
255 255 0   0   2   0   1   0   0   0   0   0   1   0   1   0   1   0   4   0   2   0   255 255 0   0   4   0   1   0   0   0   
3   0   12  0   1   0   254 255 0   0   4   0   0   0   255 255 1   0   3   0   0   0   0   0   255 255 1   0   255 255 255 255 
0   0   1   0   0   0   0   0   255 255 0   0   255 255 255 255 0   0   255 255 0   0   255 255 255 255 0   0   0   0   0   0   
0   0   0   0   0   0   0   0   255 255 255 255 0   0   0   0   255 255 255 255 0   0   255 255 255 255 255 255 255 255 255 255 
255 255 0   0   1   0   0   0   0   0   0   0   1   0   1   0   1   0   4   0   2   0   255 255 0   0   4   0   1   0   0   0   
3   0   12  0   1   0   254 255 0   0   4   0   0   0   255 255 1   0   3   0   0   0   0   0   255 255 1   0   255 255 255 255 
0   0   1   0   0   0   0   0   255 255 0   0   255 255 255 255 0   0   255 255 0   0   255 255 255 255 0   0   0   0   0   0   
0   0   0   0   0   0   0   0   255 255 255 255 0   0   0   0   255 255 255 255 0   0   255 255 255 255 255 255 255 255 255 255 
255 255 0   0   1   0   0   0   0   0   0   0   1   0   1   0   1   0   4   0   2   0   255 255 0   0   3   0   1   0   0   0   
3   0   12  0   1   0   254 255 0   0   4   0   0   0   255 255 1   0   3   0   0   0   0   0   255 255 1   0   255 255 255 255 
0   0   1   0   0   0   0   0   255 255 0   0   255 255 255 255 0   0   255 255 0   0   255 255 255 255 0   0   0   0   0   0   
0   0   0   0   0   0   0   0   255 255 255 255 0   0   0   0   255 255 255 255 0   0   255 255 255 255 255 255 255 255 255 255 
255 255 0   0   1   0   0   0   0   0   0   0   1   0   1   0   1   0   4   0   2   0   255 255 0   0   3   0   1   0   0   0   
3   0   12  0   1   0   254 255 0   0   4   0   255 255 255 255 1   0   3   0   0   0   0   0   255 255 1   0   255 255 255 255 
0   0   1   0   0   0   0   0   255 255 0   0   0   0   255 255 0   0   0   0   0   0   255 255 255 255 0   0   0   0   0   0   
0   0   0   0   0   0   0   0   255 255 255 255 0   0   0   0   255 255 255 255 0   0   255 255 255 255 255 255 255 255 255 255 
255 255 0   0   1   0   0   0   0   0   0   0   1   0   1   0   1   0   4   0   2   0   255 255 0   0   3   0   1   0   0   0   
3   0   12  0   1   0   254 255 0   0   4   0   0   0   255 255 1   0   3   0   0   0   0   0   255 255 1   0   255 255 255 255 
0   0   1   0   0   0   0   0   255 255 0   0   0   0   255 255 0   0   0   0   0   0   255 255 255 255 0   0   0   0   0   0   
0   0   0   0   0   0   0   0   255 255 0   0   0   0   0   0   255 255 255 255 0   0   255 255 255 255 255 255 255 255 255 255 
255 255 0   0   1   0   0   0   0   0   0   0   1   0   1   0   1   0   4   0   2   0   255 255 0   0   3   0   1   0   0   0   
3   0   12  0   1   0   254 255 0   0   5   0   0   0   0   0   1   0   3   0   0   0   0   0   255 255 1   0   255 255 255 255 
0   0   1   0   0   0   0   0   255 255 0   0   0   0   255 255 0   0   0   0   0   0   255 255 255 255 0   0   0   0   0   0   
0   0   0   0   0   0   0   0   255 255 0   0   0   0   0   0   255 255 255 255 0   0   255 255 255 255 255 255 255 255 255 255 
255 255 0   0   1   0   0   0   0   0   0   0   1   0   1   0   1   0   5   0   2   0   255 255 0   0   3   0   1   0   0   0   
3   0   12  0   1   0   254 255 0   0   5   0   0   0   0   0   1   0   3   0   0   0   255 255 255 255 1   0   255 255 255 255 
0   0   1   0   0   0   0   0   255 255 0   0   0   0   255 255 0   0   0   0   0   0   255 255 255 255 0   0   0   0   0   0   
0   0   0   0   0   0   0   0   255 255 0   0   0   0   0   0   255 255 255 255 0   0   255 255 255 255 255 255 255 255 255 255 
255 255 0   0   1   0   0   0   0   0   0   0   1   0   1   0   1   0   5   0   2   0   255 255 0   0   4   0   1   0   0   0   
3   0   12  0   1   0   254 255 0   0   5   0   0   0   0   0   1   0   3   0   0   0   255 255 255 255 1   0   255 255 255 255 
0   0   1   0   0   0   0   0   255 255 0   0   0   0   255 255 0   0   0   0   0   0   255 255 255 255 0   0   0   0   0   0   
0   0   0   0   0   0   0   0   255 255 0   0   0   0   0   0   255 255 255 255 0   0   255 255 0   0   255 255 255 255 255 255 
255 255 0   0   1   0   0   0   0   0   0   0   1   0   1   0   1   0   5   0   2   0   255 255 0   0   4   0   1   0   0   0   
3   0   12  0   1   0   254 255 0   0   5   0   0   0   0   0   1   0   3   0   0   0   255 255 255 255 1   0   255 255 255 255 
0   0   1   0   0   0   0   0   255 255 0   0   0   0   255 255 0   0   0   0   0   0   0   0   0   0   0   0   0   0   0   0   
0   0   0   0   0   0   0   0   255 255 0   0   0   0   0   0   0   0   255 255 0   0   0   0   255 255 255 255 255 255 255 255 
255 255 0   0   1   0   1   0   0   0   0   0   1   0   2   0   1   0   5   0   2   0   255 255 0   0   4   0   1   0   0   0   
3   0   12  0   1   0   254 255 0   0   5   0   0   0   0   0   1   0   3   0   0   0   255 255 255 255 1   0   255 255 255 255 
0   0   1   0   0   0   255 255 255 255 0   0   0   0   255 255 0   0   0   0   0   0   0   0   0   0   0   0   0   0   0   0   
0   0   0   0   0   0   0   0   255 255 0   0   0   0   0   0   0   0   255 255 0   0   0   0   255 255 255 255 255 255 255 255 
255 255 0   0   1   0   0   0   0   0   0   0   1   0   2   0   1   0   5   0   2   0   255 255 0   0   4   0   1   0   0   0   
3   0   12  0   1   0   254 255 0   0   5   0   0   0   0   0   1   0   3   0   0   0   255 255 255 255 1   0   255 255 255 255 
0   0   1   0   0   0   255 255 255 255 0   0   0   0   255 255 0   0   0   0   0   0   0   0   0   0   0   0   0   0   0   0   
0   0   0   0   0   0   0   0   0   0   0   0   0   0   0   0   0   0   255 255 0   0   0   0   255 255 255 255 255 255 255 255 
255 255 0   0   1   0   0   0   0   0   0   0   0   0   2   0   1   0   5   0   2   0   255 255 0   0   4   0   1   0   0   0   
2   0   12  0   1   0   254 255 0   0   5   0   0   0   0   0   1   0   3   0   0   0   255 255 255 255 1   0   255 255 255 255 
0   0   1   0   0   0   255 255 255 255 0   0   0   0   255 255 0   0   0   0   0   0   0   0   0   0   0   0   0   0   0   0   
0   0   0   0   0   0   0   0   255 255 255 255 255 255 255 255 0   0   255 255 0   0   255 255 255 255 255 255 255 255 255 255 
255 255 0   0   1   0   0   0   0   0   0   0   0   0   1   0   1   0   5   0   2   0   255 255 0   0   4   0   1   0   0   0   
2   0   12  0   1   0   254 255 0   0   5   0   0   0   0   0   1   0   3   0   0   0   255 255 255 255 1   0   255 255 255 255 
0   0   1   0   0   0   255 255 255 255 0   0   0   0   255 255 0   0   0   0   0   0   0   0   0   0   0   0   0   0   0   0   
0   0   0   0   0   0   0   0   255 255 255 255 255 255 255 255 0   0   255 255 0   0   255 255 255 255 255 255 255 255 255 255 
0   0   0   0   1   0   1   0   0   0   0   0   1   0   2   0   1   0   5   0   2   0   255 255 0   0   4   0   1   0   0   0   
2   0   12  0   1   0   254 255 0   0   5   0   0   0   0   0   1   0   3   0   0   0   255 255 255 255 1   0   255 255 255 255 
0   0   1   0   0   0   255 255 255 255 0   0   0   0   255 255 0   0   0   0   0   0   0   0   0   0   0   0   0   0   0   0   
0   0   0   0   0   0   0   0   0   0   0   0   0   0   255 255 0   0   255 255 0   0   255 255 255 255 255 255 255 255 255 255 
0   0   0   0   1   0   1   0   0   0   0   0   1   0   2   0   1   0   4   0   2   0   255 255 0   0   4   0   1   0   0   0   
2   0   12  0   1   0   254 255 0   0   5   0   0   0   255 255 1   0   3   0   0   0   255 255 255 255 2   0   0   0   255 255 
0   0   1   0   0   0   255 255 255 255 0   0   0   0   255 255 0   0   0   0   0   0   0   0   0   0   0   0   0   0   0   0   
0   0   0   0   0   0   0   0   0   0   0   0   0   0   255 255 0   0   255 255 0   0   255 255 255 255 255 255 255 255 255 255 
255 255 0   0   1   0   0   0   0   0   0   0   1   0   2   0   1   0   4   0   2   0   255 255 0   0   4   0   1   0   0   0   
2   0   12  0   1   0   254 255 0   0   5   0   0   0   255 255 1   0   3   0   1   0   255 255 255 255 2   0   0   0   255 255 
0   0   1   0   0   0   255 255 255 255 0   0   0   0   255 255 0   0   0   0   0   0   0   0   0   0   0   0   0   0   0   0   
0   0   0   0   0   0   0   0   0   0   0   0   0   0   255 255 0   0   255 255 0   0   255 255 255 255 255 255 255 255 255 255 
255 255 0   0   1   0   0   0   0   0   0   0   1   0   2   0   1   0   4   0   2   0   255 255 0   0   4   0   1   0   0   0   
2   0   12  0   1   0   254 255 0   0   5   0   0   0   255 255 1   0   3   0   1   0   0   0   255 255 2   0   0   0   255 255 
0   0   1   0   0   0   255 255 255 255 0   0   0   0   255 255 0   0   255 255 0   0   255 255 0   0   0   0   0   0   0   0   
0   0   0   0   0   0   255 255 255 255 0   0   0   0   255 255 0   0   255 255 0   0   255 255 255 255 255 255 255 255 255 255 
255 255 0   0   1   0   0   0   0   0   0   0   1   0   2   0   1   0   4   0   2   0   255 255 0   0   4   0   1   0   0   0   
2   0   12  0   1   0   254 255 0   0   5   0   0   0   255 255 1   0   3   0   1   0   0   0   255 255 2   0   0   0   255 255 
0   0   1   0   0   0   255 255 255 255 0   0   0   0   255 255 0   0   0   0   0   0   0   0   0   0   0   0   0   0   0   0   
0   0   0   0   0   0   255 255 255 255 0   0   0   0   255 255 0   0   255 255 0   0   255 255 255 255 255 255 255 255 255 255 
255 255 0   0   1   0   0   0   0   0   0   0   1   0   2   0   1   0   4   0   2   0   255 255 0   0   4   0   1   0   0   0   
2   0   12  0   1   0   255 255 0   0   5   0   0   0   0   0   1   0   3   0   1   0   0   0   255 255 2   0   0   0   255 255 
0   0   1   0   0   0   255 255 255 255 0   0   0   0   255 255 0   0   0   0   0   0   0   0   0   0   0   0   0   0   0   0   
0   0   0   0   0   0   255 255 255 255 0   0   0   0   255 255 0   0   255 255 0   0   255 255 255 255 255 255 255 255 255 255 
255 255 0   0   1   0   0   0   0   0   0   0   1   0   2   0   1   0   4   0   2   0   255 255 0   0   4   0   1   0   0   0   
2   0   12  0   1   0   255 255 0   0   5   0   0   0   0   0   1   0   3   0   1   0   0   0   255 255 2   0   0   0   255 255 
0   0   1   0   0   0   255 255 255 255 0   0   0   0   255 255 0   0   0   0   0   0   0   0   0   0   0   0   0   0   0   0   
0   0   0   0   0   0   0   0   255 255 0   0   0   0   255 255 0   0   255 255 0   0   255 255 255 255 255 255 255 255 254 255 
255 255 0   0   1   0   0   0   0   0   0   0   1   0   2   0   1   0   4   0   2   0   255 255 0   0   4   0   1   0   0   0   
2   0   12  0   1   0   254 255 0   0   5   0   0   0   0   0   1   0   3   0   1   0   255 255 255 255 2   0   0   0   255 255 
0   0   1   0   0   0   255 255 255 255 0   0   0   0   255 255 0   0   0   0   0   0   0   0   0   0   0   0   0   0   0   0   
0   0   0   0   0   0   0   0   255 255 0   0   0   0   255 255 0   0   255 255 0   0   255 255 255 255 255 255 255 255 255 255 
255 255 0   0   1   0   0   0   0   0   0   0   1   0   2   0   1   0   4   0   2   0   255 255 0   0   4   0   1   0   0   0   
2   0   12  0   1   0   254 255 0   0   5   0   0   0   0   0   1   0   3   0   1   0   255 255 255 255 1   0   255 255 255 255 
0   0   1   0   0   0   255 255 255 255 0   0   0   0   255 255 0   0   0   0   0   0   0   0   255 255 0   0   0   0   0   0   
0   0   0   0   0   0   0   0   255 255 0   0   0   0   255 255 0   0   255 255 0   0   255 255 255 255 255 255 255 255 255 255 
255 255 0   0   1   0   0   0   0   0   0   0   1   0   2   0   1   0   4   0   2   0   255 255 0   0   4   0   1   0   0   0   
2   0   12  0   1   0   254 255 0   0   5   0   0   0   0   0   1   0   3   0   1   0   255 255 255 255 1   0   0   0   255 255 
0   0   1   0   0   0   255 255 255 255 0   0   0   0   255 255 0   0   0   0   0   0   0   0   0   0   0   0   0   0   0   0   
0   0   0   0   0   0   0   0   255 255 0   0   0   0   255 255 0   0   255 255 0   0   0   0   255 255 255 255 255 255 255 255 
255 255 0   0   1   0   0   0   0   0   0   0   1   0   2   0   1   0   4   0   2   0   255 255 0   0   3   0   1   0   0   0   
2   0   12  0   1   0   254 255 0   0   5   0   0   0   0   0   1   0   3   0   1   0   255 255 255 255 1   0   0   0   255 255 
0   0   1   0   0   0   255 255 255 255 1   0   0   0   255 255 0   0   0   0   0   0   0   0   0   0   0   0   0   0   0   0   
0   0   255 255 0   0   255 255 255 255 0   0   0   0   255 255 0   0   255 255 0   0   0   0   255 255 255 255 255 255 255 255 
255 255 0   0   1   0   0   0   0   0   0   0   1   0   2   0   1   0   4   0   2   0   255 255 0   0   3   0   1   0   0   0   
2   0   12  0   1   0   254 255 0   0   5   0   0   0   0   0   1   0   3   0   1   0   255 255 255 255 1   0   0   0   255 255 
0   0   1   0   0   0   255 255 255 255 1   0   0   0   255 255 0   0   0   0   0   0   0   0   255 255 0   0   0   0   0   0   
0   0   0   0   0   0   255 255 255 255 0   0   0   0   255 255 0   0   255 255 0   0   0   0   255 255 255 255 255 255 255 255 
255 255 0   0   1   0   0   0   0   0   0   0   1   0   2   0   1   0   4   0   2   0   255 255 0   0   3   0   1   0   0   0   
2   0   12  0   1   0   254 255 0   0   5   0   0   0   0   0   1   0   3   0   0   0   255 255 255 255 1   0   0   0   255 255 
0   0   1   0   0   0   255 255 255 255 1   0   0   0   255 255 0   0   0   0   0   0   255 255 0   0   0   0   0   0   0   0   
0   0   0   0   0   0   0   0   255 255 0   0   0   0   255 255 255 255 255 255 0   0   0   0   255 255 255 255 255 255 255 255 
255 255 0   0   1   0   0   0   0   0   0   0   1   0   2   0   1   0   4   0   2   0   255 255 0   0   3   0   1   0   0   0   
2   0   12  0   1   0   254 255 0   0   5   0   0   0   0   0   1   0   3   0   0   0   255 255 255 255 1   0   0   0   255 255 
0   0   1   0   0   0   255 255 255 255 1   0   0   0   255 255 0   0   0   0   0   0   255 255 255 255 0   0   0   0   0   0   
0   0   0   0   0   0   0   0   255 255 0   0   0   0   255 255 0   0   255 255 0   0   0   0   255 255 255 255 255 255 255 255 
255 255 0   0   1   0   0   0   0   0   0   0   1   0   2   0   1   0   4   0   2   0   255 255 0   0   3   0   1   0   0   0   
2   0   12  0   1   0   254 255 0   0   5   0   0   0   0   0   1   0   3   0   0   0   255 255 255 255 1   0   0   0   255 255 
0   0   1   0   0   0   0   0   255 255 1   0   0   0   255 255 0   0   0   0   0   0   255 255 255 255 0   0   0   0   0   0   
0   0   0   0   0   0   0   0   255 255 255 255 0   0   255 255 255 255 255 255 0   0   0   0   255 255 255 255 255 255 255 255 
255 255 0   0   1   0   0   0   0   0   0   0   0   0   1   0   1   0   4   0   2   0   255 255 0   0   3   0   1   0   0   0   
2   0   12  0   1   0   254 255 0   0   5   0   0   0   0   0   1   0   3   0   0   0   255 255 255 255 1   0   0   0   255 255 
0   0   1   0   0   0   0   0   255 255 1   0   0   0   255 255 0   0   0   0   0   0   255 255 255 255 0   0   0   0   0   0   
0   0   0   0   0   0   0   0   255 255 255 255 0   0   255 255 255 255 255 255 0   0   255 255 255 255 255 255 255 255 255 255 
255 255 0   0   1   0   0   0   0   0   0   0   0   0   1   0   1   0   4   0   2   0   255 255 0   0   3   0   1   0   0   0   
2   0   12  0   1   0   254 255 0   0   5   0   0   0   0   0   1   0   3   0   0   0   255 255 255 255 1   0   0   0   255 255 
0   0   1   0   0   0   0   0   255 255 1   0   0   0   255 255 0   0   0   0   0   0   255 255 0   0   0   0   0   0   0   0   
0   0   0   0   0   0   0   0   255 255 255 255 0   0   255 255 255 255 254 255 0   0   255 255 255 255 255 255 255 255 255 255 
255 255 0   0   1   0   0   0   0   0   0   0   1   0   2   0   1   0   4   0   2   0   0   0   0   0   3   0   1   0   0   0   
3   0   12  0   1   0   255 255 0   0   5   0   0   0   0   0   1   0   3   0   0   0   255 255 255 255 1   0   0   0   255 255 
0   0   1   0   0   0   0   0   255 255 0   0   255 255 255 255 0   0   0   0   0   0   255 255 0   0   0   0   0   0   0   0   
0   0   0   0   0   0   0   0   255 255 255 255 0   0   255 255 255 255 254 255 0   0   255 255 255 255 255 255 255 255 255 255 
255 255 0   0   1   0   0   0   0   0   0   0   1   0   2   0   1   0   4   0   2   0   255 255 0   0   3   0   1   0   0   0   
3   0   12  0   1   0   255 255 0   0   5   0   0   0   0   0   1   0   3   0   0   0   255 255 255 255 1   0   0   0   255 255 
0   0   1   0   0   0   0   0   255 255 0   0   255 255 255 255 0   0   0   0   0   0   255 255 0   0   0   0   0   0   0   0   
0   0   0   0   0   0   0   0   255 255 255 255 0   0   255 255 255 255 255 255 0   0   255 255 255 255 255 255 255 255 255 255 
255 255 0   0   1   0   0   0   0   0   0   0   1   0   2   0   1   0   4   0   2   0   255 255 0   0   3   0   1   0   0   0   
3   0   12  0   1   0   255 255 0   0   5   0   0   0   0   0   1   0   3   0   0   0   255 255 255 255 1   0   0   0   255 255 
0   0   1   0   0   0   0   0   255 255 0   0   255 255 255 255 0   0   0   0   0   0   255 255 0   0   0   0   0   0   0   0   
0   0   0   0   0   0   0   0   255 255 255 255 0   0   255 255 0   0   255 255 0   0   255 255 255 255 255 255 255 255 255 255 
255 255 255 255 1   0   0   0   0   0   0   0   1   0   1   0   1   0   4   0   2   0   255 255 0   0   3   0   1   0   0   0   
3   0   12  0   1   0   255 255 0   0   5   0   0   0   0   0   1   0   3   0   1   0   0   0   255 255 1   0   255 255 255 255 
0   0   1   0   0   0   0   0   255 255 0   0   255 255 255 255 0   0   255 255 0   0   255 255 0   0   0   0   0   0   0   0   
0   0   0   0   0   0   0   0   255 255 255 255 0   0   255 255 0   0   255 255 0   0   255 255 255 255 255 255 255 255 255 255 
255 255 255 255 1   0   0   0   0   0   0   0   1   0   1   0   1   0   4   0   2   0   255 255 0   0   3   0   1   0   0   0   
3   0   12  0   1   0   254 255 0   0   5   0   0   0   0   0   1   0   3   0   1   0   0   0   255 255 1   0   255 255 255 255 
0   0   1   0   0   0   0   0   255 255 0   0   0   0   255 255 0   0   0   0   0   0   255 255 0   0   0   0   0   0   0   0   
0   0   0   0   0   0   0   0   255 255 255 255 0   0   255 255 0   0   255 255 0   0   255 255 255 255 255 255 255 255 255 255 
255 255 255 255 1   0   0   0   0   0   0   0   0   0   1   0   1   0   4   0   2   0   255 255 0   0   3   0   1   0   0   0   
3   0   12  0   1   0   254 255 0   0   5   0   0   0   0   0   1   0   3   0   1   0   0   0   255 255 2   0   0   0   0   0   
0   0   1   0   0   0   255 255 255 255 0   0   0   0   255 255 0   0   0   0   0   0   255 255 0   0   0   0   0   0   0   0   
0   0   0   0   0   0   0   0   255 255 255 255 0   0   255 255 255 255 255 255 0   0   255 255 255 255 255 255 255 255 255 255 
255 255 255 255 1   0   0   0   0   0   0   0   0   0   1   0   1   0   4   0   2   0   255 255 0   0   3   0   1   0   0   0   
3   0   12  0   1   0   254 255 0   0   5   0   0   0   0   0   1   0   3   0   1   0   0   0   255 255 2   0   0   0   255 255 
0   0   1   0   0   0   255 255 255 255 0   0   0   0   255 255 0   0   0   0   1   0   0   0   0   0   0   0   0   0   0   0   
0   0   0   0   0   0   0   0   255 255 255 255 0   0   255 255 255 255 255 255 0   0   255 255 255 255 255 255 255 255 255 255 
255 255 255 255 1   0   0   0   0   0   0   0   0   0   1   0   1   0   4   0   2   0   255 255 0   0   3   0   1   0   0   0   
3   0   12  0   1   0   254 255 0   0   5   0   0   0   0   0   1   0   3   0   1   0   255 255 255 255 2   0   0   0   255 255 
0   0   1   0   0   0   255 255 255 255 0   0   0   0   255 255 0   0   0   0   1   0   0   0   255 255 0   0   0   0   0   0   
0   0   0   0   0   0   0   0   255 255 255 255 0   0   255 255 255 255 255 255 0   0   255 255 255 255 255 255 255 255 255 255 
255 255 255 255 1   0   0   0   0   0   0   0   0   0   1   0   1   0   4   0   2   0   255 255 0   0   3   0   1   0   0   0   
3   0   12  0   1   0   254 255 0   0   5   0   0   0   0   0   1   0   3   0   1   0   255 255 255 255 2   0   0   0   255 255 
0   0   1   0   0   0   255 255 255 255 0   0   0   0   255 255 0   0   0   0   0   0   0   0   0   0   0   0   0   0   0   0   
0   0   0   0   0   0   0   0   255 255 255 255 0   0   255 255 255 255 255 255 0   0   255 255 255 255 255 255 255 255 255 255 
255 255 255 255 1   0   0   0   0   0   0   0   0   0   1   0   1   0   4   0   2   0   255 255 0   0   3   0   1   0   0   0   
3   0   12  0   1   0   254 255 0   0   5   0   0   0   0   0   1   0   3   0   1   0   255 255 255 255 2   0   0   0   255 255 
0   0   1   0   0   0   255 255 255 255 0   0   0   0   255 255 0   0   0   0   0   0   0   0   0   0   0   0   0   0   0   0   
0   0   0   0   0   0   0   0   255 255 255 255 0   0   255 255 255 255 255 255 0   0   255 255 255 255 255 255 255 255 255 255 
255 255 255 255 1   0   0   0   0   0   0   0   0   0   1   0   1   0   4   0   2   0   255 255 0   0   3   0   1   0   1   0   
2   0   12  0   1   0   254 255 0   0   5   0   0   0   0   0   1   0   3   0   1   0   255 255 255 255 2   0   0   0   255 255 
0   0   1   0   0   0   255 255 255 255 0   0   0   0   255 255 0   0   0   0   0   0   0   0   0   0   0   0   0   0   0   0   
0   0   0   0   0   0   0   0   0   0   0   0   0   0   0   0   255 255 255 255 0   0   255 255 0   0   255 255 255 255 255 255 
255 255 255 255 1   0   0   0   0   0   0   0   0   0   1   0   1   0   4   0   2   0   255 255 0   0   3   0   1   0   1   0   
2   0   12  0   1   0   254 255 0   0   5   0   0   0   0   0   1   0   3   0   0   0   255 255 255 255 2   0   0   0   255 255 
0   0   1   0   0   0   255 255 255 255 0   0   0   0   255 255 0   0   255 255 0   0   0   0   0   0   0   0   0   0   0   0   
0   0   0   0   0   0   0   0   0   0   0   0   0   0   0   0   255 255 255 255 0   0   255 255 255 255 255 255 255 255 255 255 
255 255 255 255 1   0   1   0   0   0   0   0   1   0   2   0   1   0   4   0   2   0   0   0   0   0   3   0   1   0   0   0   
2   0   12  0   1   0   254 255 0   0   5   0   0   0   0   0   1   0   3   0   0   0   255 255 255 255 2   0   0   0   255 255 
0   0   1   0   0   0   255 255 255 255 0   0   0   0   255 255 0   0   255 255 0   0   0   0   255 255 0   0   0   0   0   0   
0   0   0   0   0   0   0   0   255 255 255 255 0   0   0   0   255 255 255 255 0   0   255 255 255 255 255 255 255 255 255 255 
255 255 255 255 1   0   1   0   0   0   0   0   1   0   2   0   1   0   4   0   2   0   0   0   0   0   3   0   1   0   0   0   
2   0   12  0   1   0   254 255 0   0   5   0   0   0   0   0   1   0   3   0   0   0   255 255 255 255 2   0   0   0   255 255 
0   0   1   0   0   0   255 255 255 255 0   0   0   0   255 255 0   0   0   0   0   0   0   0   255 255 0   0   0   0   0   0   
0   0   0   0   0   0   0   0   255 255 255 255 0   0   0   0   255 255 255 255 0   0   255 255 255 255 255 255 255 255 255 255 
255 255 255 255 1   0   1   0   0   0   0   0   1   0   2   0   1   0   4   0   2   0   0   0   0   0   3   0   1   0   0   0   
2   0   12  0   1   0   254 255 0   0   5   0   0   0   0   0   1   0   3   0   0   0   255 255 255 255 2   0   0   0   255 255 
0   0   1   0   0   0   255 255 255 255 0   0   0   0   255 255 0   0   0   0   0   0   0   0   255 255 0   0   0   0   0   0   
0   0   0   0   0   0   0   0   255 255 255 255 255 255 0   0   255 255 255 255 0   0   255 255 255 255 255 255 255 255 255 255 
255 255 0   0   1   0   1   0   0   0   0   0   1   0   2   0   1   0   4   0   2   0   255 255 0   0   3   0   1   0   0   0   
2   0   12  0   1   0   254 255 0   0   5   0   0   0   0   0   1   0   3   0   0   0   255 255 255 255 2   0   0   0   255 255 
0   0   1   0   0   0   0   0   255 255 0   0   0   0   255 255 0   0   0   0   0   0   0   0   255 255 0   0   0   0   0   0   
0   0   0   0   0   0   0   0   255 255 255 255 255 255 0   0   255 255 255 255 0   0   255 255 255 255 255 255 255 255 255 255 
255 255 0   0   1   0   1   0   0   0   0   0   1   0   2   0   1   0   4   0   2   0   255 255 0   0   3   0   1   0   0   0   
2   0   12  0   1   0   254 255 0   0   5   0   0   0   0   0   1   0   3   0   0   0   255 255 255 255 2   0   0   0   255 255 
0   0   1   0   0   0   0   0   255 255 0   0   0   0   255 255 0   0   0   0   0   0   0   0   255 255 0   0   0   0   0   0   
0   0   0   0   0   0   0   0   255 255 255 255 255 255 0   0   255 255 255 255 0   0   255 255 255 255 255 255 255 255 255 255 
255 255 0   0   1   0   1   0   0   0   1   0   1   0   2   0   1   0   4   0   2   0   0   0   0   0   3   0   1   0   0   0   
2   0   12  0   1   0   254 255 0   0   5   0   0   0   0   0   1   0   3   0   1   0   255 255 255 255 2   0   0   0   255 255 
0   0   1   0   0   0   0   0   255 255 0   0   0   0   255 255 0   0   0   0   0   0   0   0   255 255 0   0   0   0   0   0   
0   0   0   0   0   0   0   0   255 255 255 255 255 255 0   0   255 255 255 255 0   0   255 255 255 255 255 255 255 255 255 255 
255 255 0   0   1   0   1   0   0   0   0   0   0   0   1   0   1   0   4   0   2   0   0   0   0   0   3   0   1   0   0   0   
2   0   12  0   1   0   254 255 0   0   5   0   0   0   0   0   1   0   3   0   1   0   255 255 255 255 2   0   0   0   255 255 
0   0   1   0   0   0   0   0   255 255 0   0   0   0   255 255 0   0   0   0   0   0   0   0   255 255 0   0   0   0   0   0   
0   0   0   0   0   0   0   0   255 255 255 255 0   0   255 255 255 255 255 255 0   0   255 255 255 255 255 255 255 255 255 255 
0   0   0   0   1   0   1   0   0   0   0   0   0   0   1   0   1   0   4   0   2   0   0   0   0   0   3   0   1   0   0   0   
2   0   12  0   1   0   254 255 0   0   5   0   0   0   0   0   1   0   3   0   1   0   255 255 255 255 2   0   0   0   255 255 
0   0   1   0   0   0   0   0   255 255 0   0   0   0   255 255 0   0   0   0   0   0   0   0   255 255 0   0   0   0   0   0   
0   0   0   0   0   0   255 255 0   0   0   0   0   0   255 255 255 255 255 255 0   0   255 255 255 255 255 255 255 255 255 255 
0   0   0   0   1   0   1   0   0   0   0   0   0   0   1   0   1   0   4   0   2   0   0   0   0   0   3   0   1   0   1   0   
2   0   12  0   1   0   254 255 0   0   5   0   0   0   0   0   1   0   3   0   0   0   255 255 255 255 2   0   0   0   255 255 
0   0   1   0   0   0   0   0   255 255 0   0   0   0   255 255 0   0   0   0   0   0   0   0   255 255 0   0   0   0   0   0   
0   0   0   0   0   0   255 255 0   0   0   0   0   0   255 255 255 255 255 255 0   0   255 255 255 255 255 255 255 255 255 255 
0   0   0   0   1   0   1   0   0   0   0   0   0   0   1   0   1   0   4   0   2   0   0   0   0   0   3   0   1   0   1   0   
2   0   12  0   1   0   254 255 0   0   5   0   0   0   255 255 1   0   3   0   0   0   255 255 255 255 2   0   0   0   255 255 
0   0   1   0   0   0   0   0   255 255 0   0   0   0   255 255 0   0   0   0   0   0   0   0   255 255 0   0   0   0   0   0   
0   0   0   0   0   0   255 255 0   0   0   0   0   0   255 255 255 255 255 255 0   0   255 255 255 255 255 255 255 255 255 255 
0   0   0   0   1   0   0   0   0   0   0   0   0   0   1   0   1   0   4   0   2   0   0   0   0   0   3   0   1   0   1   0   
2   0   12  0   1   0   254 255 0   0   5   0   0   0   255 255 1   0   3   0   0   0   0   0   255 255 1   0   0   0   255 255 
0   0   1   0   0   0   0   0   255 255 0   0   0   0   255 255 0   0   0   0   0   0   0   0   255 255 0   0   0   0   0   0   
0   0   0   0   0   0   255 255 255 255 0   0   0   0   255 255 255 255 255 255 0   0   255 255 255 255 255 255 255 255 255 255 
0   0   0   0   1   0   0   0   0   0   0   0   0   0   1   0   1   0   4   0   1   0   255 255 0   0   3   0   1   0   1   0   
2   0   12  0   1   0   254 255 0   0   5   0   0   0   255 255 1   0   3   0   0   0   0   0   255 255 1   0   0   0   255 255 
0   0   1   0   0   0   0   0   255 255 0   0   0   0   255 255 0   0   0   0   0   0   0   0   255 255 0   0   0   0   0   0   
0   0   0   0   0   0   255 255 255 255 0   0   0   0   255 255 255 255 255 255 0   0   255 255 255 255 255 255 255 255 255 255 
0   0   0   0   1   0   0   0   0   0   0   0   0   0   1   0   1   0   4   0   1   0   255 255 0   0   3   0   1   0   1   0   
2   0   12  0   1   0   254 255 0   0   5   0   0   0   0   0   1   0   3   0   0   0   0   0   255 255 1   0   0   0   255 255 
0   0   1   0   0   0   0   0   255 255 0   0   0   0   255 255 0   0   0   0   0   0   0   0   0   0   0   0   0   0   0   0   
0   0   0   0   0   0   255 255 255 255 0   0   0   0   0   0   255 255 255 255 0   0   255 255 255 255 255 255 255 255 255 255 
0   0   0   0   1   0   0   0   0   0   0   0   0   0   1   0   1   0   4   0   1   0   255 255 0   0   3   0   1   0   1   0   
2   0   12  0   1   0   254 255 0   0   5   0   0   0   0   0   1   0   3   0   0   0   0   0   255 255 1   0   0   0   255 255 
0   0   1   0   0   0   0   0   255 255 0   0   0   0   255 255 0   0   0   0   0   0   0   0   0   0   0   0   0   0   0   0   
0   0   0   0   0   0   255 255 255 255 0   0   0   0   0   0   255 255 255 255 0   0   255 255 255 255 255 255 255 255 255 255 
0   0   0   0   1   0   0   0   0   0   0   0   0   0   1   0   1   0   4   0   2   0   255 255 0   0   3   0   1   0   0   0   
2   0   12  0   1   0   254 255 0   0   5   0   0   0   0   0   1   0   3   0   0   0   255 255 255 255 1   0   0   0   255 255 
0   0   1   0   0   0   0   0   255 255 0   0   0   0   255 255 0   0   0   0   0   0   0   0   0   0   0   0   0   0   0   0   
0   0   0   0   0   0   255 255 255 255 0   0   0   0   0   0   255 255 255 255 0   0   255 255 255 255 255 255 255 255 255 255 
255 255 0   0   1   0   0   0   0   0   0   0   0   0   1   0   1   0   4   0   2   0   255 255 0   0   3   0   1   0   0   0   
2   0   11  0   1   0   254 255 0   0   5   0   0   0   0   0   1   0   3   0   0   0   0   0   255 255 1   0   0   0   255 255 
0   0   1   0   0   0   0   0   255 255 0   0   0   0   255 255 0   0   0   0   0   0   0   0   0   0   0   0   0   0   0   0   
0   0   0   0   0   0   255 255 255 255 0   0   0   0   0   0   255 255 255 255 0   0   255 255 255 255 255 255 255 255 255 255 
255 255 0   0   1   0   0   0   0   0   0   0   0   0   1   0   1   0   4   0   2   0   255 255 0   0   3   0   1   0   0   0   
2   0   11  0   1   0   255 255 0   0   5   0   0   0   0   0   1   0   3   0   0   0   0   0   255 255 1   0   0   0   255 255 
0   0   1   0   0   0   0   0   255 255 0   0   0   0   255 255 0   0   0   0   0   0   0   0   0   0   0   0   0   0   0   0   
0   0   0   0   0   0   255 255 255 255 0   0   0   0   0   0   255 255 255 255 0   0   255 255 255 255 255 255 255 255 255 255 
255 255 0   0   1   0   1   0   0   0   0   0   0   0   1   0   1   0   4   0   2   0   255 255 0   0   3   0   1   0   0   0   
2   0   11  0   1   0   255 255 0   0   5   0   0   0   0   0   1   0   3   0   0   0   0   0   255 255 1   0   0   0   255 255 
0   0   1   0   0   0   255 255 255 255 0   0   0   0   255 255 0   0   0   0   0   0   0   0   255 255 0   0   0   0   0   0   
0   0   0   0   0   0   255 255 255 255 0   0   0   0   0   0   255 255 255 255 0   0   255 255 255 255 255 255 255 255 255 255 
255 255 0   0   1   0   1   0   0   0   0   0   0   0   1   0   1   0   4   0   2   0   255 255 0   0   3   0   1   0   0   0   
2   0   11  0   1   0   255 255 0   0   5   0   0   0   0   0   1   0   3   0   0   0   255 255 255 255 1   0   0   0   255 255 
0   0   1   0   0   0   255 255 255 255 0   0   0   0   255 255 0   0   0   0   0   0   0   0   255 255 0   0   0   0   0   0   
0   0   0   0   0   0   255 255 255 255 0   0   0   0   0   0   255 255 255 255 0   0   255 255 255 255 255 255 255 255 255 255 
255 255 0   0   1   0   1   0   0   0   0   0   0   0   1   0   1   0   4   0   2   0   0   0   0   0   3   0   1   0   0   0   
2   0   11  0   1   0   255 255 0   0   5   0   0   0   0   0   1   0   3   0   0   0   255 255 255 255 1   0   0   0   255 255 
0   0   1   0   0   0   0   0   255 255 0   0   0   0   255 255 0   0   0   0   0   0   0   0   255 255 0   0   0   0   0   0   
0   0   0   0   0   0   255 255 255 255 0   0   0   0   0   0   255 255 255 255 0   0   255 255 255 255 255 255 255 255 255 255 
255 255 0   0   1   0   0   0   0   0   0   0   0   0   1   0   1   0   4   0   2   0   0   0   0   0   2   0   1   0   0   0   
2   0   11  0   1   0   255 255 0   0   5   0   0   0   0   0   1   0   3   0   0   0   255 255 255 255 1   0   0   0   255 255 
0   0   1   0   0   0   0   0   255 255 0   0   0   0   255 255 0   0   0   0   0   0   0   0   255 255 0   0   0   0   0   0   
0   0   0   0   0   0   255 255 255 255 0   0   0   0   0   0   255 255 255 255 0   0   255 255 255 255 255 255 255 255 255 255 
255 255 0   0   1   0   0   0   0   0   0   0   0   0   1   0   1   0   4   0   2   0   0   0   0   0   2   0   1   0   0   0   
2   0   11  0   1   0   254 255 0   0   5   0   0   0   0   0   1   0   3   0   0   0   255 255 255 255 1   0   0   0   0   0   
0   0   1   0   0   0   0   0   255 255 0   0   0   0   255 255 0   0   0   0   0   0   255 255 255 255 0   0   0   0   0   0   
0   0   0   0   0   0   255 255 255 255 255 255 0   0   0   0   255 255 255 255 0   0   255 255 255 255 255 255 255 255 255 255 
255 255 0   0   1   0   0   0   0   0   0   0   0   0   1   0   1   0   3   0   1   0   255 255 0   0   2   0   1   0   0   0   
2   0   11  0   1   0   254 255 0   0   4   0   0   0   0   0   1   0   3   0   0   0   255 255 255 255 1   0   0   0   0   0   
0   0   1   0   0   0   0   0   255 255 0   0   0   0   255 255 0   0   0   0   0   0   255 255 255 255 0   0   0   0   0   0   
0   0   0   0   0   0   255 255 255 255 255 255 0   0   0   0   0   0   255 255 0   0   255 255 255 255 255 255 255 255 255 255 
255 255 0   0   1   0   0   0   0   0   0   0   0   0   1   0   1   0   3   0   1   0   255 255 0   0   2   0   1   0   0   0   
2   0   11  0   1   0   254 255 0   0   4   0   0   0   0   0   1   0   3   0   0   0   255 255 255 255 1   0   0   0   0   0   
0   0   1   0   0   0   0   0   255 255 1   0   0   0   255 255 0   0   0   0   0   0   255 255 255 255 0   0   0   0   0   0   
0   0   0   0   0   0   255 255 255 255 255 255 0   0   0   0   0   0   255 255 0   0   255 255 255 255 255 255 255 255 255 255 
255 255 0   0   1   0   0   0   0   0   0   0   0   0   1   0   1   0   3   0   1   0   255 255 0   0   2   0   0   0   0   0   
2   0   11  0   1   0   254 255 0   0   4   0   0   0   0   0   1   0   3   0   0   0   255 255 255 255 1   0   0   0   255 255 
0   0   1   0   0   0   0   0   255 255 1   0   0   0   255 255 0   0   0   0   0   0   255 255 255 255 0   0   0   0   0   0   
0   0   0   0   0   0   255 255 255 255 255 255 0   0   0   0   0   0   255 255 0   0   255 255 255 255 255 255 255 255 255 255 
255 255 255 255 1   0   0   0   0   0   0   0   0   0   1   0   1   0   3   0   1   0   255 255 0   0   2   0   0   0   0   0   
2   0   11  0   1   0   254 255 0   0   4   0   0   0   0   0   1   0   3   0   0   0   255 255 255 255 1   0   0   0   255 255 
0   0   1   0   0   0   0   0   255 255 1   0   0   0   255 255 0   0   0   0   0   0   255 255 255 255 0   0   0   0   0   0   
0   0   0   0   0   0   0   0   255 255 255 255 0   0   0   0   0   0   255 255 0   0   255 255 255 255 255 255 255 255 255 255 
255 255 0   0   1   0   1   0   0   0   0   0   0   0   1   0   1   0   3   0   1   0   255 255 0   0   2   0   1   0   1   0   
2   0   11  0   1   0   254 255 0   0   4   0   0   0   0   0   2   0   4   0   0   0   255 255 255 255 1   0   255 255 255 255 
0   0   1   0   0   0   0   0   255 255 1   0   0   0   255 255 0   0   0   0   0   0   255 255 0   0   0   0   0   0   0   0   
0   0   0   0   0   0   0   0   255 255 255 255 0   0   0   0   0   0   255 255 0   0   255 255 255 255 255 255 255 255 255 255 
255 255 0   0   1   0   0   0   0   0   0   0   0   0   1   0   1   0   3   0   1   0   255 255 0   0   2   0   1   0   0   0   
2   0   11  0   1   0   254 255 0   0   4   0   0   0   0   0   2   0   4   0   0   0   255 255 255 255 1   0   255 255 255 255 
0   0   1   0   0   0   0   0   255 255 1   0   0   0   255 255 0   0   0   0   0   0   255 255 0   0   0   0   0   0   0   0   
0   0   0   0   0   0   0   0   255 255 255 255 0   0   0   0   0   0   255 255 0   0   255 255 255 255 255 255 255 255 255 255 
255 255 0   0   1   0   0   0   0   0   0   0   0   0   1   0   1   0   3   0   1   0   255 255 0   0   2   0   1   0   0   0   
2   0   11  0   1   0   254 255 0   0   4   0   0   0   0   0   2   0   4   0   1   0   0   0   255 255 1   0   0   0   255 255 
0   0   1   0   0   0   0   0   255 255 1   0   0   0   255 255 0   0   0   0   0   0   0   0   0   0   0   0   0   0   0   0   
0   0   0   0   0   0   255 255 255 255 255 255 0   0   0   0   0   0   255 255 0   0   255 255 255 255 255 255 255 255 255 255 
255 255 0   0   1   0   0   0   0   0   0   0   0   0   1   0   1   0   3   0   1   0   255 255 0   0   2   0   1   0   0   0   
2   0   11  0   1   0   254 255 0   0   4   0   