0   0   0   0   1   0   2   0   0   0   0   0   1   0   3   0   1   0   0   0   0   0   1   0   1   0   0   0   0   0   1   0   
1   0   0   0   0   0   1   0   1   0   0   0   1   0   1   0   0   0   0   0   0   0   1   0   1   0   0   0   0   0   1   0   
0   0   0   0   0   0   1   0   1   0   0   0   0   0   0   0   0   0   0   0   0   0   0   0   0   0   0   0   0   0   0   0   
1   0   0   0   0   0   6   0   0   0   0   0   2   0   4   0   0   0   0   0   0   0   5   0   0   0   1   0   3   0   6   0   
0   0   0   0   1   0   2   0   0   0   0   0   1   0   3   0   1   0   0   0   0   0   1   0   1   0   0   0   0   0   1   0   
1   0   0   0   0   0   1   0   1   0   0   0   1   0   1   0   0   0   0   0   0   0   1   0   1   0   0   0   0   0   1   0   
0   0   0   0   255 255 0   0   1   0   0   0   0   0   0   0   0   0   0   0   0   0   0   0   0   0   0   0   0   0   0   0   
1   0   0   0   0   0   6   0   0   0   0   0   2   0   4   0   0   0   0   0   0   0   5   0   0   0   1   0   3   0   5   0   
0   0   0   0   1   0   2   0   0   0   0   0   1   0   3   0   1   0   0   0   0   0   1   0   1   0   0   0   0   0   1   0   
1   0   0   0   0   0   1   0   1   0   0   0   0   0   0   0   0   0   0   0   0   0   1   0   0   0   0   0   0   0   1   0   
0   0   0   0   255 255 0   0   1   0   0   0   0   0   0   0   0   0   0   0   0   0   0   0   0   0   0   0   0   0   0   0   
1   0   0   0   0   0   6   0   0   0   0   0   2   0   4   0   0   0   0   0   0   0   5   0   0   0   1   0   3   0   5   0   
0   0   0   0   1   0   2   0   0   0   0   0   1   0   3   0   1   0   0   0   0   0   0   0   0   0   0   0   0   0   0   0   
1   0   0   0   0   0   1   0   1   0   0   0   0   0   0   0   0   0   0   0   0   0   1   0   0   0   0   0   0   0   1   0   
0   0   0   0   0   0   0   0   1   0   0   0   0   0   0   0   0   0   0   0   0   0   0   0   0   0   0   0   0   0   0   0   
1   0   0   0   0   0   5   0   0   0   0   0   1   0   4   0   0   0   0   0   0   0   4   0   0   0   1   0   2   0   5   0   
0   0   0   0   1   0   2   0   0   0   0   0   1   0   3   0   1   0   0   0   0   0   0   0   0   0   0   0   0   0   0   0   
1   0   0   0   0   0   1   0   1   0   0   0   0   0   0   0   0   0   0   0   0   0   1   0   0   0   0   0   0   0   1   0   
0   0   0   0   0   0   0   0   1   0   0   0   0   0   0   0   0   0   0   0   0   0   0   0   0   0   0   0   0   0   0   0   
1   0   0   0   0   0   5   0   0   0   0   0   1   0   4   0   0   0   0   0   0   0   4   0   0   0   1   0   1   0   4   0   
0   0   0   0   1   0   2   0   0   0   0   0   1   0   3   0   1   0   0   0   0   0   0   0   0   0   0   0   0   0   1   0   
1   0   0   0   0   0   1   0   1   0   0   0   0   0   0   0   0   0   0   0   0   0   1   0   0   0   0   0   0   0   1   0   
0   0   0   0   0   0   0   0   1   0   0   0   0   0   0   0   0   0   0   0   0   0   0   0   0   0   0   0   0   0   0   0   
1   0   0   0   0   0   5   0   0   0   0   0   1   0   3   0   0   0   0   0   0   0   4   0   0   0   1   0   1   0   4   0   
0   0   0   0   1   0   2   0   0   0   0   0   1   0   3   0   1   0   0   0   0   0   0   0   0   0   0   0   0   0   1   0   
1   0   0   0   0   0   1   0   1   0   0   0   0   0   0   0   0   0   0   0   0   0   1   0   0   0   0   0   0   0   1   0   
0   0   0   0   0   0   0   0   0   0   0   0   0   0   0   0   0   0   0   0   0   0   0   0   0   0   0   0   0   0   0   0   
1   0   0   0   0   0   4   0   0   0   0   0   1   0   4   0   0   0   0   0   0   0   4   0   0   0   1   0   1   0   4   0   
0   0   0   0   1   0   1   0   0   0   0   0   1   0   2   0   1   0   0   0   0   0   1   0   0   0   0   0   0   0   1   0   
1   0   0   0   0   0   1   0   1   0   0   0   0   0   0   0   0   0   0   0   0   0   1   0   0   0   0   0   0   0   1   0   
0   0   0   0   0   0   0   0   0   0   0   0   0   0   0   0   0   0   0   0   0   0   0   0   0   0   0   0   0   0   0   0   
1   0   0   0   0   0   4   0   0   0   0   0   1   0   3   0   0   0   0   0   0   0   4   0   0   0   1   0   1   0   4   0   
0   0   0   0   1   0   1   0   0   0   0   0   1   0   2   0   1   0   0   0   0   0   1   0   0   0   0   0   0   0   1   0   
1   0   0   0   0   0   1   0   1   0   0   0   0   0   0   0   0   0   0   0   0   0   1   0   0   0   0   0   0   0   1   0   
0   0   0   0   0   0   0   0   0   0   0   0   0   0   0   0   0   0   0   0   0   0   0   0   255 255 0   0   255 255 0   0   
1   0   0   0   0   0   4   0   0   0   0   0   1   0   4   0   0   0   0   0   0   0   4   0   0   0   1   0   1   0   4   0   
0   0   0   0   1   0   2   0   0   0   0   0   1   0   1   0   1   0   0   0   0   0   1   0   0   0   0   0   0   0   1   0   
1   0   0   0   0   0   1   0   1   0   0   0   0   0   0   0   0   0   0   0   0   0   1   0   0   0   0   0   0   0   1   0   
0   0   0   0   0   0   0   0   0   0   0   0   0   0   0   0   0   0   0   0   0   0   0   0   0   0   0   0   255 255 0   0   
1   0   0   0   0   0   5   0   0   0   0   0   1   0   5   0   0   0   0   0   0   0   5   0   0   0   1   0   1   0   6   0   
0   0   0   0   1   0   2   0   0   0   0   0   1   0   1   0   1   0   0   0   0   0   1   0   0   0   0   0   0   0   0   0   
1   0   0   0   0   0   1   0   1   0   0   0   0   0   0   0   0   0   0   0   0   0   1   0   0   0   0   0   0   0   0   0   
0   0   0   0   0   0   0   0   0   0   0   0   0   0   0   0   0   0   0   0   0   0   0   0   0   0   0   0   255 255 0   0   
1   0   0   0   0   0   6   0   0   0   0   0   2   0   5   0   0   0   0   0   0   0   6   0   0   0   1   0   1   0   6   0   
0   0   0   0   1   0   2   0   0   0   0   0   1   0   1   0   1   0   0   0   0   0   1   0   0   0   0   0   255 255 0   0   
1   0   0   0   0   0   0   0   1   0   0   0   0   0   0   0   0   0   0   0   0   0   1   0   0   0   0   0   0   0   0   0   
0   0   0   0   0   0   0   0   0   0   0   0   0   0   0   0   0   0   0   0   0   0   0   0   0   0   0   0   255 255 0   0   
1   0   0   0   0   0   6   0   0   0   0   0   2   0   5   0   0   0   0   0   0   0   6   0   0   0   1   0   1   0   8   0   
0   0   0   0   1   0   2   0   0   0   0   0   1   0   2   0   1   0   0   0   0   0   1   0   0   0   0   0   255 255 0   0   
1   0   0   0   0   0   0   0   1   0   0   0   0   0   0   0   0   0   0   0   0   0   1   0   1   0   0   0   0   0   0   0   
0   0   0   0   0   0   1   0   0   0   0   0   0   0   0   0   0   0   0   0   0   0   0   0   0   0   0   0   255 255 0   0   
1   0   0   0   0   0   6   0   0   0   0   0   2   0   5   0   0   0   0   0   0   0   6   0   0   0   1   0   2   0   9   0   
0   0   0   0   1   0   2   0   0   0   0   0   1   0   2   0   1   0   0   0   0   0   1   0   0   0   0   0   255 255 0   0   
1   0   0   0   0   0   1   0   1   0   0   0   0   0   0   0   0   0   0   0   0   0   1   0   1   0   0   0   0   0   0   0   
0   0   0   0   0   0   0   0   0   0   0   0   0   0   0   0   0   0   0   0   0   0   255 255 0   0   0   0   255 255 0   0   
1   0   0   0   0   0   7   0   0   0   0   0   2   0   5   0   0   0   0   0   0   0   7   0   0   0   1   0   2   0   10  0   
0   0   0   0   1   0   2   0   0   0   0   0   1   0   2   0   1   0   0   0   0   0   1   0   0   0   0   0   0   0   1   0   
1   0   0   0   0   0   1   0   1   0   0   0   0   0   0   0   0   0   0   0   0   0   0   0   1   0   0   0   0   0   0   0   
0   0   0   0   0   0   0   0   0   0   0   0   0   0   0   0   0   0   0   0   0   0   255 255 0   0   0   0   255 255 0   0   
1   0   0   0   0   0   8   0   0   0   0   0   2   0   6   0   0   0   0   0   0   0   7   0   0   0   1   0   3   0   12  0   
0   0   0   0   1   0   2   0   0   0   0   0   1   0   2   0   1   0   0   0   0   0   0   0   0   0   0   0   0   0   1   0   
1   0   0   0   0   0   1   0   1   0   0   0   0   0   0   0   0   0   0   0   0   0   0   0   1   0   0   0   0   0   0   0   
0   0   0   0   0   0   0   0   0   0   0   0   0   0   0   0   0   0   0   0   0   0   255 255 1   0   0   0   255 255 0   0   
1   0   0   0   0   0   8   0   0   0   0   0   2   0   6   0   0   0   0   0   0   0   6   0   0   0   1   0   3   0   12  0   
0   0   0   0   1   0   2   0   0   0   0   0   1   0   2   0   1   0   0   0   0   0   0   0   0   0   0   0   0   0   1   0   
1   0   0   0   0   0   1   0   1   0   0   0   0   0   0   0   0   0   0   0   0   0   0   0   1   0   0   0   0   0   0   0   
0   0   0   0   0   0   0   0   0   0   0   0   0   0   0   0   0   0   0   0   0   0   255 255 1   0   0   0   255 255 0   0   
1   0   0   0   0   0   8   0   0   0   0   0   2   0   6   0   0   0   0   0   0   0   7   0   0   0   1   0   3   0   13  0   
0   0   0   0   1   0   2   0   0   0   0   0   0   0   3   0   1   0   0   0   0   0   0   0   0   0   0   0   255 255 0   0   
1   0   0   0   0   0   1   0   1   0   0   0   0   0   0   0   0   0   0   0   0   0   0   0   1   0   0   0   0   0   0   0   
0   0   0   0   0   0   0   0   0   0   0   0   0   0   0   0   0   0   0   0   0   0   255 255 1   0   0   0   255 255 0   0   
1   0   0   0   0   0   8   0   0   0   0   0   2   0   6   0   0   0   0   0   0   0   7   0   0   0   1   0   3   0   17  0   
0   0   0   0   1   0   3   0   0   0   0   0   0   0   3   0   1   0   0   0   0   0   0   0   0   0   0   0   255 255 1   0   
1   0   0   0   0   0   1   0   1   0   0   0   0   0   0   0   0   0   0   0   0   0   0   0   1   0   0   0   0   0   0   0   
0   0   0   0   0   0   0   0   0   0   0   0   0   0   0   0   0   0   0   0   0   0   255 255 1   0   0   0   255 255 0   0   
1   0   0   0   0   0   9   0   0   0   0   0   2   0   6   0   0   0   0   0   0   0   8   0   0   0   1   0   3   0   18  0   
0   0   0   0   1   0   3   0   0   0   0   0   0   0   3   0   1   0   0   0   0   0   0   0   0   0   0   0   0   0   1   0   
1   0   0   0   0   0   1   0   1   0   0   0   0   0   0   0   0   0   0   0   0   0   0   0   0   0   0   0   0   0   0   0   
0   0   0   0   0   0   1   0   0   0   0   0   0   0   0   0   0   0   0   0   0   0   255 255 0   0   0   0   255 255 0   0   
0   0   0   0   0   0   8   0   0   0   0   0   2   0   6   0   0   0   0   0   0   0   7   0   0   0   1   0   4   0   19  0   
0   0   0   0   1   0   3   0   0   0   0   0   0   0   3   0   0   0   0   0   0   0   0   0   0   0   0   0   0   0   1   0   
1   0   0   0   0   0   1   0   1   0   0   0   0   0   0   0   0   0   0   0   0   0   1   0   1   0   0   0   0   0   0   0   
0   0   0   0   0   0   1   0   0   0   0   0   0   0   0   0   0   0   0   0   0   0   255 255 0   0   0   0   255 255 0   0   
0   0   0   0   0   0   8   0   0   0   0   0   2   0   6   0   0   0   0   0   0   0   7   0   0   0   1   0   4   0   19  0   
0   0   0   0   1   0   3   0   0   0   0   0   0   0   3   0   0   0   0   0   0   0   0   0   0   0   0   0   0   0   1   0   
1   0   0   0   0   0   1   0   1   0   0   0   0   0   0   0   0   0   0   0   0   0   1   0   1   0   0   0   0   0   0   0   
0   0   0   0   0   0   1   0   0   0   0   0   0   0   0   0   0   0   0   0   0   0   255 255 0   0   0   0   255 255 0   0   
0   0   0   0   0   0   8   0   0   0   0   0   2   0   6   0   0   0   0   0   0   0   7   0   0   0   1   0   3   0   19  0   
0   0   0   0   1   0   3   0   0   0   0   0   0   0   4   0   0   0   0   0   0   0   1   0   0   0   0   0   0   0   1   0   
0   0   0   0   0   0   1   0   1   0   0   0   0   0   0   0   0   0   0   0   0   0   1   0   1   0   0   0   0   0   0   0   
0   0   0   0   0   0   0   0   0   0   0   0   0   0   0   0   0   0   0   0   0   0   255 255 0   0   0   0   255 255 0   0   
0   0   0   0   0   0   8   0   0   0   0   0   2   0   6   0   0   0   0   0   0   0   8   0   0   0   1   0   3   0   20  0   
0   0   0   0   1   0   3   0   0   0   0   0   0   0   4   0   0   0   0   0   0   0   1   0   0   0   0   0   0   0   1   0   
0   0   0   0   0   0   0   0   1   0   0   0   0   0   0   0   0   0   0   0   0   0   1   0   1   0   0   0   0   0   0   0   
0   0   0   0   0   0   0   0   0   0   0   0   0   0   0   0   0   0   0   0   0   0   255 255 1   0   0   0   255 255 0   0   
0   0   0   0   0   0   8   0   0   0   0   0   2   0   6   0   0   0   0   0   0   0   8   0   0   0   1   0   3   0   20  0   
0   0   0   0   1   0   2   0   0   0   0   0   0   0   3   0   0   0   0   0   0   0   1   0   0   0   0   0   0   0   1   0   
0   0   0   0   0   0   0   0   1   0   0   0   0   0   0   0   0   0   0   0   0   0   1   0   1   0   0   0   0   0   1   0   
0   0   0   0   0   0   0   0   0   0   0   0   0   0   0   0   0   0   0   0   0   0   255 255 1   0   0   0   255 255 0   0   
0   0   0   0   0   0   7   0   0   0   0   0   2   0   6   0   0   0   0   0   0   0   8   0   0   0   1   0   3   0   20  0   
0   0   0   0   1   0   3   0   0   0   0   0   0   0   4   0   0   0   0   0   0   0   1   0   0   0   0   0   0   0   1   0   
0   0   0   0   0   0   0   0   1   0   0   0   0   0   0   0   0   0   0   0   0   0   1   0   1   0   0   0   0   0   1   0   
0   0   0   0   0   0   0   0   0   0   0   0   0   0   0   0   0   0   0   0   0   0   255 255 1   0   0   0   255 255 0   0   
0   0   0   0   0   0   7   0   0   0   0   0   2   0   6   0   0   0   255 255 0   0   7   0   0   0   1   0   3   0   20  0   
0   0   0   0   1   0   2   0   0   0   0   0   0   0   4   0   0   0   0   0   0   0   1   0   0   0   0   0   0   0   1   0   
0   0   0   0   0   0   0   0   1   0   0   0   0   0   0   0   0   0   0   0   0   0   1   0   1   0   0   0   0   0   1   0   
0   0   0   0   0   0   0   0   0   0   0   0   0   0   0   0   0   0   0   0   0   0   255 255 1   0   0   0   255 255 0   0   
0   0   0   0   0   0   7   0   0   0   0   0   2   0   6   0   0   0   255 255 0   0   8   0   0   0   1   0   3   0   20  0   
0   0   0   0   1   0   3   0   0   0   0   0   0   0   4   0   0   0   0   0   0   0   1   0   0   0   0   0   0   0   1   0   
0   0   255 255 0   0   0   0   0   0   0   0   0   0   0   0   0   0   0   0   0   0   1   0   1   0   0   0   255 255 0   0   
255 255 255 255 0   0   0   0   0   0   0   0   0   0   0   0   0   0   0   0   0   0   255 255 1   0   0   0   255 255 0   0   
0   0   0   0   0   0   7   0   0   0   0   0   2   0   6   0   0   0   255 255 0   0   8   0   0   0   1   0   3   0   20  0   
0   0   0   0   1   0   3   0   0   0   0   0   0   0   4   0   0   0   0   0   0   0   0   0   0   0   0   0   0   0   1   0   
0   0   0   0   0   0   0   0   0   0   0   0   0   0   0   0   0   0   0   0   0   0   1   0   1   0   0   0   255 255 0   0   
0   0   255 255 0   0   0   0   0   0   0   0   0   0   0   0   0   0   0   0   0   0   255 255 1   0   0   0   255 255 0   0   
0   0   0   0   0   0   6   0   0   0   0   0   2   0   6   0   0   0   255 255 0   0   8   0   0   0   0   0   3   0   19  0   
0   0   0   0   1   0   3   0   0   0   0   0   0   0   4   0   0   0   0   0   0   0   0   0   0   0   0   0   0   0   1   0   
0   0   0   0   0   0   0   0   0   0   0   0   0   0   0   0   0   0   0   0   0   0   1   0   1   0   0   0   255 255 0   0   
0   0   0   0   0   0   1   0   0   0   0   0   0   0   0   0   0   0   0   0   0   0   255 255 1   0   0   0   255 255 0   0   
0   0   0   0   0   0   6   0   0   0   0   0   2   0   6   0   0   0   255 255 0   0   8   0   0   0   0   0   3   0   19  0   
255 255 0   0   0   0   2   0   0   0   0   0   0   0   4   0   0   0   0   0   0   0   0   0   0   0   0   0   0   0   1   0   
0   0   0   0   0   0   0   0   0   0   0   0   0   0   0   0   0   0   0   0   0   0   1   0   1   0   0   0   255 255 0   0   
0   0   0   0   0   0   1   0   0   0   0   0   0   0   0   0   0   0   0   0   0   0   255 255 1   0   0   0   255 255 0   0   
0   0   0   0   0   0   7   0   0   0   0   0   2   0   6   0   0   0   255 255 0   0   8   0   0   0   0   0   3   0   19  0   
255 255 0   0   0   0   2   0   0   0   0   0   0   0   4   0   0   0   0   0   255 255 0   0   0   0   0   0   0   0   1   0   
0   0   0   0   0   0   0   0   0   0   0   0   0   0   0   0   0   0   0   0   0   0   1   0   1   0   0   0   255 255 0   0   
0   0   0   0   0   0   0   0   0   0   255 255 0   0   0   0   0   0   0   0   0   0   255 255 1   0   0   0   255 255 0   0   
0   0   0   0   0   0   7   0   0   0   0   0   2   0   6   0   0   0   255 255 0   0   8   0   0   0   0   0   3   0   19  0   
255 255 0   0   0   0   2   0   0   0   0   0   0   0   4   0   0   0   0   0   255 255 0   0   0   0   0   0   255 255 0   0   
0   0   0   0   0   0   0   0   0   0   0   0   0   0   0   0   0   0   0   0   0   0   1   0   1   0   0   0   255 255 0   0   
0   0   0   0   0   0   0   0   0   0   0   0   0   0   0   0   0   0   0   0   0   0   255 255 1   0   0   0   255 255 0   0   
0   0   0   0   0   0   6   0   0   0   0   0   2   0   6   0   0   0   255 255 0   0   7   0   0   0   0   0   3   0   19  0   
255 255 0   0   0   0   2   0   0   0   0   0   1   0   4   0   0   0   0   0   255 255 0   0   0   0   0   0   255 255 0   0   
0   0   0   0   0   0   0   0   0   0   0   0   0   0   0   0   0   0   0   0   0   0   0   0   0   0   0   0   255 255 0   0   
0   0   0   0   0   0   0   0   0   0   0   0   0   0   0   0   0   0   0   0   0   0   255 255 0   0   0   0   255 255 0   0   
0   0   0   0   255 255 6   0   0   0   0   0   2   0   6   0   0   0   255 255 0   0   7   0   0   0   0   0   3   0   19  0   
255 255 0   0   0   0   2   0   0   0   0   0   1   0   4   0   0   0   0   0   255 255 0   0   0   0   0   0   255 255 0   0   
0   0   0   0   0   0   0   0   0   0   0   0   0   0   0   0   0   0   0   0   0   0   0   0   0   0   0   0   255 255 0   0   
0   0   0   0   0   0   0   0   0   0   0   0   0   0   0   0   0   0   0   0   0   0   255 255 1   0   0   0   255 255 0   0   
0   0   0   0   255 255 6   0   0   0   0   0   2   0   6   0   0   0   255 255 255 255 7   0   0   0   0   0   3   0   19  0   
255 255 0   0   0   0   2   0   0   0   0   0   1   0   4   0   0   0   0   0   255 255 0   0   0   0   0   0   255 255 0   0   
0   0   0   0   0   0   0   0   0   0   0   0   0   0   0   0   0   0   0   0   0   0   0   0   0   0   0   0   255 255 0   0   
0   0   0   0   0   0   0   0   0   0   0   0   0   0   0   0   0   0   0   0   0   0   255 255 1   0   0   0   255 255 0   0   
0   0   0   0   255 255 6   0   0   0   0   0   2   0   6   0   0   0   255 255 255 255 7   0   0   0   0   0   3   0   19  0   
255 255 0   0   0   0   2   0   0   0   0   0   1   0   4   0   0   0   0   0   255 255 0   0   0   0   0   0   255 255 1   0   
0   0   0   0   0   0   0   0   0   0   0   0   0   0   0   0   0   0   0   0   0   0   0   0   0   0   0   0   255 255 0   0   
255 255 255 255 0   0   0   0   0   0   0   0   0   0   0   0   0   0   0   0   0   0   255 255 1   0   0   0   255 255 0   0   
0   0   0   0   0   0   6   0   0   0   0   0   2   0   6   0   0   0   255 255 255 255 7   0   0   0   0   0   4   0   19  0   
255 255 0   0   0   0   2   0   0   0   0   0   1   0   4   0   0   0   0   0   255 255 0   0   0   0   0   0   255 255 1   0   
0   0   0   0   0   0   0   0   0   0   0   0   0   0   0   0   0   0   0   0   0   0   0   0   0   0   0   0   255 255 0   0   
255 255 255 255 0   0   0   0   0   0   0   0   0   0   0   0   0   0   0   0   0   0   255 255 1   0   0   0   255 255 0   0   
0   0   0   0   0   0   6   0   0   0   0   0   2   0   6   0   0   0   255 255 0   0   7   0   255 255 0   0   3   0   19  0   
255 255 0   0   0   0   2   0   0   0   0   0   1   0   4   0   0   0   0   0   255 255 0   0   0   0   0   0   255 255 1   0   
0   0   0   0   0   0   0   0   0   0   0   0   0   0   0   0   0   0   0   0   0   0   0   0   1   0   0   0   255 255 1   0   
255 255 255 255 0   0   0   0   0   0   0   0   0   0   0   0   0   0   0   0   0   0   255 255 1   0   0   0   255 255 0   0   
0   0   0   0   0   0   6   0   0   0   0   0   2   0   6   0   0   0   255 255 0   0   7   0   255 255 0   0   3   0   19  0   
255 255 0   0   0   0   2   0   0   0   0   0   1   0   4   0   0   0   0   0   255 255 0   0   0   0   0   0   255 255 1   0   
0   0   0   0   0   0   0   0   0   0   0   0   0   0   0   0   0   0   0   0   0   0   0   0   1   0   0   0   255 255 1   0   
255 255 255 255 0   0   0   0   0   0   0   0   0   0   0   0   0   0   0   0   0   0   255 255 1   0   0   0   255 255 0   0   
0   0   0   0   0   0   6   0   0   0   0   0   2   0   6   0   0   0   255 255 0   0   7   0   255 255 0   0   3   0   19  0   
255 255 0   0   0   0   2   0   0   0   0   0   1   0   4   0   0   0   0   0   255 255 0   0   0   0   0   0   255 255 1   0   
0   0   0   0   0   0   0   0   0   0   0   0   0   0   0   0   0   0   0   0   0   0   0   0   1   0   0   0   255 255 1   0   
255 255 255 255 0   0   0   0   0   0   0   0   0   0   0   0   0   0   0   0   0   0   255 255 1   0   0   0   255 255 0   0   
0   0   0   0   0   0   6   0   0   0   0   0   2   0   6   0   0   0   255 255 0   0   7   0   255 255 0   0   3   0   19  0   
255 255 0   0   0   0   2   0   0   0   0   0   1   0   4   0   0   0   0   0   255 255 0   0   0   0   0   0   255 255 1   0   
0   0   0   0   0   0   0   0   1   0   0   0   0   0   0   0   0   0   0   0   0   0   0   0   1   0   0   0   255 255 1   0   
255 255 255 255 0   0   0   0   0   0   0   0   0   0   0   0   0   0   0   0   0   0   255 255 1   0   0   0   255 255 0   0   
0   0   0   0   0   0   5   0   0   0   0   0   2   0   6   0   0   0   255 255 0   0   7   0   255 255 0   0   3   0   19  0   
255 255 0   0   0   0   2   0   0   0   0   0   1   0   4   0   0   0   0   0   255 255 0   0   0   0   0   0   255 255 1   0   
0   0   0   0   0   0   0   0   0   0   0   0   0   0   0   0   0   0   0   0   0   0   0   0   0   0   0   0   255 255 1   0   
255 255 255 255 0   0   0   0   0   0   0   0   0   0   0   0   0   0   0   0   0   0   255 255 1   0   0   0   255 255 0   0   
0   0   0   0   0   0   5   0   0   0   0   0   2   0   6   0   0   0   255 255 0   0   7   0   255 255 0   0   3   0   19  0   
255 255 0   0   0   0   2   0   0   0   0   0   1   0   4   0   0   0   0   0   255 255 0   0   0   0   0   0   255 255 1   0   
0   0   0   0   0   0   0   0   0   0   0   0   0   0   0   0   0   0   0   0   0   0   0   0   0   0   0   0   255 255 1   0   
255 255 255 255 0   0   0   0   0   0   0   0   0   0   0   0   0   0   0   0   0   0   255 255 1   0   0   0   255 255 255 255 
0   0   0   0   0   0   5   0   0   0   0   0   2   0   6   0   0   0   255 255 0   0   7   0   255 255 0   0   3   0   19  0   
255 255 0   0   0   0   2   0   0   0   0   0   0   0   4   0   0   0   0   0   255 255 0   0   0   0   0   0   255 255 1   0   
0   0   0   0   0   0   0   0   0   0   0   0   0   0   0   0   0   0   0   0   0   0   0   0   0   0   0   0   255 255 1   0   
255 255 255 255 0   0   0   0   0   0   0   0   0   0   0   0   0   0   0   0   0   0   255 255 1   0   0   0   255 255 255 255 
0   0   0   0   0   0   6   0   0   0   0   0   2   0   6   0   0   0   255 255 0   0   7   0   255 255 0   0   3   0   19  0   
255 255 0   0   0   0   2   0   0   0   0   0   0   0   4   0   0   0   0   0   255 255 0   0   0   0   0   0   255 255 1   0   
0   0   0   0   0   0   0   0   0   0   0   0   0   0   0   0   0   0   0   0   0   0   0   0   0   0   0   0   255 255 1   0   
255 255 255 255 0   0   0   0   0   0   0   0   0   0   0   0   0   0   0   0   0   0   255 255 1   0   0   0   255 255 255 255 
0   0   0   0   0   0   5   0   255 255 0   0   2   0   5   0   0   0   255 255 0   0   7   0   255 255 0   0   3   0   19  0   
255 255 0   0   0   0   2   0   0   0   0   0   0   0   4   0   0   0   0   0   255 255 0   0   0   0   0   0   255 255 1   0   
0   0   0   0   0   0   0   0   0   0   0   0   0   0   0   0   0   0   0   0   0   0   0   0   1   0   0   0   255 255 1   0   
255 255 255 255 0   0   0   0   0   0   0   0   0   0   0   0   0   0   0   0   0   0   255 255 1   0   0   0   255 255 255 255 
0   0   0   0   255 255 5   0   255 255 0   0   2   0   5   0   0   0   255 255 0   0   7   0   255 255 0   0   3   0   19  0   
255 255 0   0   0   0   2   0   0   0   0   0   0   0   4   0   0   0   0   0   255 255 0   0   0   0   0   0   255 255 1   0   
0   0   0   0   0   0   0   0   0   0   0   0   0   0   0   0   0   0   0   0   0   0   0   0   0   0   0   0   255 255 1   0   
255 255 255 255 0   0   0   0   0   0   0   0   0   0   0   0   0   0   0   0   0   0   255 255 1   0   0   0   255 255 255 255 
0   0   0   0   255 255 5   0   255 255 0   0   2   0   5   0   0   0   255 255 0   0   7   0   255 255 0   0   3   0   19  0   
255 255 0   0   0   0   2   0   0   0   0   0   0   0   4   0   0   0   0   0   255 255 0   0   0   0   0   0   255 255 1   0   
0   0   0   0   0   0   0   0   0   0   0   0   0   0   0   0   0   0   0   0   0   0   0   0   0   0   0   0   255 255 0   0   
255 255 255 255 0   0   0   0   0   0   0   0   0   0   0   0   255 255 255 255 0   0   254 255 1   0   0   0   255 255 255 255 
0   0   0   0   0   0   5   0   255 255 0   0   2   0   5   0   0   0   255 255 0   0   7   0   255 255 0   0   3   0   19  0   
255 255 0   0   0   0   2   0   0   0   255 255 0   0   4   0   0   0   0   0   255 255 0   0   0   0   0   0   255 255 0   0   
0   0   0   0   0   0   0   0   0   0   0   0   0   0   0   0   0   0   0   0   0   0   0   0   0   0   0   0   255 255 0   0   
255 255 255 255 0   0   0   0   0   0   0   0   0   0   0   0   0   0   0   0   0   0   255 255 1   0   0   0   255 255 255 255 
0   0   0   0   0   0   5   0   255 255 0   0   2   0   5   0   0   0   255 255 0   0   6   0   255 255 0   0   3   0   18  0   
255 255 0   0   0   0   2   0   0   0   255 255 1   0   4   0   0   0   0   0   255 255 0   0   0   0   0   0   255 255 0   0   
0   0   0   0   0   0   0   0   0   0   0   0   0   0   0   0   0   0   0   0   0   0   0   0   1   0   0   0   255 255 0   0   
255 255 255 255 0   0   0   0   0   0   0   0   0   0   0   0   0   0   0   0   0   0   255 255 1   0   0   0   255 255 0   0   
0   0   255 255 255 255 5   0   255 255 0   0   2   0   5   0   0   0   255 255 0   0   6   0   255 255 0   0   3   0   19  0   
255 255 0   0   0   0   2   0   0   0   255 255 0   0   3   0   0   0   0   0   255 255 0   0   0   0   0   0   255 255 1   0   
0   0   0   0   0   0   0   0   0   0   0   0   0   0   0   0   0   0   0   0   0   0   0   0   1   0   0   0   255 255 0   0   
255 255 255 255 0   0   0   0   0   0   0   0   0   0   0   0   0   0   255 255 0   0   255 255 0   0   0   0   255 255 0   0   
0   0   255 255 255 255 5   0   255 255 0   0   2   0   5   0   0   0   255 255 0   0   6   0   255 255 0   0   3   0   19  0   
255 255 0   0   0   0   2   0   0   0   255 255 0   0   3   0   0   0   0   0   255 255 0   0   0   0   0   0   255 255 1   0   
0   0   0   0   0   0   1   0   0   0   0   0   0   0   0   0   0   0   0   0   0   0   0   0   1   0   0   0   255 255 0   0   
255 255 255 255 0   0   0   0   0   0   0   0   0   0   0   0   0   0   255 255 0   0   255 255 0   0   0   0   255 255 255 255 
0   0   255 255 0   0   5   0   255 255 0   0   2   0   5   0   0   0   255 255 0   0   7   0   255 255 0   0   3   0   19  0   
255 255 0   0   0   0   3   0   0   0   255 255 0   0   3   0   0   0   0   0   255 255 0   0   0   0   0   0   255 255 1   0   
0   0   0   0   0   0   1   0   0   0   0   0   0   0   0   0   0   0   0   0   0   0   0   0   0   0   0   0   255 255 0   0   
255 255 255 255 0   0   0   0   0   0   0   0   0   0   0   0   0   0   255 255 0   0   255 255 0   0   0   0   255 255 255 255 
0   0   255 255 0   0   5   0   255 255 0   0   2   0   5   0   0   0   255 255 0   0   6   0   255 255 0   0   3   0   19  0   
255 255 0   0   0   0   3   0   0   0   255 255 0   0   3   0   0   0   0   0   255 255 0   0   0   0   0   0   255 255 1   0   
1   0   0   0   0   0   1   0   1   0   0   0   0   0   0   0   0   0   0   0   0   0   0   0   1   0   0   0   0   0   1   0   
255 255 255 255 0   0   0   0   0   0   0   0   0   0   0   0   0   0   255 255 0   0   255 255 0   0   0   0   255 255 255 255 
0   0   255 255 0   0   5   0   255 255 0   0   2   0   5   0   0   0   255 255 0   0   7   0   255 255 0   0   3   0   19  0   
255 255 0   0   0   0   3   0   0   0   255 255 0   0   4   0   0   0   0   0   255 255 0   0   0   0   0   0   255 255 1   0   
1   0   0   0   0   0   1   0   1   0   0   0   0   0   0   0   0   0   0   0   0   0   0   0   1   0   0   0   0   0   1   0   
255 255 0   0   0   0   0   0   0   0   0   0   0   0   0   0   0   0   255 255 0   0   255 255 0   0   0   0   255 255 255 255 
0   0   255 255 0   0   5   0   255 255 0   0   2   0   5   0   0   0   255 255 0   0   7   0   255 255 0   0   3   0   19  0   
255 255 0   0   0   0   3   0   0   0   255 255 0   0   4   0   0   0   0   0   255 255 0   0   1   0   0   0   0   0   1   0   
1   0   0   0   0   0   1   0   1   0   0   0   0   0   0   0   0   0   0   0   0   0   0   0   1   0   0   0   0   0   1   0   
255 255 0   0   0   0   0   0   0   0   0   0   0   0   0   0   255 255 255 255 255 255 255 255 0   0   0   0   255 255 255 255 
0   0   255 255 0   0   5   0   255 255 0   0   2   0   5   0   0   0   255 255 0   0   8   0   255 255 0   0   3   0   19  0   
255 255 0   0   0   0   3   0   0   0   255 255 0   0   4   0   0   0   0   0   255 255 0   0   1   0   0   0   0   0   1   0   
1   0   0   0   0   0   0   0   0   0   0   0   0   0   255 255 0   0   0   0   0   0   0   0   1   0   0   0   255 255 0   0   
255 255 0   0   0   0   0   0   0   0   0   0   0   0   0   0   255 255 255 255 255 255 255 255 0   0   0   0   255 255 0   0   
0   0   255 255 0   0   5   0   255 255 0   0   2   0   5   0   0   0   255 255 0   0   8   0   255 255 0   0   3   0   19  0   
255 255 0   0   0   0   2   0   0   0   255 255 0   0   3   0   0   0   0   0   255 255 0   0   1   0   0   0   0   0   1   0   
1   0   0   0   0   0   0   0   0   0   0   0   0   0   0   0   0   0   0   0   0   0   0   0   1   0   0   0   255 255 0   0   
255 255 0   0   0   0   0   0   0   0   0   0   0   0   0   0   0   0   0   0   255 255 255 255 0   0   0   0   255 255 0   0   
0   0   255 255 0   0   5   0   255 255 0   0   2   0   5   0   0   0   255 255 0   0   7   0   255 255 0   0   3   0   19  0   
255 255 0   0   0   0   2   0   0   0   255 255 0   0   3   0   0   0   0   0   255 255 0   0   1   0   0   0   0   0   1   0   
1   0   0   0   0   0   0   0   0   0   0   0   0   0   0   0   0   0   0   0   0   0   0   0   1   0   0   0   255 255 0   0   
255 255 255 255 0   0   0   0   0   0   0   0   0   0   0   0   0   0   0   0   255 255 255 255 0   0   0   0   255 255 0   0   
0   0   255 255 0   0   5   0   255 255 0   0   2   0   5   0   0   0   255 255 0   0   7   0   255 255 0   0   3   0   18  0   
255 255 255 255 0   0   1   0   0   0   255 255 0   0   3   0   0   0   0   0   255 255 0   0   1   0   0   0   0   0   1   0   
1   0   0   0   0   0   0   0   0   0   0   0   0   0   0   0   0   0   0   0   0   0   0   0   1   0   0   0   255 255 0   0   
0   0   0   0   0   0   0   0   0   0   0   0   0   0   0   0   0   0   0   0   255 255 255 255 0   0   0   0   255 255 0   0   
0   0   255 255 255 255 5   0   255 255 0   0   2   0   5   0   0   0   255 255 0   0   7   0   255 255 0   0   4   0   19  0   
255 255 255 255 0   0   2   0   0   0   255 255 0   0   3   0   0   0   0   0   255 255 0   0   1   0   0   0   0   0   1   0   
1   0   0   0   0   0   0   0   0   0   0   0   0   0   0   0   0   0   0   0   0   0   0   0   1   0   0   0   255 255 0   0   
0   0   0   0   0   0   0   0   0   0   0   0   0   0   0   0   0   0   0   0   255 255 255 255 1   0   0   0   255 255 0   0   
0   0   255 255 0   0   5   0   255 255 0   0   2   0   5   0   0   0   255 255 0   0   7   0   255 255 0   0   4   0   19  0   
255 255 255 255 0   0   2   0   0   0   255 255 0   0   3   0   0   0   0   0   255 255 0   0   1   0   0   0   0   0   1   0   
1   0   0   0   0   0   0   0   0   0   0   0   0   0   0   0   0   0   0   0   0   0   0   0   1   0   0   0   255 255 0   0   
0   0   0   0   0   0   0   0   0   0   0   0   0   0   0   0   0   0   0   0   255 255 255 255 1   0   0   0   255 255 0   0   
0   0   255 255 0   0   5   0   255 255 0   0   1   0   5   0   0   0   255 255 0   0   6   0   255 255 0   0   4   0   19  0   
255 255 255 255 0   0   2   0   0   0   255 255 0   0   3   0   0   0   0   0   255 255 0   0   1   0   0   0   0   0   1   0   
1   0   0   0   0   0   0   0   0   0   0   0   0   0   0   0   0   0   0   0   0   0   0   0   1   0   0   0   255 255 0   0   
0   0   0   0   0   0   0   0   0   0   0   0   0   0   0   0   0   0   255 255 255 255 255 255 1   0   0   0   255 255 0   0   
0   0   255 255 0   0   5   0   255 255 0   0   1   0   5   0   0   0   255 255 0   0   7   0   255 255 0   0   4   0   19  0   
255 255 255 255 0   0   2   0   0   0   255 255 0   0   3   0   0   0   0   0   255 255 0   0   1   0   0   0   0   0   1   0   
1   0   0   0   0   0   1   0   0   0   0   0   0   0   0   0   0   0   0   0   0   0   0   0   1   0   0   0   255 255 0   0   
0   0   0   0   0   0   0   0   0   0   0   0   0   0   0   0   0   0   255 255 255 255 255 255 1   0   0   0   255 255 0   0   
0   0   255 255 0   0   5   0   255 255 0   0   1   0   5   0   0   0   255 255 0   0   7   0   255 255 0   0   3   0   18  0   
255 255 255 255 0   0   2   0   0   0   255 255 0   0   3   0   0   0   0   0   255 255 0   0   1   0   0   0   0   0   1   0   
1   0   0   0   0   0   1   0   0   0   0   0   0   0   0   0   0   0   0   0   0   0   0   0   1   0   0   0   255 255 0   0   
0   0   0   0   0   0   0   0   0   0   0   0   0   0   0   0   0   0   255 255 255 255 255 255 0   0   0   0   255 255 0   0   
0   0   255 255 0   0   5   0   255 255 0   0   1   0   5   0   0   0   255 255 0   0   7   0   255 255 0   0   3   0   19  0   
255 255 255 255 0   0   2   0   0   0   255 255 1   0   4   0   0   0   0   0   255 255 0   0   1   0   0   0   255 255 0   0   
1   0   0   0   0   0   1   0   0   0   0   0   0   0   0   0   0   0   0   0   0   0   0   0   1   0   0   0   255 255 0   0   
0   0   0   0   0   0   0   0   0   0   0   0   0   0   0   0   0   0   255 255 255 255 255 255 0   0   0   0   255 255 0   0   
0   0   255 255 0   0   5   0   255 255 0   0   1   0   5   0   0   0   255 255 0   0   7   0   255 255 0   0   3   0   18  0   
255 255 255 255 0   0   2   0   0   0   255 255 1   0   4   0   0   0   0   0   255 255 0   0   1   0   0   0   255 255 0   0   
1   0   0   0   0   0   1   0   0   0   0   0   0   0   0   0   0   0   0   0   0   0   0   0   1   0   0   0   255 255 0   0   
0   0   0   0   0   0   0   0   0   0   0   0   0   0   0   0   0   0   255 255 255 255 255 255 0   0   0   0   255 255 0   0   
0   0   255 255 0   0   5   0   255 255 0   0   1   0   5   0   0   0   255 255 0   0   7   0   255 255 0   0   3   0   19  0   
255 255 255 255 0   0   2   0   0   0   255 255 1   0   4   0   0   0   0   0   255 255 0   0   1   0   0   0   255 255 0   0   
1   0   0   0   0   0   0   0   0   0   0   0   0   0   0   0   0   0   0   0   0   0   0   0   1   0   0   0   255 255 1   0   
0   0   0   0   0   0   0   0   0   0   0   0   0   0   0   0   0   0   255 255 255 255 255 255 0   0   0   0   255 255 0   0   
0   0   255 255 0   0   5   0   255 255 0   0   1   0   5   0   0   0   255 255 255 255 6   0   255 255 0   0   3   0   19  0   
255 255 255 255 0   0   2   0   0   0   255 255 1   0   4   0   0   0   0   0   255 255 0   0   1   0   0   0   255 255 0   0   
0   0   0   0   0   0   0   0   0   0   0   0   0   0   0   0   0   0   0   0   0   0   0   0   1   0   0   0   255 255 1   0   
0   0   0   0   0   0   0   0   0   0   0   0   0   0   0   0   0   0   255 255 255 255 255 255 0   0   0   0   255 255 0   0   
0   0   255 255 0   0   5   0   255 255 0   0   2   0   5   0   0   0   255 255 255 255 7   0   0   0   0   0   3   0   19  0   
255 255 255 255 0   0   2   0   0   0   255 255 1   0   4   0   0   0   0   0   255 255 0   0   1   0   0   0   0   0   1   0   
0   0   0   0   0   0   0   0   0   0   0   0   0   0   0   0   0   0   0   0   0   0   0   0   1   0   0   0   255 255 1   0   
0   0   0   0   0   0   0   0   0   0   0   0   0   0   0   0   0   0   255 255 255 255 255 255 0   0   0   0   255 255 0   0   
0   0   255 255 0   0   5   0   255 255 0   0   2   0   5   0   0   0   255 255 255 255 6   0   0   0   0   0   3   0   19  0   
255 255 255 255 0   0   2   0   0   0   255 255 1   0   4   0   0   0   0   0   255 255 0   0   1   0   0   0   0   0   1   0   
0   0   0   0   0   0   0   0   0   0   0   0   0   0   0   0   0   0   0   0   0   0   0   0   0   0   0   0   255 255 1   0   
0   0   0   0   0   0   0   0   0   0   0   0   0   0   0   0   0   0   255 255 255 255 255 255 0   0   0   0   255 255 0   0   
0   0   255 255 0   0   5   0   255 255 0   0   2   0   5   0   0   0   255 255 255 255 7   0   0   0   0   0   3   0   19  0   
255 255 0   0   0   0   2   0   0   0   255 255 1   0   4   0   0   0   0   0   255 255 0   0   0   0   0   0   0   0   0   0   
0   0   0   0   0   0   0   0   0   0   0   0   0   0   0   0   0   0   0   0   0   0   0   0   0   0   0   0   255 255 1   0   
0   0   0   0   0   0   0   0   0   0   0   0   0   0   0   0   0   0   255 255 255 255 255 255 0   0   0   0   255 255 0   0   
0   0   255 255 0   0   4   0   255 255 0   0   1   0   5   0   0   0   255 255 255 255 7   0   0   0   0   0   3   0   19  0   
255 255 0   0   0   0   2   0   0   0   255 255 1   0   4   0   0   0   0   0   255 255 0   0   0   0   0   0   0   0   1   0   
0   0   0   0   0   0   0   0   0   0   0   0   0   0   0   0   0   0   0   0   0   0   0   0   0   0   0   0   255 255 1   0   
0   0   255 255 0   0   0   0   0   0   0   0   0   0   0   0   0   0   255 255 255 255 255 255 0   0   0   0   255 255 0   0   
0   0   255 255 0   0   4   0   255 255 0   0   1   0   5   0   0   0   255 255 255 255 7   0   0   0   0   0   3   0   19  0   
255 255 255 255 0   0   2   0   0   0   255 255 1   0   4   0   0   0   0   0   255 255 0   0   0   0   0   0   0   0   1   0   
0   0   0   0   0   0   0   0   0   0   0   0   0   0   0   0   0   0   0   0   0   0   0   0   1   0   0   0   255 255 1   0   
0   0   0   0   0   0   0   0   0   0   0   0   0   0   0   0   0   0   255 255 255 255 255 255 0   0   0   0   255 255 0   0   
0   0   255 255 0   0   5   0   255 255 0   0   1   0   5   0   0   0   255 255 0   0   7   0   0   0   0   0   4   0   18  0   
255 255 255 255 0   0   2   0   0   0   255 255 1   0   4   0   0   0   0   0   255 255 0   0   0   0   0   0   0   0   1   0   
0   0   0   0   0   0   0   0   0   0   0   0   0   0   0   0   0   0   0   0   0   0   0   0   1   0   0   0   255 255 1   0   
0   0   0   0   0   0   0   0   0   0   0   0   0   0   0   0   0   0   255 255 255 255 255 255 0   0   0   0   255 255 0   0   
0   0   255 255 0   0   5   0   255 255 0   0   1   0   5   0   0   0   255 255 0   0   7   0   255 255 0   0   4   0   18  0   
255 255 255 255 0   0   2   0   0   0   255 255 1   0   4   0   0   0   0   0   255 255 0   0   0   0   0   0   0   0   1   0   
0   0   0   0   0   0   0   0   0   0   0   0   0   0   0   0   0   0   0   0   0   0   0   0   1   0   0   0   255 255 1   0   
0   0   0   0   0   0   0   0   0   0   0   0   0   0   0   0   0   0   255 255 255 255 255 255 0   0   0   0   255 255 0   0   
0   0   255 255 0   0   4   0   255 255 0   0   1   0   5   0   0   0   255 255 0   0   7   0   255 255 0   0   3   0   18  0   
255 255 255 255 0   0   2   0   0   0   255 255 1   0   4   0   0   0   0   0   255 255 0   0   0   0   0   0   0   0   1   0   
0   0   0   0   0   0   0   0   0   0   0   0   0   0   0   0   0   0   0   0   0   0   0   0   0   0   0   0   255 255 0   0   
0   0   0   0   0   0   0   0   0   0   0   0   0   0   0   0   0   0   255 255 255 255 255 255 0   0   0   0   255 255 0   0   
0   0   255 255 0   0   4   0   255 255 0   0   1   0   5   0   0   0   255 255 0   0   7   0   255 255 0   0   3   0   18  0   
255 255 255 255 0   0   2   0   0   0   255 255 1   0   4   0   0   0   0   0   255 255 0   0   0   0   0   0   0   0   1   0   
0   0   0   0   0   0   0   0   0   0   0   0   0   0   0   0   0   0   0   0   0   0   0   0   0   0   0   0   255 255 0   0   
0   0   0   0   0   0   0   0   0   0   0   0   0   0   0   0   0   0   255 255 255 255 255 255 0   0   0   0   255 255 0   0   
0   0   255 255 0   0   5   0   255 255 0   0   1   0   5   0   0   0   255 255 0   0   7   0   255 255 0   0   3   0   18  0   
255 255 255 255 0   0   1   0   0   0   255 255 1   0   4   0   0   0   0   0   255 255 0   0   0   0   0   0   0   0   1   0   
0   0   0   0   0   0   0   0   0   0   0   0   0   0   0   0   0   0   0   0   0   0   0   0   0   0   0   0   255 255 0   0   
0   0   0   0   0   0   0   0   0   0   0   0   0   0   0   0   0   0   255 255 255 255 255 255 0   0   0   0   255 255 0   0   
0   0   255 255 0   0   4   0   255 255 0   0   1   0   5   0   0   0   255 255 0   0   7   0   255 255 0   0   3   0   18  0   
255 255 255 255 0   0   2   0   0   0   255 255 0   0   4   0   0   0   0   0   255 255 0   0   0   0   0   0   0   0   1   0   
0   0   0   0   0   0   0   0   0   0   0   0   0   0   0   0   0   0   0   0   0   0   0   0   0   0   0   0   255 255 0   0   
0   0   0   0   0   0   0   0   0   0   0   0   0   0   0   0   0   0   255 255 255 255 255 255 0   0   0   0   255 255 0   0   
0   0   255 255 0   0   4   0   255 255 0   0   1   0   5   0   0   0   255 255 0   0   7   0   255 255 0   0   3   0   18  0   
255 255 255 255 0   0   2   0   0   0   255 255 0   0   4   0   0   0   0   0   255 255 0   0   0   0   0   0   0   0   1   0   
0   0   0   0   0   0   0   0   0   0   0   0   0   0   0   0   0   0   0   0   0   0   0   0   0   0   0   0   255 255 0   0   
0   0   0   0   0   0   0   0   0   0   0   0   0   0   0   0   0   0   255 255 255 255 255 255 0   0   0   0   255 255 0   0   
0   0   255 255 0   0   4   0   255 255 0   0   1   0   5   0   0   0   255 255 0   0   7   0   255 255 0   0   3   0   18  0   
255 255 255 255 0   0   2   0   0   0   255 255 0   0   4   0   0   0   0   0   255 255 1   0   0   0   0   0   0   0   1   0   
0   0   0   0   0   0   0   0   0   0   0   0   0   0   0   0   0   0   0   0   0   0   0   0   0   0   0   0   255 255 0   0   
0   0   0   0   0   0   0   0   0   0   0   0   0   0   0   0   0   0   255 255 0   0   255 255 0   0   0   0   255 255 0   0   
0   0   255 255 0   0   4   0   255 255 0   0   1   0   5   0   0   0   255 255 0   0   6   0   255 255 0   0   3   0   18  0   
255 255 255 255 0   0   2   0   0   0   255 255 0   0   4   0   0   0   0   0   255 255 0   0   0   0   0   0   0   0   1   0   
0   0   0   0   0   0   0   0   0   0   0   0   0   0   0   0   0   0   0   0   0   0   0   0   0   0   0   0   255 255 0   0   
0   0   0   0   0   0   0   0   0   0   0   0   0   0   0   0   0   0   255 255 0   0   255 255 0   0   0   0   255 255 0   0   
0   0   255 255 0   0   4   0   255 255 0   0   1   0   5   0   0   0   255 255 0   0   6   0   255 255 0   0   3   0   18  0   
255 255 255 255 0   0   2   0   0   0   255 255 0   0   4   0   0   0   0   0   255 255 0   0   0   0   0   0   0   0   1   0   
0   0   0   0   0   0   0   0   0   0   0   0   0   0   0   0   0   0   0   0   0   0   0   0   0   0   0   0   255 255 0   0   
0   0   0   0   0   0   0   0   0   0   0   0   0   0   0   0   0   0   0   0   0   0   0   0   0   0   0   0   255 255 0   0   
0   0   255 255 0   0   4   0   255 255 0   0   1   0   5   0   0   0   255 255 0   0   6   0   255 255 0   0   3   0   18  0   
255 255 255 255 0   0   2   0   0   0   255 255 0   0   4   0   0   0   0   0   255 255 0   0   0   0   0   0   0   0   1   0   
0   0   0   0   0   0   0   0   0   0   0   0   0   0   0   0   0   0   0   0   0   0   0   0   0   0   0   0   255 255 0   0   
0   0   0   0   0   0   0   0   0   0   0   0   0   0   0   0   0   0   0   0   0   0   255 255 0   0   0   0   255 255 0   0   
0   0   0   0   0   0   5   0   255 255 0   0   2   0   5   0   0   0   255 255 0   0   7   0   255 255 0   0   4   0   19  0   
255 255 255 255 0   0   2   0   0   0   0   0   1   0   5   0   0   0   0   0   255 255 0   0   0   0   0   0   0   0   1   0   
0   0   0   0   0   0   0   0   0   0   0   0   0   0   0   0   0   0   0   0   0   0   0   0   0   0   0   0   255 255 0   0   
0   0   0   0   0   0   0   0   0   0   0   0   0   0   0   0   0   0   255 255 0   0   255 255 0   0   0   0   255 255 0   0   
0   0   0   0   0   0   5   0   255 255 0   0   2   0   5   0   0   0   255 255 0   0   7   0   255 255 0   0   4   0   19  0   
255 255 255 255 0   0   2   0   0   0   0   0   1   0   4   0   0   0   0   0   255 255 255 255 0   0   0   0   0   0   1   0   
0   0   0   0   0   0   0   0   0   0   0   0   0   0   0   0   0   0   0   0   0   0   0   0   0   0   0   0   255 255 0   0   
0   0   0   0   0   0   0   0   0   0   0   0   0   0   0   0   0   0   255 255 0   0   255 255 0   0   0   0   255 255 0   0   
0   0   0   0   0   0   5   0   255 255 0   0   2   0   5   0   0   0   255 255 0   0   6   0   255 255 0   0   4   0   18  0   
255 255 255 255 0   0   2   0   0   0   0   0   1   0   4   0   0   0   0   0   255 255 0   0   0   0   0   0   0   0   1   0   
0   0   0   0   0   0   0   0   0   0   0   0   0   0   0   0   0   0   0   0   0   0   0   0   0   0   0   0   255 255 0   0   
0   0   0   0   0   0   0   0   0   0   0   0   0   0   0   0   0   0   255 255 0   0   255 255 0   0   0   0   255 255 0   0   
0   0   0   0   0   0   5   0   255 255 0   0   2   0   5   0   0   0   255 255 0   0   7   0   255 255 0   0   4   0   19  0   
255 255 255 255 0   0   2   0   0   0   0   0   1   0   4   0   0   0   0   0   255 255 0   0   0   0   0   0   0   0   1   0   
0   0   0   0   0   0   0   0   0   0   0   0   0   0   0   0   0   0   0   0   0   0   0   0   0   0   0   0   255 255 0   0   
0   0   0   0   0   0   1   0   0   0   0   0   0   0   0   0   0   0   255 255 0   0   255 255 0   0   0   0   255 255 0   0   
0   0   0   0   0   0   4   0   255 255 0   0   2   0   5   0   0   0   255 255 0   0   7   0   255 255 0   0   4   0   19  0   
255 255 255 255 0   0   2   0   0   0   0   0   1   0   4   0   0   0   0   0   255 255 0   0   0   0   0   0   0   0   1   0   
0   0   0   0   0   0   0   0   0   0   0   0   0   0   0   0   0   0   0   0   0   0   0   0   0   0   0   0   255 255 0   0   
0   0   255 255 0   0   0   0   0   0   0   0   0   0   0   0   0   0   255 255 0   0   255 255 0   0   0   0   255 255 0   0   
0   0   0   0   0   0   4   0   255 255 0   0   2   0   5   0   0   0   255 255 0   0   7   0   255 255 0   0   4   0   19  0   
255 255 255 255 0   0   2   0   0   0   0   0   1   0   4   0   0   0   0   0   255 255 0   0   0   0   0   0   0   0   1   0   
0   0   0   0   0   0   0   0   0   0   0   0   0   0   0   0   0   0   0   0   0   0   0   0   0   0   0   0   255 255 0   0   
0   0   255 255 0   0   0   0   0   0   0   0   0   0   0   0   0   0   255 255 0   0   255 255 0   0   0   0   255 255 0   0   
0   0   0   0   0   0   4   0   0   0   0   0   2   0   5   0   0   0   255 255 0   0   7   0   255 255 0   0   4   0   18  0   
255 255 255 255 0   0   2   0   0   0   0   0   1   0   4   0   0   0   0   0   255 255 0   0   0   0   0   0   0   0   1   0   
0   0   0   0   0   0   0   0   0   0   0   0   0   0   0   0   0   0   0   0   0   0   0   0   0   0   0   0   255 255 0   0   
0   0   255 255 0   0   0   0   0   0   0   0   0   0   0   0   0   0   255 255 0   0   255 255 0   0   0   0   255 255 0   0   
0   0   0   0   0   0   4   0   0   0   0   0   2   0   5   0   0   0   255 255 0   0   7   0   255 255 0   0   3   0   18  0   
255 255 255 255 0   0   2   0   0   0   0   0   1   0   4   0   0   0   0   0   255 255 0   0   0   0   0   0   0   0   1   0   
0   0   0   0   0   0   0   0   1   0   0   0   0   0   0   0   0   0   0   0   0   0   0   0   0   0   0   0   255 255 0   0   
0   0   255 255 0   0   0   0   0   0   0   0   0   0   0   0   0   0   255 255 0   0   255 255 0   0   0   0   255 255 255 255 
0   0   0   0   0   0   4   0   0   0   0   0   2   0   5   0   0   0   255 255 0   0   7   0   255 255 0   0   3   0   18  0   
255 255 255 255 0   0   2   0   0   0   0   0   1   0   4   0   0   0   0   0   255 255 0   0   0   0   0   0   0   0   1   0   
0   0   0   0   0   0   0   0   1   0   0   0   0   0   0   0   0   0   0   0   0   0   0   0   0   0   0   0   255 255 0   0   
0   0   255 255 0   0   0   0   0   0   0   0   0   0   0   0   0   0   255 255 0   0   255 255 0   0   0   0   255 255 255 255 
0   0   0   0   0   0   4   0   0   0   0   0   2   0   5   0   0   0   255 255 0   0   7   0   255 255 0   0   4   0   18  0   
255 255 255 255 0   0   2   0   0   0   0   0   1   0   4   0   0   0   0   0   255 255 0   0   0   0   0   0   0   0   1   0   
0   0   0   0   0   0   0   0   1   0   0   0   0   0   0   0   0   0   0   0   0   0   0   0   0   0   0   0   255 255 0   0   
0   0   0   0   0   0   0   0   0   0   0   0   0   0   0   0   0   0   255 255 0   0   255 255 0   0   0   0   255 255 255 255 
0   0   0   0   0   0   5   0   0   0   0   0   2   0   5   0   0   0   255 255 0   0   7   0   255 255 0   0   4   0   18  0   
255 255 255 255 0   0   2   0   0   0   0   0   1   0   4   0   0   0   0   0   255 255 0   0   0   0   0   0   0   0   1   0   
0   0   0   0   0   0   0   0   1   0   0   0   0   0   0   0   0   0   0   0   0   0   0   0   0   0   0   0   255 255 0   0   
0   0   0   0   0   0   0   0   0   0   0   0   0   0   0   0   0   0   0   0   0   0   255 255 0   0   0   0   255 255 255 255 
0   0   0   0   0   0   4   0   0   0   0   0   2   0   5   0   0   0   255 255 0   0   7   0   0   0   0   0   4   0   18  0   
255 255 255 255 0   0   2   0   0   0   0   0   0   0   4   0   0   0   0   0   255 255 0   0   0   0   0   0   0   0   1   0   
0   0   0   0   0   0   0   0   1   0   0   0   0   0   0   0   0   0   0   0   0   0   0   0   0   0   0   0   255 255 0   0   
0   0   0   0   0   0   0   0   0   0   0   0   0   0   0   0   0   0   0   0   0   0   255 255 0   0   0   0   255 255 255 255 
0   0   0   0   0   0   4   0   0   0   0   0   2   0   5   0   0   0   255 255 0   0   7   0   0   0   0   0   4   0   18  0   
255 255 255 255 0   0   2   0   0   0   0   0   0   0   4   0   0   0   0   0   255 255 0   0   0   0   0   0   0   0   1   0   
0   0   0   0   0   0   0   0   1   0   0   0   0   0   0   0   0   0   0   0   0   0   0   0   0   0   0   0   255 255 0   0   
0   0   0   0   0   0   0   0   0   0   0   0   0   0   0   0   0   0   0   0   0   0   255 255 0   0   0   0   255 255 255 255 
0   0   0   0   0   0   4   0   0   0   0   0   2   0   5   0   0   0   255 255 0   0   7   0   0   0   0   0   4   0   18  0   
255 255 255 255 0   0   2   0   0   0   0   0   1   0   4   0   0   0   0   0   255 255 0   0   1   0   0   0   0   0   1   0   
0   0   0   0   0   0   0   0   0   0   0   0   0   0   0   0   0   0   0   0   0   0   0   0   0   0   0   0   255 255 0   0   
0   0   0   0   0   0   0   0   0   0   0   0   0   0   0   0   0   0   0   0   0   0   255 255 0   0   0   0   255 255 255 255 
0   0   0   0   0   0   4   0   0   0   0   0   2   0   5   0   0   0   255 255 0   0   7   0   0   0   0   0   4   0   18  0   
255 255 255 255 0   0   2   0   0   0   0   0   1   0   4   0   0   0   0   0   255 255 0   0   1   0   0   0   0   0   1   0   
0   0   0   0   0   0   0   0   1   0   0   0   0   0   0   0   0   0   0   0   0   0   0   0   0   0   0   0   255 255 0   0   
0   0   0   0   0   0   0   0   0   0   0   0   0   0   0   0   0   0   0   0   0   0   255 255 1   0   0   0   255 255 0   0   
0   0   0   0   0   0   4   0   0   0   0   0   2   0   5   0   0   0   255 255 0   0   7   0   0   0   0   0   4   0   18  0   
255 255 255 255 0   0   2   0   0   0   0   0   1   0   4   0   0   0   0   0   255 255 0   0   1   0   0   0   0   0   1   0   
0   0   0   0   0   0   0   0   1   0   0   0   0   0   0   0   0   0   0   0   0   0   0   0   1   0   0   0   255 255 0   0   
0   0   0   0   0   0   0   0   0   0   0   0   0   0   0   0   0   0   0   0   0   0   255 255 1   0   0   0   255 255 0   0   
0   0   0   0   0   0   4   0   0   0   0   0   2   0   5   0   0   0   255 255 0   0   7   0   0   0   0   0   3   0   18  0   
255 255 255 255 0   0   2   0   0   0   0   0   1   0   4   0   0   0   0   0   255 255 0   0   1   0   0   0   0   0   1   0   
0   0   0   0   0   0   0   0   0   0   0   0   0   0   0   0   0   0   0   0   0   0   0   0   1   0   0   0   255 255 0   0   
0   0   0   0   0   0   0   0   0   0   0   0   0   0   0   0   0   0   0   0   0   0   255 255 1   0   0   0   255 255 0   0   
0   0   0   0   0   0   4   0   0   0   0   0   2   0   5   0   0   0   255 255 0   0   7   0   0   0   0   0   3   0   18  0   
255 255 255 255 0   0   2   0   0   0   0   0   1   0   4   0   0   0   0   0   255 255 0   0   1   0   0   0   0   0   1   0   
0   0   0   0   0   0   0   0   0   0   0   0   0   0   0   0   0   0   0   0   0   0   0   0   0   0   0   0   255 255 0   0   
0   0   255 255 0   0   0   0   0   0   0   0   0   0   0   0   0   0   0   0   0   0   255 255 1   0   0   0   255 255 0   0   
0   0   0   0   0   0   5   0   0   0   0   0   2   0   5   0   0   0   255 255 0   0   7   0   0   0   0   0   3   0   18  0   
255 255 255 255 0   0   2   0   0   0   0   0   1   0   4   0   0   0   0   0   255 255 0   0   1   0   0   0   0   0   1   0   
0   0   0   0   0   0   0   0   0   0   0   0   0   0   0   0   0   0   0   0   0   0   0   0   0   0   0   0   255 255 0   0   
0   0   255 255 0   0   0   0   0   0   0   0   0   0   0   0   0   0   0   0   0   0   255 255 0   0   0   0   255 255 0   0   
0   0   0   0   0   0   5   0   255 255 0   0   1   0   5   0   0   0   255 255 0   0   6   0   0   0   0   0   3   0   18  0   
255 255 255 255 0   0   2   0   0   0   0   0   1   0   4   0   0   0   0   0   255 255 1   0   1   0   0   0   255 255 0   0   
0   0   0   0   0   0   0   0   0   0   0   0   0   0   0   0   0   0   0   0   0   0   0   0   0   0   0   0   255 255 0   0   
0   0   255 255 0   0   0   0   0   0   0   0   0   0   0   0   0   0   0   0   0   0   255 255 0   0   0   0   255 255 0   0   
0   0   0   0   0   0   5   0   255 255 0   0   1   0   5   0   0   0   255 255 0   0   6   0   0   0   0   0   3   0   18  0   
255 255 255 255 0   0   2   0   0   0   0   0   1   0   4   0   0   0   0   0   255 255 0   0   1   0   0   0   255 255 0   0   
0   0   0   0   0   0   1   0   0   0   0   0   0   0   0   0   0   0   0   0   0   0   0   0   0   0   0   0   255 255 0   0   
0   0   255 255 0   0   0   0   0   0   0   0   0   0   0   0   0   0   0   0   0   0   255 255 0   0   0   0   255 255 0   0   
0   0   0   0   0   0   5   0   255 255 0   0   1   0   5   0   0   0   255 255 0   0   6   0   0   0   0   0   3   0   18  0   
255 255 255 255 0   0   2   0   0   0   0   0   1   0   4   0   0   0   0   0   255 255 0   0   1   0   0   0   255 255 0   0   
0   0   0   0   0   0   1   0   0   0   0   0   0   0   0   0   0   0   0   0   0   0   0   0   0   0   0   0   255 255 0   0   
0   0   255 255 0   0   0   0   0   0   0   0   0   0   0   0   0   0   0   0   0   0   255 255 0   0   0   0   255 255 0   0   
0   0   0   0   0   0   5   0   0   0   0   0   2   0   5   0   0   0   255 255 0   0   6   0   0   0   0   0   3   0   18  0   
255 255 255 255 0   0   2   0   0   0   0   0   1   0   4   0   0   0   0   0   255 255 0   0   1   0   0   0   255 255 0   0   
0   0   0   0   0   0   0   0   0   0   0   0   0   0   0   0   0   0   0   0   0   0   0   0   1   0   0   0   255 255 1   0   
0   0   255 255 0   0   0   0   0   0   0   0   0   0   0   0   0   0   0   0   0   0   255 255 0   0   0   0   255 255 0   0   
0   0   0   0   0   0   4   0   0   0   0   0   2   0   5   0   0   0   255 255 0   0   6   0   0   0   0   0   3   0   18  0   
255 255 255 255 0   0   3   0   0   0   255 255 1   0   4   0   0   0   0   0   255 255 1   0   1   0   0   0   255 255 1   0   
0   0   0   0   0   0   0   0   0   0   0   0   0   0   0   0   0   0   0   0   0   0   0   0   1   0   0   0   255 255 1   0   
0   0   255 255 0   0   0   0   0   0   0   0   0   0   0   0   0   0   0   0   0   0   255 255 0   0   0   0   255 255 0   0   
0   0   0   0   0   0   4   0   0   0   0   0   2   0   5   0   0   0   255 255 0   0   6   0   0   0   0   0   3   0   18  0   
255 255 255 255 0   0   2   0   0   0   255 255 1   0   4   0   0   0   0   0   255 255 1   0   1   0   0   0   255 255 1   0   
0   0   0   0   0   0   1   0   0   0   0   0   0   0   0   0   0   0   0   0   0   0   0   0   1   0   0   0   255 255 1   0   
0   0   255 255 0   0   0   0   0   0   0   0   0   0   0   0   0   0   0   0   0   0   255 255 0   0   0   0   255 255 0   0   
0   0   0   0   0   0   4   0   0   0   0   0   2   0   5   0   0   0   255 255 0   0   6   0   0   0   0   0   3   0   18  0   
255 255 255 255 0   0   2   0   0   0   255 255 1   0   4   0   0   0   0   0   255 255 0   0   1   0   0   0   255 255 1   0   
0   0   0   0   0   0   1   0   0   0   0   0   0   0   0   0   0   0   0   0   0   0   0   0   1   0   0   0   255 255 1   0   
0   0   255 255 0   0   0   0   0   0   0   0   0   0   0   0   0   0   0   0   0   0   255 255 0   0   0   0   255 255 0   0   
0   0   0   0   0   0   4   0   0   0   0   0   2   0   5   0   0   0   255 255 0   0   6   0   0   0   0   0   3   0   18  0   
255 255 255 255 0   0   2   0   0   0   255 255 1   0   4   0   0   0   0   0   255 255 0   0   0   0   0   0   255 255 1   0   
0   0   0   0   0   0   0   0   0   0   0   0   0   0   0   0   0   0   0   0   0   0   0   0   0   0   0   0   255 255 1   0   
0   0   255 255 0   0   0   0   0   0   0   0   0   0   0   0   0   0   0   0   0   0   255 255 0   0   0   0   255 255 0   0   
0   0   0   0   0   0   4   0   0   0   0   0   2   0   5   0   0   0   255 255 0   0   6   0   0   0   0   0   3   0   18  0   
255 255 255 255 0   0   2   0   0   0   255 255 1   0   4   0   0   0   0   0   255 255 0   0   0   0   0   0   255 255 1   0   
0   0   0   0   0   0   0   0   0   0   0   0   0   0   0   0   0   0   0   0   0   0   0   0   0   0   0   0   255 255 1   0   
0   0   255 255 0   0   0   0   0   0   0   0   0   0   0   0   0   0   0   0   0   0   255 255 0   0   0   0   255 255 255 255 
0   0   0   0   0   0   4   0   0   0   0   0   2   0   5   0   0   0   255 255 0   0   6   0   0   0   0   0   3   0   18  0   
255 255 255 255 0   0   2   0   0   0   255 255 1   0   4   0   0   0   0   0   255 255 0   0   0   0   0   0   255 255 1   0   
0   0   0   0   0   0   0   0   0   0   0   0   0   0   0   0   0   0   0   0   0   0   0   0   0   0   0   0   255 255 1   0   
0   0   255 255 0   0   0   0   0   0   0   0   0   0   0   0   0   0   0   0   0   0   255 255 0   0   0   0   255 255 255 255 
0   0   0   0   0   0   4   0   0   0   0   0   2   0   5   0   0   0   255 255 0   0   6   0   0   0   0   0   3   0   18  0   
255 255 255 255 0   0   2   0   0   0   255 255 1   0   4   0   0   0   0   0   255 255 0   0   0   0   0   0   255 255 1   0   
0   0   0   0   0   0   0   0   0   0   0   0   0   0   0   0   0   0   0   0   0   0   0   0   0   0   0   0   255 255 1   0   
0   0   255 255 0   0   0   0   0   0   0   0   0   0   0   0   0   0   0   0   0   0   255 255 0   0   0   0   255 255 255 255 
0   0   0   0   0   0   4   0   0   0   0   0   2   0   5   0   0   0   255 255 0   0   7   0   0   0   0   0   3   0   18  0   
255 255 255 255 0   0   2   0   0   0   255 255 1   0   4   0   0   0   0   0   255 255 0   0   0   0   0   0   255 255 0   0   
0   0   0   0   0   0   0   0   0   0   0   0   0   0   0   0   0   0   0   0   0   0   0   0   0   0   0   0   255 255 1   0   
0   0   255 255 0   0   0   0   0   0   0   0   0   0   0   0   0   0   0   0   0   0   0   0   0   0   0   0   255 255 255 255 
0   0   0   0   0   0   4   0   0   0   0   0   2   0   5   0   0   0   255 255 0   0   7   0   0   0   0   0   3   0   18  0   
255 255 255 255 0   0   2   0   0   0   255 255 1   0   4   0   0   0   0   0   255 255 0   0   0   0   0   0   255 255 0   0   
0   0   0   0   0   0   0   0   0   0   0   0   0   0   0   0   0   0   0   0   0   0   0   0   0   0   0   0   255 255 1   0   
0   0   0   0   0   0   1   0   0   0   0   0   0   0   0   0   0   0   0   0   0   0   255 255 0   0   0   0   255 255 255 255 
0   0   0   0   0   0   4   0   0   0   0   0   2   0   5   0   0   0   255 255 0   0   7   0   0   0   0   0   3   0   18  0   
255 255 255 255 0   0   2   0   0   0   255 255 1   0   4   0   0   0   0   0   255 255 0   0   0   0   0   0   255 255 0   0   
0   0   0   0   0   0   0   0   1   0   0   0   0   0   1   0   0   0   0   0   0   0   0   0   0   0   255 255 255 255 0   0   
0   0   0   0   0   0   1   0   0   0   0   0   0   0   0   0   0   0   0   0   0   0   255 255 0   0   0   0   255 255 255 255 
0   0   0   0   0   0   4   0   255 255 0   0   2   0   5   0   0   0   255 255 0   0   6   0   0   0   0   0   3   0   18  0   
255 255 255 255 0   0   2   0   0   0   255 255 1   0   4   0   0   0   0   0   255 255 0   0   0   0   0   0   255 255 0   0   
0   0   0   0   0   0   0   0   1   0   0   0   0   0   1   0   0   0   0   0   0   0   0   0   0   0   255 255 255 255 0   0   
0   0   0   0   0   0   0   0   0   0   0   0   0   0   0   0   0   0   0   0   0   0   255 255 0   0   0   0   255 255 255 255 
0   0   0   0   0   0   4   0   255 255 0   0   2   0   5   0   0   0   255 255 0   0   6   0   0   0   0   0   3   0   18  0   
255 255 255 255 0   0   2   0   0   0   255 255 1   0   4   0   0   0   0   0   255 255 0   0   0   0   0   0   255 255 1   0   
0   0   0   0   0   0   0   0   1   0   0   0   0   0   1   0   0   0   0   0   0   0   0   0   0   0   0   0   255 255 0   0   
0   0   0   0   0   0   0   0   0   0   0   0   0   0   0   0   0   0   0   0   0   0   255 255 0   0   0   0   255 255 255 255 
0   0   0   0   0   0   4   0   255 255 0   0   2   0   4   0   0   0   255 255 0   0   6   0   0   0   0   0   3   0   18  0   
255 255 0   0   0   0   3   0   0   0   255 255 1   0   4   0   0   0   0   0   255 255 0   0   0   0   0   0   255 255 0   0   
0   0   0   0   0   0   0   0   0   0   0   0   0   0   0   0   0   0   0   0   0   0   0   0   0   0   0   0   255 255 0   0   
0   0   0   0   0   0   1   0   0   0   0   0   0   0   0   0   0   0   0   0   0   0   255 255 1   0   0   0   255 255 255 255 
0   0   0   0   0   0   4   0   255 255 0   0   2   0   4   0   0   0   255 255 0   0   6   0   0   0   0   0   3   0   18  0   
255 255 0   0   0   0   3   0   0   0   255 255 1   0   4   0   0   0   0   0   255 255 0   0   0   0   0   0   255 255 0   0   
0   0   0   0   0   0   0   0   0   0   0   0   0   0   0   0   0   0   0   0   0   0   0   0   0   0   0   0   255 255 0   0   
0   0   0   0   0   0   0   0   0   0   255 255 0   0   0   0   0   0   0   0   0   0   255 255 0   0   0   0   255 255 255 255 
0   0   0   0   0   0   4   0   255 255 0   0   2   0   4   0   0   0   255 255 0   0   6   0   0   0   0   0   3   0   18  0   
255 255 0   0   0   0   3   0   0   0   255 255 1   0   4   0   0   0   0   0   255 255 0   0   0   0   0   0   255 255 1   0   
0   0   0   0   0   0   0   0   0   0   0   0   0   0   0   0   0   0   0   0   0   0   0   0   0   0   0   0   255 255 0   0   
0   0   0   0   0   0   0   0   0   0   255 255 0   0   0   0   0   0   0   0   0   0   255 255 1   0   0   0   255 255 0   0   
0   0   0   0   0   0   4   0   255 255 0   0   2   0   5   0   0   0   255 255 0   0   6   0   0   0   0   0   3   0   18  0   
255 255 0   0   0   0   3   0   0   0   255 255 1   0   4   0   0   0   0   0   255 255 0   0   0   0   0   0   0   0   1   0   
0   0   0   0   0   0   0   0   0   0   0   0   0   0   0   0   0   0   0   0   0   0   0   0   0   0   0   0   255 255 0   0   
0   0   0   0   0   0   0   0   0   0   255 255 0   0   0   0   0   0   0   0   0   0   255 255 1   0   0   0   255 255 0   0   
0   0   0   0   0   0   4   0   255 255 0   0   2   0   5   0   0   0   255 255 0   0   6   0   0   0   0   0   3   0   18  0   
255 255 0   0   0   0   2   0   0   0   255 255 1   0   4   0   0   0   0   0   255 255 0   0   0   0   0   0   0   0   1   0   
0   0   0   0   0   0   1   0   0   0   0   0   0   0   0   0   0   0   0   0   0   0   0   0   0   0   0   0   255 255 0   0   
0   0   0   0   0   0   0   0   0   0   0   0   0   0   0   0   0   0   0   0   0   0   255 255 1   0   0   0   255 255 0   0   
0   0   0   0   0   0   4   0   255 255 0   0   2   0   4   0   0   0   255 255 0   0   6   0   0   0   0   0   3   0   18  0   
255 255 0   0   0   0   2   0   0   0   255 255 1   0   4   0   0   0   0   0   0   0   1   0   0   0   0   0   0   0   1   0   
0   0   0   0   0   0   0   0   0   0   0   0   0   0   0   0   0   0   0   0   0   0   0   0   0   0   0   0   255 255 0   0   
0   0   0   0   0   0   0   0   0   0   0   0   0   0   0   0   0   0   0   0   0   0   255 255 1   0   0   0   255 255 0   0   
0   0   255 255 255 255 3   0   255 255 0   0   2   0   4   0   0   0   255 255 0   0   6   0   0   0   0   0   3   0   18  0   
255 255 0   0   0   0   2   0   0   0   255 255 1   0   3   0   0   0   0   0   0   0   1   0   0   0   0   0   0   0   1   0   
0   0   0   0   0   0   0   0   0   0   0   0   0   0   0   0   0   0   0   0   0   0   0   0   0   0   0   0   255 255 0   0   
0   0   0   0   0   0   0   0   0   0   0   0   0   0   0   0   0   0   0   0   0   0   255 255 1   0   0   0   255 255 0   0   
0   0   255 255 255 255 4   0   0   0   0   0   2   0   4   0   0   0   255 255 0   0   6   0   0   0   0   0   3   0   18  0   
255 255 0   0   0   0   2   0   0   0   255 255 1   0   3   0   0   0   0   0   0   0   1   0   0   0   0   0   255 255 0   0   
0   0   0   0   0   0   0   0   0   0   0   0   0   0   0   0   0   0   0   0   0   0   0   0   0   0   0   0   255 255 0   0   
0   0   0   0   0   0   0   0   0   0   0   0   0   0   0   0   0   0   0   0   0   0   255 255 1   0   0   0   255 255 0   0   
0   0   255 255 0   0   4   0   0   0   0   0   2   0   4   0   0   0   255 255 0   0   6   0   0   0   0   0   3   0   18  0   
255 255 0   0   0   0   2   0   0   0   255 255 1   0   4   0   0   0   0   0   0   0   1   0   0   0   0   0   255 255 0   0   
0   0   0   0   0   0   0   0   0   0   0   0   0   0   0   0   0   0   0   0   0   0   0   0   1   0   0   0   0   0   1   0   
0   0   0   0   0   0   0   0   0   0   0   0   0   0   0   0   0   0   0   0   0   0   255 255 1   0   0   0   255 255 0   0   
0   0   255 255 0   0   4   0   0   0   0   0   2   0   5   0   0   0   255 255 0   0   6   0   0   0   0   0   3   0   18  0   
255 255 0   0   0   0   2   0   0   0   255 255 1   0   4   0   0   0   0   0   0   0   0   0   1   0   0   0   0   0   1   0   
0   0   0   0   0   0   1   0   0   0   0   0   0   0   0   0   0   0   0   0   0   0   0   0   1   0   0   0   0   0   1   0   
0   0   0   0   0   0   0   0   0   0   0   0   0   0   0   0   0   0   0   0   0   0   255 255 1   0   0   0   255 255 0   0   
0   0   255 255 0   0   4   0   0   0   0   0   2   0   5   0   0   0   255 255 0   0   6   0   0   0   0   0   3   0   18  0   
255 255 0   0   0   0   2   0   0   0   255 255 1   0   4   0   0   0   0   0   0   0   0   0   1   0   0   0   0   0   1   0   
0   0   0   0   0   0   1   0   0   0   0   0   0   0   0   0   0   0   0   0   0   0   0   0   1   0   0   0   0   0   1   0   
0   0   0   0   0   0   0   0   0   0   0   0   0   0   0   0   0   0   0   0   0   0   255 255 1   0   0   0   255 255 255 255 
0   0   255 255 0   0   4   0   0   0   0   0   1   0   4   0   0   0   255 255 0   0   6   0   0   0   0   0   3   0   18  0   
255 255 0   0   0   0   2   0   0   0   255 255 1   0   4   0   0   0   0   0   0   0   0   0   1   0   0   0   0   0   1   0   
0   0   0   0   0   0   1   0   0   0   0   0   0   0   0   0   0   0   255 255 0   0   0   0   1   0   0   0   255 255 0   0   
0   0   0   0   0   0   0   0   0   0   0   0   0   0   0   0   0   0   0   0   0   0   255 255 1   0   0   0   255 255 255 255 
0   0   255 255 0   0   4   0   0   0   0   0   1   0   4   0   0   0   255 255 0   0   7   0   0   0   0   0   4   0   18  0   
255 255 0   0   0   0   2   0   0   0   255 255 1   0   4   0   0   0   0   0   0   0   0   0   1   0   0   0   0   0   1   0   
0   0   0   0   0   0   0   0   0   0   0   0   0   0   0   0   0   0   255 255 0   0   0   0   1   0   0   0   255 255 0   0   
0   0   0   0   0   0   0   0   0   0   0   0   0   0   0   0   0   0   0   0   0   0   255 255 1   0   0   0   255 255 255 255 
0   0   255 255 0   0   4   0   0   0   0   0   1   0   5   0   0   0   255 255 0   0   7   0   0   0   0   0   4   0   18  0   
255 255 0   0   0   0   2   0   0   0   255 255 1   0   4   0   0   0   0   0   0   0   0   0   1   0   0   0   0   0   1   0   
1   0   0   0   0   0   1   0   0   0   0   0   0   0   0   0   0   0   255 255 0   0   0   0   1   0   0   0   255 255 0   0   
0   0   0   0   0   0   0   0   0   0   0   0   0   0   0   0   0   0   255 255 0   0   255 255 1   0   0   0   255 255 255 255 
0   0   255 255 0   0   4   0   0   0   0   0   2   0   5   0   0   0   255 255 0   0   7   0   0   0   0   0   4   0   18  0   
255 255 0   0   0   0   2   0   0   0   255 255 1   0   4   0   0   0   0   0   0   0   0   0   1   0   0   0   0   0   1   0   
1   0   0   0   0   0   1   0   0   0   0   0   0   0   0   0   0   0   0   0   0   0   0   0   1   0   0   0   255 255 1   0   
0   0   0   0   0   0   0   0   0   0   0   0   0   0   0   0   0   0   255 255 0   0   255 255 1   0   0   0   255 255 255 255 
0   0   255 255 0   0   4   0   0   0   0   0   2   0   5   0   0   0   255 255 0   0   7   0   0   0   0   0   3   0   17  0   
255 255 0   0   0   0   2   0   0   0   255 255 1   0   4   0   0   0   0   0   0   0   0   0   1   0   0   0   0   0   1   0   
1   0   0   0   0   0   1   0   0   0   0   0   0   0   0   0   0   0   0   0   0   0   0   0   1   0   0   0   255 255 1   0   
0   0   0   0   0   0   0   0   0   0   0   0   0   0   0   0   0   0   255 255 0   0   254 255 1   0   0   0   255 255 255 255 
0   0   255 255 0   0   4   0   0   0   0   0   2   0   5   0   0   0   255 255 0   0   7   0   255 255 0   0   3   0   17  0   
255 255 0   0   0   0   2   0   0   0   255 255 1   0   4   0   0   0   0   0   0   0   0   0   1   0   0   0   0   0   1   0   
1   0   0   0   0   0   1   0   0   0   0   0   0   0   0   0   0   0   0   0   0   0   0   0   1   0   0   0   255 255 0   0   
0   0   0   0   0   0   0   0   0   0   0   0   0   0   0   0   0   0   255 255 0   0   255 255 1   0   0   0   255 255 255 255 
0   0   255 255 0   0   4   0   0   0   0   0   2   0   5   0   0   0   255 255 0   0   6   0   255 255 0   0   3   0   18  0   
255 255 0   0   0   0   2   0   0   0   255 255 1   0   4   0   0   0   0   0   0   0   0   0   1   0   0   0   0   0   1   0   
1   0   0   0   0   0   1   0   0   0   0   0   0   0   0   0   0   0   0   0   0   0   0   0   1   0   0   0   255 255 0   0   
0   0   0   0   0   0   0   0   0   0   0   0   0   0   0   0   0   0   255 255 0   0   255 255 1   0   0   0   255 255 255 255 
0   0   255 255 0   0   4   0   0   0   0   0   2   0   5   0   0   0   255 255 0   0   7   0   255 255 0   0   3   0   18  0   
255 255 0   0   0   0   2   0   0   0   255 255 1   0   4   0   0   0   0   0   0   0   0   0   1   0   0   0   0   0   1   0   
1   0   0   0   0   0   1   0   0   0   0   0   0   0   0   0   0   0   0   0   0   0   0   0   1   0   0   0   255 255 0   0   
0   0   0   0   0   0   0   0   0   0   0   0   0   0   0   0   0   0   255 255 0   0   255 255 1   0   0   0   255 255 255 255 
0   0   255 255 0   0   4   0   0   0   0   0   2   0   5   0   0   0   255 255 0   0   7   0   255 255 0   0   3   0   18  0   
255 255 0   0   0   0   2   0   0   0   255 255 1   0   4   0   0   0   0   0   0   0   0   0   1   0   0   0   0   0   1   0   
1   0   0   0   0   0   1   0   0   0   0   0   0   0   0   0   0   0   0   0   0   0   0   0   0   0   0   0   255 255 0   0   
0   0   255 255 0   0   0   0   0   0   0   0   0   0   0   0   0   0   255 255 0   0   255 255 1   0   0   0   255 255 255 255 
0   0   255 255 0   0   4   0   0   0   0   0   2   0   5   0   0   0   255 255 0   0   7   0   0   0   0   0   3   0   18  0   
255 255 0   0   0   0   3   0   0   0   255 255 1   0   4   0   0   0   0   0   0   0   0   0   1   0   0   0   0   0   1   0   
1   0   0   0   0   0   1   0   0   0   0   0   0   0   0   0   0   0   0   0   0   0   0   0   0   0   0   0   255 255 0   0   
0   0   255 255 0   0   0   0   0   0   0   0   0   0   0   0   0   0   255 255 0   0   255 255 1   0   0   0   255 255 255 255 
0   0   255 255 0   0   4   0   0   0   0   0   2   0   5   0   0   0   255 255 0   0   7   0   0   0   0   0   3   0   18  0   
0   0   0   0   0   0   3   0   0   0   255 255 1   0   4   0   0   0   0   0   0   0   0   0   1   0   0   0   0   0   1   0   
1   0   0   0   0   0   1   0   0   0   0   0   0   0   0   0   0   0   0   0   0   0   0   0   0   0   0   0   255 255 0   0   
0   0   0   0   0   0   0   0   1   0   0   0   0   0   0   0   0   0   255 255 0   0   255 255 1   0   0   0   255 255 0   0   
0   0   255 255 0   0   4   0   0   0   0   0   2   0   5   0   0   0   255 255 0   0   6   0   0   0   0   0   3   0   18  0   
255 255 0   0   0   0   3   0   0   0   255 255 1   0   4   0   0   0   0   0   0   0   0   0   1   0   0   0   0   0   1   0   
1   0   0   0   0   0   1   0   0   0   0   0   0   0   255 255 0   0   0   0   0   0   0   0   0   0   0   0   255 255 0   0   
0   0   0   0   0   0   0   0   1   0   0   0   0   0   0   0   0   0   255 255 0   0   255 255 1   0   0   0   255 255 0   0   
0   0   255 255 0   0   4   0   0   0   0   0   2   0   5   0   0   0   255 255 0   0   6   0   0   0   0   0   3   0   18  0   
255 255 0   0   0   0   3   0   0   0   255 255 1   0   4   0   0   0   0   0   0   0   0   0   1   0   0   0   0   0   1   0   
1   0   0   0   0   0   0   0   0   0   0   0   0   0   0   0   0   0   0   0   0   0   0   0   1   0   0   0   0   0   1   0   
0   0   0   0   0   0   0   0   1   0   0   0   0   0   0   0   0   0   255 255 0   0   255 255 1   0   0   0   255 255 0   0   
0   0   255 255 0   0   4   0   0   0   0   0   2   0   5   0   0   0   255 255 0   0   6   0   0   0   0   0   3   0   18  0   
255 255 0   0   0   0   3   0   0   0   255 255 1   0   4   0   0   0   0   0   0   0   0   0   1   0   0   0   0   0   1   0   
1   0   0   0   0   0   0   0   0   0   0   0   0   0   0   0   0   0   0   0   0   0   0   0   1   0   0   0   0   0   1   0   
0   0   0   0   0   0   0   0   0   0   0   0   0   0   0   0   0   0   255 255 0   0   255 255 1   0   0   0   255 255 0   0   
0   0   255 255 0   0   4   0   0   0   0   0   2   0   5   0   0   0   255 255 0   0   7   0   0   0   0   0   3   0   18  0   
255 255 0   0   0   0   2   0   0   0   255 255 1   0   4   0   0   0   0   0   0   0   0   0   1   0   0   0   0   0   0   0   
0   0   0   0   0   0   0   0   0   0   0   0   0   0   0   0   0   0   0   0   0   0   0   0   0   0   0   0   255 255 1   0   
0   0   0   0   0   0   0   0   0   0   0   0   0   0   0   0   0   0   255 255 0   0   255 255 1   0   0   0   255 255 0   0   
0   0   255 255 0   0   4   0   0   0   0   0   2   0   4   0   0   0   255 255 0   0   6   0   255 255 0   0   3   0   17  0   
255 255 0   0   0   0   2   0   0   0   255 255 1   0   4   0   0   0   0   0   0   0   0   0   1   0   0   0   0   0   0   0   
0   0   0   0   0   0   0   0   0   0   0   0   0   0   0   0   0   0   0   0   0   0   0   0   0   0   0   0   255 255 0   0   
0   0   0   0   0   0   0   0   0   0   0   0   0   0   0   0   0   0   0   0   0   0   255 255 1   0   0   0   255 255 0   0   
0   0   255 255 0   0   4   0   0   0   0   0   2   0   4   0   0   0   255 255 0   0   6   0   255 255 0   0   3   0   18  0   
255 255 0   0   0   0   2   0   0   0   255 255 1   0   4   0   0   0   0   0   0   0   0   0   1   0   0   0   0   0   1   0   
0   0   0   0   0   0   0   0   0   0   0   0   0   0   0   0   0   0   0   0   0   0   0   0   0   0   0   0   255 255 0   0   
0   0   0   0   0   0   0   0   0   0   0   0   0   0   0   0   0   0   0   0   0   0   255 255 0   0   0   0   255 255 255 255 
0   0   255 255 0   0   4   0   0   0   0   0   2   0   4   0   0   0   255 255 0   0   6   0   0   0   0   0   4   0   18  0   
255 255 0   0   0   0   2   0   0   0   255 255 1   0   4   0   0   0   0   0   0   0   0   0   1   0   0   0   0   0   1   0   
0   0   0   0   0   0   0   0   0   0   0   0   0   0   0   0   0   0   0   0   0   0   0   0   0   0   0   0   255 255 0   0   
0   0   0   0   0   0   0   0   0   0   0   0   0   0   0   0   0   0   0   0   0   0   255 255 0   0   255 255 255 255 255 255 
0   0   255 255 0   0   5   0   0   0   0   0   2   0   4   0   0   0   255 255 0   0   6   0   0   0   0   0   4   0   18  0   
255 255 0   0   0   0   2   0   0   0   255 255 1   0   4   0   0   0   0   0   0   0   0   0   1   0   0   0   0   0   1   0   
0   0   0   0   0   0   0   0   0   0   0   0   0   0   0   0   0   0   0   0   0   0   0   0   0   0   0   0   255 255 0   0   
0   0   0   0   0   0   0   0   0   0   0   0   0   0   0   0   0   0   0   0   0   0   255 255 0   0   0   0   255 255 255 255 
0   0   255 255 0   0   5   0   0   0   0   0   2   0   4   0   0   0   255 255 0   0   6   0   0   0   0   0   4   0   18  0   
255 255 0   0   0   0   2   0   0   0   255 255 1   0   4   0   0   0   0   0   0   0   0   0   1   0   0   0   0   0   1   0   
0   0   0   0   0   0   0   0   0   0   0   0   0   0   0   0   0   0   0   0   0   0   0   0   0   0   0   0   255 255 0   0   
0   0   0   0   0   0   0   0   0   0   0   0   0   0   0   0   0   0   0   0   0   0   255 255 0   0   0   0   255 255 255 255 
0   0   255 255 0   0   4   0   0   0   0   0   2   0   4   0   0   0   255 255 0   0   6   0   0   0   0   0   4   0   18  0   
255 255 0   0   0   0   2   0   0   0   255 255 1   0   4   0   0   0   0   0   0   0   0   0   1   0   0   0   0   0   1   0   
0   0   0   0   0   0   0   0   0   0   0   0   0   0   0   0   0   0   0   0   0   0   0   0   0   0   0   0   255 255 0   0   
0   0   0   0   0   0   0   0   0   0   0   0   0   0   0   0   0   0   0   0   0   0   255 255 0   0   0   0   255 255 255 255 
0   0   255 255 0   0   4   0   0   0   0   0   2   0   4   0   0   0   255 255 0   0   6   0   0   0   0   0   3   0   17  0   
255 255 0   0   0   0   2   0   0   0   255 255 1   0   4   0   0   0   0   0   0   0   0   0   1   0   0   0   0   0   1   0   
0   0   0   0   0   0   0   0   0   0   0   0   0   0   0   0   0   0   0   0   0   0   0   0   0   0   0   0   255 255 0   0   
0   0   0   0   0   0   0   0   0   0   0   0   0   0   0   0   0   0   0   0   0   0   255 255 0   0   0   0   255 255 255 255 
0   0   255 255 0   0   4   0   0   0   0   0   2   0   4   0   0   0   255 255 0   0   6   0   0   0   0   0   3   0   18  0   
255 255 0   0   0   0   2   0   0   0   255 255 1   0   4   0   0   0   0   0   0   0   0   0   1   0   0   0   0   0   1   0   
0   0   0   0   0   0   0   0   0   0   0   0   0   0   0   0   0   0   0   0   0   0   0   0   0   0   0   0   255 255 0   0   
0   0   0   0   0   0   0   0   0   0   0   0   0   0   0   0   0   0   0   0   0   0   255 255 0   0   0   0   255 255 255 255 
0   0   255 255 0   0   4   0   0   0   0   0   2   0   4   0   0   0   255 255 0   0   6   0   0   0   0   0   3   0   18  0   
255 255 0   0   0   0   2   0   0   0   255 255 1   0   4   0   0   0   0   0   255 255 0   0   1   0   0   0   0   0   1   0   
0   0   0   0   0   0   0   0   0   0   0   0   0   0   0   0   0   0   0   0   0   0   0   0   0   0   0   0   255 255 0   0   
0   0   0   0   0   0   0   0   0   0   0   0   0   0   0   0   0   0   0   0   0   0   255 255 0   0   0   0   255 255 255 255 
0   0   255 255 0   0   4   0   0   0   0   0   2   0   5   0   0   0   255 255 0   0   6   0   0   0   0   0   3   0   18  0   
255 255 0   0   0   0   3   0   0   0   255 255 1   0   4   0   0   0   0   0   255 255 0   0   1   0   0   0   0   0   1   0   
0   0   0   0   0   0   0   0   0   0   0   0   0   0   0   0   0   0   0   0   0   0   0   0   0   0   0   0   255 255 0   0   
0   0   0   0   0   0   0   0   0   0   0   0   0   0   0   0   0   0   0   0   0   0   255 255 0   0   0   0   255 255 255 255 
0   0   255 255 0   0   4   0   0   0   0   0   2   0   5   0   0   0   255 255 0   0   6   0   255 255 0   0   3   0   18  0   
255 255 0   0   0   0   3   0   0   0   255 255 1   0   4   0   0   0   0   0   255 255 1   0   1   0   0   0   0   0   1   0   
0   0   0   0   0   0   0   0   0   0   0   0   0   0   0   0   0   0   0   0   0   0   0   0   0   0   0   0   255 255 1   0   
0   0   0   0   0   0   0   0   0   0   0   0   0   0   0   0   0   0   0   0   0   0   255 255 0   0   0   0   255 255 255 255 
0   0   255 255 0   0   4   0   0   0   0   0   2   0   5   0   0   0   255 255 0   0   6   0   255 255 0   0   3   0   18  0   
255 255 0   0   0   0   2   0   0   0   255 255 1   0   4   0   0   0   0   0   255 255 1   0   1   0   0   0   0   0   1   0   
0   0   0   0   0   0   0   0   0   0   0   0   0   0   0   0   0   0   0   0   0   0   0   0   0   0   0   0   255 255 1   0   
0   0   255 255 0   0   0   0   0   0   0   0   0   0   0   0   0   0   0   0   0   0   255 255 0   0   0   0   255 255 255 255 
0   0   255 255 0   0   4   0   255 255 0   0   2   0   5   0   0   0   255 255 0   0   7   0   255 255 0   0   3   0   18  0   
255 255 0   0   0   0   2   0   0   0   255 255 1   0   4   0   0   0   0   0   255 255 1   0   1   0   0   0   0   0   1   0   
0   0   0   0   0   0   0   0   0   0   0   0   0   0   0   0   0   0   0   0   0   0   0   0   0   0   0   0   255 255 1   0   
0   0   255 255 0   0   0   0   0   0   0   0   0   0   0   0   0   0   0   0   0   0   255 255 0   0   0   0   255 255 255 255 
0   0   255 255 0   0   4   0   255 255 0   0   2   0   4   0   0   0   255 255 0   0   6   0   255 255 0   0   3   0   18  0   
255 255 0   0   0   0   2   0   0   0   255 255 1   0   4   0   0   0   0   0   255 255 1   0   0   0   0   0   0   0   0   0   
0   0   0   0   0   0   0   0   0   0   0   0   0   0   0   0   0   0   0   0   0   0   0   0   0   0   0   0   255 255 0   0   
0   0   255 255 0   0   0   0   0   0   0   0   0   0   0   0   0   0   0   0   0   0   255 255 0   0   0   0   255 255 255 255 
0   0   255 255 0   0   4   0   255 255 0   0   1   0   4   0   0   0   255 255 0   0   6   0   255 255 0   0   3   0   18  0   
255 255 0   0   0   0   2   0   0   0   255 255 0   0   3   0   0   0   0   0   255 255 0   0   0   0   0   0   0   0   0   0   
0   0   0   0   0   0   0   0   0   0   0   0   0   0   0   0   0   0   0   0   0   0   0   0   0   0   0   0   255 255 0   0   
0   0   255 255 0   0   0   0   0   0   0   0   0   0   0   0   0   0   0   0   0   0   255 255 0   0   0   0   255 255 255 255 
0   0   255 255 0   0   4   0   255 255 0   0   1   0   4   0   0   0   255 255 0   0   6   0   255 255 0   0   4   0   18  0   
255 255 0   0   0   0   2   0   0   0   255 255 1   0   4   0   0   0   0   0   255 255 0   0   0   0   0   0   0   0   1   0   
0   0   0   0   0   0   0   0   0   0   0   0   0   0   0   0   0   0   0   0   0   0   0   0   0   0   0   0   255 255 0   0   
0   0   0   0   0   0   0   0   0   0   0   0   0   0   0   0   0   0   0   0   0   0   255 255 0   0   0   0   255 255 255 255 
0   0   255 255 0   0   4   0   255 255 0   0   1   0   4   0   0   0   255 255 0   0   6   0   255 255 0   0   4   0   18  0   
255 255 0   0   0   0   2   0   0   0   255 255 1   0   4   0   0   0   0   0   255 255 0   0   0   0   0   0   0   0   1   0   
0   0   0   0   0   0   0   0   0   0   0   0   0   0   0   0   0   0   0   0   0   0   0   0   0   0   0   0   255 255 0   0   
0   0   0   0   0   0   0   0   0   0   0   0   0   0   0   0   0   0   0   0   0   0   255 255 0   0   0   0   255 255 255 255 
0   0   255 255 255 255 3   0   255 255 0   0   1   0   4   0   0   0   255 255 0   0   6   0   255 255 0   0   4   0   18  0   
255 255 0   0   0   0   2   0   0   0   255 255 1   0   4   0   0   0   0   0   255 255 0   0   0   0   0   0   0   0   1   0   
0   0   0   0   0   0   0   0   0   0   0   0   0   0   0   0   0   0   0   0   0   0   0   0   0   0   0   0   255 255 0   0   
0   0   0   0   0   0   0   0   0   0   0   0   0   0   0   0   0   0   0   0   0   0   255 255 0   0   0   0   255 255 0   0   
0   0   255 255 255 255 4   0   255 255 0   0   2   0   5   0   0   0   255 255 0   0   6   0   255 255 0   0   4   0   18  0   
255 255 0   0   0   0   2   0   0   0   255 255 1   0   4   0   0   0   0   0   255 255 1   0   0   0   0   0   0   0   1   0   
0   0   0   0   0   0   0   0   0   0   0   0   0   0   0   0   0   0   0   0   0   0   0   0   0   0   0   0   255 255 0   0   
0   0   0   0   0   0   0   0   0   0   255 255 0   0   0   0   0   0   0   0   0   0   255 255 0   0   0   0   255 255 255 255 
0   0   255 255 255 255 4   0   255 255 0   0   2   0   5   0   0   0   255 255 0   0   6   0   255 255 0   0   3   0   18  0   
255 255 0   0   0   0   2   0   0   0   255 255 1   0   4   0   0   0   0   0   0   0   1   0   0   0   0   0   0   0   1   0   
0   0   0   0   0   0   0   0   0   0   0   0   0   0   0   0   0   0   0   0   0   0   0   0   0   0   0   0   255 255 0   0   
0   0   0   0   0   0   0   0   0   0   255 255 0   0   0   0   0   0   0   0   0   0   255 255 0   0   0   0   255 255 255 255 
0   0   255 255 0   0   4   0   255 255 0   0   2   0   5   0   0   0   255 255 0   0   6   0   255 255 0   0   3   0   18  0   
255 255 0   0   0   0   1   0   0   0   255 255 1   0   4   0   0   0   0   0   0   0   1   0   0   0   0   0   0   0   1   0   
0   0   0   0   0   0   0   0   0   0   0   0   0   0   0   0   0   0   0   0   0   0   0   0   0   0   0   0   255 255 1   0   
0   0   0   0   0   0   0   0   0   0   255 255 0   0   0   0   0   0   0   0   0   0   255 255 0   0   0   0   255 255 255 255 
0   0   255 255 0   0   4   0   255 255 0   0   2   0   5   0   0   0   255 255 0   0   6   0   255 255 0   0   3   0   18  0   
255 255 0   0   0   0   1   0   0   0   255 255 1   0   4   0   0   0   0   0   0   0   1   0   0   0   0   0   0   0   1   0   
0   0   0   0   0   0   0   0   0   0   0   0   0   0   0   0   0   0   0   0   0   0   0   0   0   0   0   0   255 255 1   0   
0   0   0   0   0   0   0   0   0   0   255 255 0   0   0   0   0   0   0   0   0   0   255 255 0   0   0   0   255 255 255 255 
0   0   255 255 0   0   4   0   255 255 0   0   2   0   5   0   0   0   255 255 0   0   6   0   255 255 0   0   3   0   18  0   
255 255 0   0   0   0   2   0   0   0   255 255 1   0   4   0   0   0   0   0   255 255 0   0   0   0   0   0   0   0   1   0   
0   0   0   0   0   0   0   0   0   0   0   0   0   0   0   0   0   0   0   0   0   0   0   0   1   0   0   0   255 255 1   0   
0   0   0   0   0   0   0   0   0   0   0   0   0   0   0   0   0   0   0   0   0   0   255 255 1   0   0   0   255 255 255 255 
0   0   255 255 0   0   4   0   255 255 0   0   2   0   5   0   0   0   255 255 0   0   6   0   255 255 0   0   3   0   18  0   
255 255 0   0   0   0   2   0   0   0   255 255 1   0   4   0   0   0   0   0   255 255 0   0   0   0   0   0   0   0   1   0   
0   0   0   0   0   0   0   0   0   0   0   0   0   0   0   0   0   0   0   0   0   0   0   0   0   0   0   0   255 255 0   0   
0   0   0   0   0   0   0   0   0   0   0   0   0   0   0   0   0   0   0   0   0   0   255 255 1   0   0   0   255 255 255 255 
0   0   255 255 0   0   5   0   255 255 0   0   2   0   5   0   0   0   255 255 0   0   6   0   255 255 0   0   3   0   18  0   
255 255 0   0   0   0   2   0   0   0   255 255 1   0   4   0   0   0   0   0   255 255 0   0   0   0   0   0   0   0   1   0   
0   0   0   0   0   0   0   0   0   0   0   0   0   0   0   0   0   0   0   0   0   0   0   0   0   0   0   0   255 255 0   0   
0   0   0   0   0   0   0   0   0   0   0   0   0   0   0   0   0   0   0   0   0   0   255 255 1   0   0   0   255 255 255 255 
0   0   255 255 0   0   4   0   255 255 0   0   2   0   5   0   0   0   255 255 0   0   6   0   255 255 0   0   3   0   18  0   
255 255 0   0   0   0   2   0   0   0   255 255 1   0   4   0   0   0   0   0   255 255 0   0   0   0   0   0   0   0   1   0   
0   0   0   0   0   0   0   0   1   0   0   0   0   0   0   0   0   0   0   0   0   0   0   0   0   0   0   0   255 255 0   0   
0   0   0   0   0   0   0   0   0   0   0   0   0   0   0   0   0   0   0   0   0   0   255 255 1   0   0   0   255 255 255 255 
0   0   255 255 0   0   4   0   255 255 0   0   2   0   5   0   0   0   255 255 0   0   7   0   255 255 0   0   3   0   18  0   
255 255 0   0   0   0   2   0   0   0   255 255 0   0   4   0   0   0   0   0   255 255 0   0   1   0   0   0   0   0   1   0   
0   0   0   0   0   0   1   0   1   0   0   0   0   0   0   0   0   0   0   0   0   0   0   0   0   0   0   0   255 255 0   0   
0   0   0   0   0   0   0   0   0   0   0   0   0   0   0   0   0   0   0   0   0   0   255 255 1   0   0   0   255 255 255 255 
0   0   255 255 0   0   4   0   255 255 0   0   2   0   5   0   0   0   255 255 0   0   6   0   255 255 0   0   3   0   18  0   
255 255 0   0   0   0   2   0   0   0   255 255 0   0   4   0   0   0   0   0   255 255 0   0   1   0   0   0   0   0   1   0   
0   0   0   0   0   0   1   0   0   0   0   0   0   0   0   0   0   0   0   0   0   0   0   0   0   0   0   0   255 255 0   0   
0   0   0   0   0   0   0   0   0   0   0   0   0   0   0   0   0   0   0   0   0   0   255 255 1   0   0   0   255 255 255 255 
0   0   255 255 0   0   4   0   255 255 0   0   2   0   5   0   0   0   255 255 0   0   6   0   255 255 0   0   3   0   18  0   
255 255 0   0   0   0   3   0   0   0   255 255 0   0   4   0   0   0   0   0   255 255 0   0   1   0   0   0   0   0   1   0   
0   0   0   0   0   0   1   0   0   0   0   0   0   0   0   0   0   0   0   0   0   0   0   0   255 255 255 255 255 255 0   0   
0   0   0   0   0   0   0   0   0   0   0   0   0   0   0   0   0   0   0   0   0   0   255 255 0   0   0   0   255 255 255 255 
0   0   255 255 0   0   5   0   0   0   0   0   2   0   4   0   0   0   255 255 255 255 6   0   255 255 0   0   3   0   18  0   
255 255 0   0   0   0   3   0   0   0   255 255 0   0   3   0   0   0   0   0   255 255 0   0   1   0   0   0   0   0   1   0   
0   0   0   0   0   0   1   0   0   0   0   0   0   0   1   0   0   0   0   0   0   0   0   0   0   0   0   0   255 255 0   0   
0   0   0   0   0   0   0   0   0   0   0   0   0   0   0   0   0   0   0   0   0   0   255 255 0   0   0   0   255 255 255 255 
0   0   255 255 0   0   4   0   0   0   0   0   2   0   4   0   0   0   255 255 0   0   6   0   255 255 0   0   3   0   18  0   
255 255 0   0   0   0   3   0   0   0   255 255 0   0   3   0   0   0   0   0   255 255 1   0   1   0   0   0   0   0   1   0   
0   0   0   0   0   0   1   0   0   0   0   0   0   0   0   0   0   0   0   0   0   0   0   0   1   0   0   0   255 255 0   0   
0   0   0   0   0   0   0   0   0   0   0   0   0   0   0   0   0   0   255 255 0   0   255 255 0   0   0   0   255 255 0   0   
0   0   255 255 0   0   4   0   0   0   0   0   2   0   4   0   0   0   255 255 0   0   6   0   255 255 0   0   3   0   18  0   
255 255 0   0   0   0   3   0   0   0   255 255 0   0   3   0   0   0   0   0   255 255 0   0   1   0   0   0   0   0   1   0   
0   0   0   0   0   0   1   0   0   0   0   0   0   0   0   0   0   0   0   0   0   0   0   0   1   0   0   0   255 255 0   0   
0   0   0   0   0   0   0   0   0   0   0   0   0   0   0   0   0   0   255 255 0   0   255 255 0   0   0   0   255 255 0   0   
0   0   255 255 0   0   5   0   0   0   0   0   2   0   5   0   0   0   255 255 0   0   6   0   255 255 0   0   3   0   18  0   
255 255 0   0   0   0   3   0   0   0   255 255 0   0   4   0   0   0   0   0   255 255 0   0   1   0   0   0   0   0   1   0   
0   0   0   0   0   0   0   0   0   0   0   0   255 255 255 255 0   0   0   0   0   0   0   0   1   0   0   0   255 255 0   0   
0   0   0   0   0   0   0   0   0   0   0   0   0   0   0   0   0   0   255 255 0   0   255 255 0   0   0   0   255 255 0   0   
0   0   255 255 0   0   5   0   0   0   0   0   2   0   5   0   0   0   255 255 0   0   6   0   255 255 0   0   3   0   18  0   
255 255 0   0   0   0   2   0   0   0   255 255 0   0   4   0   0   0   0   0   255 255 0   0   1   0   0   0   0   0   1   0   
0   0   0   0   0   0   0   0   0   0   0   0   255 255 0   0   0   0   0   0   0   0   0   0   1   0   0   0   255 255 0   0   
0   0   0   0   0   0   0   0   0   0   0   0   0   0   0   0   0   0   255 255 0   0   255 255 0   0   0   0   255 255 0   0   
0   0   255 255 0   0   4   0   0   0   0   0   1   0   4   0   0   0   255 255 0   0   6   0   255 255 0   0   3   0   18  0   
255 255 0   0   0   0   2   0   0   0   255 255 0   0   4   0   0   0   0   0   255 255 0   0   1   0   0   0   0   0   1   0   
0   0   0   0   0   0   0   0   0   0   0   0   255 255 0   0   0   0   0   0   0   0   0   0   1   0   0   0   255 255 0   0   
0   0   0   0   0   0   0   0   0   0   0   0   0   0   0   0   0   0   255 255 0   0   255 255 0   0   0   0   255 255 0   0   
0   0   255 255 0   0   4   0   255 255 0   0   1   0   4   0   0   0   255 255 0   0   6   0   255 255 0   0   3   0   18  0   
255 255 0   0   0   0   2   0   0   0   255 255 0   0   4   0   0   0   0   0   255 255 0   0   1   0   0   0   0   0   1   0   
0   0   0   0   0   0   0   0   0   0   0   0   0   0   0   0   0   0   0   0   0   0   0   0   1   0   0   0   255 255 0   0   
0   0   0   0   0   0   0   0   0   0   0   0   0   0   0   0   0   0   255 255 0   0   255 255 0   0   0   0   255 255 0   0   
0   0   255 255 0   0   4   0   255 255 0   0   1   0   5   0   0   0   255 255 0   0   6   0   255 255 0   0   3   0   18  0   
255 255 0   0   0   0   2   0   0   0   255 255 0   0   4   0   0   0   0   0   255 255 0   0   1   0   0   0   0   0   1   0   
0   0   0   0   0   0   0   0   0   0   0   0   0   0   0   0   0   0   0   0   0   0   0   0   1   0   0   0   255 255 0   0   
0   0   0   0   0   0   0   0   0   0   0   0   0   0   0   0   0   0   255 255 0   0   255 255 0   0   0   0   255 255 0   0   
0   0   255 255 0   0   4   0   255 255 0   0   2   0   5   0   0   0   255 255 0   0   7   0   255 255 0   0   3   0   18  0   
255 255 0   0   0   0   2   0   0   0   255 255 0   0   4   0   0   0   0   0   255 255 0   0   0   0   0   0   255 255 0   0   
0   0   255 255 0   0   0   0   0   0   0   0   0   0   0   0   0   0   0   0   0   0   0   0   1   0   0   0   255 255 0   0   
0   0   0   0   0   0   0   0   0   0   0   0   0   0   0   0   0   0   255 255 0   0   255 255 0   0   0   0   255 255 0   0   
0   0   255 255 0   0   4   0   255 255 0   0   2   0   5   0   0   0   255 255 0   0   7   0   255 255 0   0   3   0   17  0   
255 255 0   0   0   0   2   0   0   0   255 255 0   0   4   0   0   0   0   0   255 255 0   0   0   0   0   0   255 255 0   0   
0   0   255 255 0   0   1   0   0   0   0   0   0   0   0   0   0   0   0   0   0   0   0   0   1   0   0   0   255 255 0   0   
0   0   0   0   0   0   0   0   0   0   0   0   0   0   0   0   0   0   255 255 0   0   255 255 0   0   0   0   255 255 0   0   
0   0   255 255 0   0   4   0   255 255 0   0   2   0   5   0   0   0   255 255 0   0   7   0   255 255 0   0   3   0   18  0   
255 255 0   0   0   0   2   0   0   0   255 255 0   0   4   0   0   0   0   0   255 255 0   0   1   0   0   0   255 255 0   0   
0   0   255 255 0   0   1   0   0   0   0   0   0   0   0   0   0   0   0   0   0   0   0   0   1   0   0   0   255 255 0   0   
0   0   0   0   0   0   0   0   0   0   0   0   0   0   0   0   0   0   255 255 0   0   255 255 0   0   0   0   255 255 255 255 
0   0   255 255 0   0   4   0   255 255 0   0   2   0   5   0   0   0   255 255 0   0   7   0   255 255 0   0   3   0   17  0   
255 255 0   0   0   0   2   0   0   0   255 255 0   0   4   0   0   0   0   0   255 255 0   0   0   0   0   0   255 255 0   0   
0   0   255 255 0   0   1   0   0   0   0   0   0   0   0   0   0   0   0   0   0   0   0   0   1   0   0   0   255 255 0   0   
0   0   0   0   0   0   0   0   0   0   0   0   0   0   0   0   0   0   255 255 0   0   255 255 0   0   0   0   255 255 255 255 
0   0   255 255 0   0   4   0   255 255 0   0   2   0   5   0   0   0   255 255 0   0   7   0   255 255 0   0   3   0   18  0   
0   0   0   0   0   0   2   0   0   0   255 255 0   0   4   0   0   0   0   0   255 255 0   0   0   0   0   0