0	0	0	0	0	0	0	0	0	0	0	0	0	0	0	0	0	0	0	0	0	0	0	0	0	0	0	0	0	0	255	0	0	0	0	0	0	0	0	0	0	0	0	0	0	0	255	0	0	0	0	0	0	0	0	0	0	255	0	0	0	0	0	0
0	0	0	0	0	0	0	0	0	0	0	0	0	0	0	0	0	0	0	0	0	0	0	0	0	0	0	0	0	0	255	0	0	0	0	0	0	0	0	0	0	0	0	0	0	0	255	0	0	0	0	0	0	0	0	0	0	255	0	0	0	0	0	0
0	0	0	0	0	0	0	0	0	0	0	0	0	0	0	0	0	0	0	0	0	0	0	0	0	0	0	0	0	0	0	0	0	0	0	0	0	0	0	0	0	0	0	0	0	0	0	0	0	0	0	0	0	0	0	0	0	255	255	0	0	0	0	0
0	0	0	0	0	0	0	0	0	0	0	0	0	0	0	0	0	0	0	1	0	0	0	0	0	0	0	0	0	0	0	0	0	0	0	0	0	0	0	0	0	0	0	0	0	0	0	0	0	0	0	0	0	0	0	0	0	0	0	0	0	0	0	0
0	0	0	1	0	0	0	0	0	0	0	1	0	0	0	0	0	0	0	1	0	0	0	0	0	0	0	0	0	0	0	0	0	0	0	0	0	0	0	0	0	0	0	0	0	0	0	0	0	0	0	0	0	0	0	0	0	0	0	0	0	0	0	0
0	0	0	1	0	0	0	0	0	0	0	1	0	0	0	0	0	0	0	1	0	0	0	0	0	0	0	0	0	0	0	0	0	0	0	0	0	0	0	0	0	0	0	0	0	0	0	0	0	0	0	0	0	0	0	0	0	255	0	0	0	0	0	0
0	0	0	1	0	0	0	0	0	0	0	1	0	0	0	0	0	0	0	1	0	0	0	0	0	0	0	0	0	0	0	0	0	0	0	0	0	0	0	0	0	0	0	0	0	0	0	0	0	0	0	0	0	0	0	1	0	0	0	0	0	0	0	0
0	0	0	1	0	0	0	0	0	0	0	1	0	0	0	0	0	0	0	1	0	0	0	0	0	0	0	0	0	0	0	0	0	0	0	0	0	0	0	0	0	0	0	0	0	0	0	0	0	0	0	0	0	0	0	1	0	0	0	0	0	0	0	0
0	0	0	1	255	0	0	0	0	0	0	1	0	0	0	0	0	0	0	1	0	0	0	0	0	0	0	0	0	0	0	0	0	0	0	0	0	0	0	0	0	0	0	0	0	0	0	0	0	0	0	0	0	0	0	0	0	0	0	0	0	0	0	0
0	0	0	1	0	0	0	0	0	0	0	1	0	0	0	0	0	0	0	1	0	0	0	0	0	0	0	0	0	0	0	0	0	0	0	0	0	0	0	0	0	0	0	0	0	0	0	0	0	0	0	0	0	0	0	0	0	0	0	0	0	0	0	0
0	0	0	1	0	0	0	0	0	0	0	1	0	0	0	0	0	0	0	1	0	0	0	0	0	0	0	0	0	0	0	0	0	0	0	0	0	0	0	0	0	0	0	0	0	0	0	0	0	0	0	0	0	0	0	0	0	0	0	0	0	0	0	0
0	0	0	1	0	0	0	0	0	0	0	1	0	0	0	0	0	0	0	1	0	0	0	0	0	0	0	0	0	0	0	0	0	0	0	0	0	0	0	0	0	0	0	0	0	0	0	0	0	0	0	0	0	0	0	0	0	0	0	0	0	0	0	0
0	0	0	1	0	0	0	0	0	0	0	1	0	0	0	0	0	0	0	1	0	0	0	0	0	0	0	0	0	0	0	0	0	0	0	0	0	0	0	0	0	0	0	0	0	0	0	0	0	0	0	0	0	0	0	0	0	0	0	0	0	0	0	0
0	0	0	1	0	0	0	0	0	0	0	1	0	0	0	0	0	0	0	1	0	0	0	0	0	0	0	0	0	0	0	0	0	0	0	0	0	0	0	0	0	0	0	0	0	0	0	0	0	0	0	0	0	0	0	0	0	0	0	0	0	0	0	0
1	0	255	0	0	0	0	0	0	0	0	1	0	0	0	0	0	0	0	1	0	0	0	0	0	0	0	0	0	0	0	0	0	0	0	0	0	0	0	0	0	0	0	0	0	0	0	0	0	0	0	0	0	0	0	0	0	0	0	0	0	0	0	0
1	0	255	0	0	0	0	0	0	0	0	1	0	0	0	0	0	0	0	1	0	0	0	0	0	0	0	0	0	0	0	0	0	0	0	0	0	0	0	1	0	0	0	0	0	0	0	0	0	0	0	0	0	0	0	1	0	0	0	0	0	0	0	0
0	0	0	1	0	0	0	0	0	0	0	1	0	0	0	0	0	0	0	1	0	0	0	0	0	0	0	0	0	0	0	0	0	0	255	0	0	0	0	1	0	0	0	0	0	0	0	0	0	0	0	0	0	0	0	1	0	0	0	0	0	0	0	0
0	0	255	0	0	0	0	0	0	0	0	1	0	0	0	0	0	0	0	1	0	0	0	0	0	0	0	0	0	0	0	0	0	0	255	0	0	0	0	1	0	0	0	0	0	0	0	0	0	0	0	0	0	0	0	1	0	0	0	0	0	0	0	0
0	0	0	1	0	0	0	0	0	0	0	1	0	0	0	0	0	0	0	1	0	0	0	0	0	0	0	0	0	0	0	0	0	0	0	0	0	0	0	1	0	0	0	0	0	0	0	0	0	0	255	0	0	0	0	1	0	0	0	0	0	0	0	0
0	0	0	1	0	0	0	0	0	0	0	1	0	0	0	1	0	0	0	1	0	0	0	0	0	0	0	0	0	0	0	0	0	0	255	0	0	0	0	0	0	0	0	0	0	0	0	0	0	0	0	0	0	0	0	1	0	0	0	0	0	0	0	0
0	0	0	1	0	0	0	0	0	0	0	1	0	0	0	0	0	0	0	1	0	0	0	0	0	0	0	0	0	0	0	0	0	0	255	0	0	0	0	0	0	0	0	0	0	0	0	0	0	0	0	0	0	0	0	1	0	0	0	0	0	0	0	0
0	0	255	0	0	0	0	0	0	0	0	1	0	0	0	0	0	0	0	1	0	0	0	0	0	0	0	0	0	255	0	0	0	0	255	0	0	0	0	0	0	0	0	0	0	0	0	0	0	0	0	0	0	0	0	1	0	0	0	0	0	0	0	0
0	0	255	0	0	0	0	0	0	0	0	1	0	0	0	0	0	0	0	1	0	0	0	0	0	0	0	0	0	255	0	0	0	0	255	0	0	0	0	0	0	0	0	0	0	0	0	0	0	0	0	0	0	0	0	1	0	0	0	0	0	0	0	0
0	0	0	1	0	0	0	0	0	0	0	1	0	0	0	0	0	0	0	1	0	0	0	0	0	0	0	0	0	255	0	0	0	0	255	0	0	0	0	0	0	0	0	0	0	0	0	0	0	0	0	1	0	0	0	1	0	0	0	0	0	0	0	0
0	0	0	1	0	0	0	0	0	0	0	1	0	0	0	0	0	0	0	1	0	0	0	0	0	0	0	0	0	255	0	0	0	0	255	0	0	0	0	0	0	0	0	0	0	255	0	0	0	0	0	1	0	0	0	1	0	0	0	0	0	0	0	0
0	0	0	1	0	0	0	0	0	0	0	1	0	0	0	0	0	0	0	1	0	0	0	0	0	0	0	0	0	255	0	0	0	0	0	0	0	0	0	0	0	0	0	0	0	255	0	0	0	0	0	1	0	0	0	1	0	0	0	0	0	0	0	0
0	0	0	1	0	0	0	0	0	0	0	1	0	0	0	0	0	0	0	1	0	0	0	0	0	0	0	0	0	255	0	0	0	0	0	0	0	0	0	0	0	0	0	0	0	255	0	0	0	0	0	1	0	0	0	1	0	0	0	0	0	255	0	0
0	0	0	1	0	0	0	0	0	0	0	1	0	0	0	0	0	0	0	1	0	0	0	0	0	0	0	0	0	255	0	0	0	0	0	0	0	0	0	0	0	0	0	0	0	255	0	0	0	0	0	1	0	0	0	1	0	0	0	0	0	0	0	0
0	0	0	1	0	0	0	0	0	0	0	1	0	0	0	0	0	0	0	0	0	0	0	0	0	0	0	0	255	0	0	0	0	0	0	0	0	0	0	0	0	0	0	0	0	255	0	0	0	0	0	1	0	0	0	1	0	0	0	0	0	0	0	0
0	0	0	1	0	0	0	0	0	0	0	0	0	0	0	0	0	0	0	0	0	0	0	0	0	0	0	0	255	0	0	0	0	0	0	0	0	0	0	0	0	0	0	0	0	255	0	0	0	0	0	1	0	0	0	1	255	255	255	0	0	0	0	0
0	0	0	1	0	0	0	0	0	0	0	0	0	0	0	0	0	0	0	0	0	0	0	0	0	0	0	0	255	0	0	0	0	0	0	0	0	0	0	0	0	0	0	0	0	255	0	0	0	0	0	1	0	0	0	1	255	0	255	0	0	0	0	0
0	0	0	1	0	0	0	0	0	0	0	0	0	0	0	0	0	0	0	0	0	255	255	255	0	255	0	0	255	0	0	0	0	0	0	0	0	0	0	0	0	0	0	0	0	255	0	0	0	0	0	0	0	0	0	1	255	0	0	0	0	0	0	0
0	0	0	1	0	0	0	0	0	255	0	0	0	0	0	0	0	0	0	0	255	255	255	255	0	255	0	0	255	0	0	0	0	0	0	0	0	0	0	0	0	0	0	0	0	255	0	0	0	0	0	0	0	0	0	1	255	255	255	255	0	0	0	0
0	0	0	0	0	0	0	0	0	0	0	0	0	0	0	0	1	255	0	255	255	254	255	255	255	255	0	0	255	0	0	0	0	0	0	0	0	0	0	0	255	0	255	255	0	255	0	0	0	0	0	0	0	0	0	1	255	0	255	255	0	0	0	0
0	0	0	0	0	0	0	0	0	0	0	0	0	0	0	0	2	254	255	255	254	253	254	254	255	255	0	255	255	255	255	255	0	0	0	0	0	0	0	0	255	0	0	255	0	255	0	0	0	0	0	0	0	0	0	0	255	0	255	255	0	0	0	0
0	0	0	0	255	0	0	0	0	0	0	0	0	0	0	0	3	253	255	254	253	253	254	254	255	255	0	255	255	255	255	255	0	0	0	0	0	0	0	0	255	0	0	255	0	255	0	0	0	0	0	0	0	0	0	0	255	0	255	255	0	0	0	0
0	0	0	0	0	0	0	0	0	0	0	0	0	0	0	0	4	252	255	254	252	252	254	254	255	254	0	255	255	255	255	255	0	0	0	0	255	255	255	0	255	0	255	255	0	255	0	0	0	0	0	0	0	0	0	0	255	0	255	255	0	0	0	0
0	0	0	0	0	0	0	0	0	0	0	0	0	0	0	0	6	250	254	254	251	251	253	254	254	254	0	255	254	255	255	255	1	255	0	0	255	255	255	0	255	255	255	255	0	255	0	0	0	0	0	0	0	0	0	0	255	0	255	255	0	0	0	0
0	0	255	0	0	0	0	0	0	0	0	0	0	0	0	0	8	248	254	254	248	250	253	254	254	253	0	255	253	255	255	255	1	255	0	0	255	255	0	0	255	255	0	255	0	255	0	0	0	0	0	0	0	255	0	255	255	0	255	255	0	0	0	0
0	0	255	0	0	0	0	0	0	0	0	0	0	0	0	0	10	245	253	255	245	249	253	254	253	253	0	255	253	254	255	255	2	255	255	0	254	255	255	0	255	255	0	255	255	255	0	0	0	0	0	0	0	255	0	0	255	0	255	255	0	0	0	0
0	0	255	0	0	0	0	0	0	0	0	0	0	0	0	0	13	242	253	255	241	247	253	254	253	252	255	255	253	254	255	255	2	254	255	0	254	255	255	0	255	255	0	0	255	255	0	0	0	0	0	0	0	255	0	0	255	0	255	255	0	0	0	0
1	0	255	255	0	0	0	0	0	0	0	0	0	0	0	0	17	237	252	0	237	245	253	254	253	252	255	255	252	254	255	255	2	254	255	0	254	255	255	0	255	255	0	0	255	255	0	0	1	255	0	0	0	255	0	0	255	255	255	255	0	0	0	0
1	0	255	0	0	0	0	0	0	0	0	0	0	0	0	0	19	232	252	0	237	245	253	254	252	251	255	255	251	253	255	255	3	254	254	0	254	255	255	0	255	255	0	0	255	255	0	0	1	255	255	0	0	255	0	0	255	255	255	255	0	0	0	0
1	0	255	0	0	0	0	0	0	0	0	0	0	0	0	0	19	232	252	0	234	243	253	254	251	250	255	255	251	253	255	255	3	254	254	0	254	255	255	0	255	255	0	0	255	255	0	0	1	255	255	0	0	255	0	0	255	255	255	255	255	255	0	0
1	0	255	0	0	0	0	0	0	0	0	0	0	0	0	0	22	228	251	0	231	242	253	254	251	249	255	255	250	253	255	255	3	254	254	0	254	255	255	0	254	254	0	0	255	255	0	0	1	255	255	0	0	255	0	0	255	255	255	255	0	0	0	0
1	0	255	0	0	0	0	0	0	0	0	0	0	0	0	0	24	225	251	0	228	240	253	254	251	249	255	0	249	253	255	255	4	253	254	255	254	255	255	0	254	254	0	0	255	255	0	0	1	255	255	0	0	255	0	0	255	0	255	255	0	0	0	0
1	0	255	0	0	0	0	0	0	0	0	0	0	0	0	0	27	223	250	0	226	238	253	254	250	248	255	0	248	252	255	255	4	253	254	255	254	254	255	0	254	254	0	0	255	255	0	0	1	0	0	0	0	255	0	0	255	0	255	255	0	0	0	0
1	0	255	255	0	0	0	0	0	0	0	0	0	0	0	0	30	222	249	0	225	236	253	254	250	247	255	0	247	252	255	255	4	253	254	255	254	254	255	0	254	254	0	0	255	255	0	0	1	0	0	0	0	255	0	0	255	0	255	255	255	255	255	255
1	0	255	255	0	0	0	0	0	0	0	0	0	0	0	0	33	221	248	0	224	233	253	254	249	246	255	0	246	252	255	255	4	253	254	0	254	254	255	0	254	254	0	0	255	254	0	0	1	0	0	0	0	255	0	0	255	0	255	255	255	255	255	255
1	0	255	255	0	0	0	0	0	0	255	0	0	0	0	0	36	221	247	1	225	230	252	254	248	245	255	0	243	251	255	255	4	253	254	0	253	254	255	0	254	254	0	0	255	254	0	0	1	0	0	0	0	255	0	0	255	0	255	255	0	0	255	255
1	0	255	255	0	0	0	255	0	0	255	255	0	1	0	0	37	221	244	1	227	225	251	254	247	243	255	0	240	251	255	0	4	253	254	0	253	254	255	0	254	254	255	0	255	254	0	0	1	0	255	0	0	255	0	0	255	0	254	255	255	0	255	255
1	0	255	255	0	0	0	255	0	0	255	255	0	1	0	0	37	222	241	1	230	220	251	254	245	240	255	0	237	250	0	0	4	253	254	0	252	254	255	0	254	254	255	0	254	254	255	0	0	0	255	0	0	255	0	0	255	0	254	255	0	0	255	255
1	0	255	255	0	0	0	255	0	0	255	255	0	1	0	0	34	225	237	1	233	216	250	254	243	237	255	1	234	249	0	0	5	252	254	0	251	254	255	0	254	254	255	0	254	254	255	0	0	0	255	0	0	255	0	0	255	0	254	255	0	0	255	255
1	0	255	255	0	0	0	255	0	0	255	255	0	1	0	0	29	229	231	1	237	213	248	253	241	234	255	1	231	248	0	0	6	251	254	0	250	254	255	0	254	254	255	0	254	254	255	0	1	0	255	0	0	255	0	0	255	0	254	255	0	0	255	255
1	0	255	255	0	0	0	255	0	0	255	0	0	1	0	0	23	233	224	0	241	212	246	253	238	231	255	2	229	246	1	1	7	250	254	0	249	254	0	0	253	254	255	0	253	254	255	0	1	0	255	0	0	255	0	0	255	0	254	255	0	0	255	0
1	0	255	0	0	0	0	255	0	0	255	0	0	1	0	0	16	238	218	0	246	213	244	253	236	229	255	3	228	243	1	1	9	249	254	0	247	254	0	0	253	254	255	0	253	254	255	0	1	0	255	0	0	255	0	0	255	0	254	255	0	0	255	0
1	0	255	0	0	0	0	255	0	0	255	0	0	1	255	0	11	242	211	0	250	214	241	252	234	228	255	4	228	240	1	1	10	248	255	0	245	253	0	0	252	254	255	0	252	254	255	0	1	0	255	0	255	255	0	255	255	255	254	255	255	0	255	0
0	0	255	0	255	0	255	255	0	0	255	0	0	1	255	0	6	245	206	0	253	217	238	251	234	228	254	4	229	236	1	1	12	247	255	1	243	253	0	1	252	254	255	0	251	254	255	0	1	0	255	0	255	255	0	255	255	0	254	255	255	0	255	0
0	0	255	0	255	0	255	255	0	0	255	0	0	1	255	0	3	248	201	0	255	220	235	250	235	228	251	3	232	232	1	1	16	245	0	1	240	252	0	1	251	253	255	0	250	254	0	0	1	255	255	0	255	255	0	255	255	0	254	255	255	0	255	0
0	0	255	0	255	0	255	255	0	0	255	0	0	1	255	0	1	250	197	255	0	224	232	249	237	230	248	3	236	228	0	1	19	243	0	2	238	252	1	2	250	253	0	0	249	254	0	0	2	255	255	0	254	255	0	255	255	0	254	255	255	0	255	0
0	0	255	0	255	0	255	255	0	0	255	0	255	1	255	0	0	252	194	255	1	227	229	248	241	232	244	2	240	223	255	0	23	241	0	2	236	251	2	2	249	252	0	0	247	254	0	0	2	255	255	0	253	255	0	255	255	0	254	255	255	0	255	0
0	0	255	0	255	1	255	255	0	0	255	0	255	1	255	0	0	253	192	255	2	231	226	248	245	234	239	2	245	219	253	0	27	239	0	2	235	249	2	2	247	251	0	0	244	254	0	1	3	255	255	0	252	255	0	255	254	0	254	255	255	0	255	0
0	0	255	0	254	0	255	255	0	0	255	0	255	1	255	0	255	255	192	255	2	234	223	247	248	237	234	2	249	216	252	0	29	237	0	3	235	247	3	2	245	250	0	1	241	254	1	1	4	254	255	0	251	255	0	255	254	255	254	255	254	0	255	0
1	0	255	0	254	0	255	255	0	0	255	0	255	1	255	0	254	0	192	255	3	237	220	247	250	239	228	1	252	214	251	0	30	235	0	3	237	244	3	2	242	249	1	1	237	254	2	1	5	254	0	0	249	255	0	0	254	255	254	255	253	0	255	0
1	0	255	0	254	0	255	255	0	0	255	0	254	1	255	0	253	0	193	255	3	239	217	246	252	241	223	1	254	213	249	255	28	233	255	3	239	240	3	2	238	248	2	2	235	254	3	1	6	253	0	0	247	255	0	0	253	255	255	255	253	0	255	0
1	0	255	0	253	0	255	255	0	0	255	0	254	1	0	0	253	0	194	255	3	240	213	246	253	243	218	1	255	212	247	254	25	232	253	3	241	236	2	2	234	246	4	3	233	254	4	2	8	252	0	0	244	255	0	0	253	255	255	255	252	0	255	0
1	0	255	0	253	0	255	255	0	0	255	0	254	2	0	0	253	1	196	255	3	242	211	246	254	245	213	1	0	213	245	254	21	232	251	2	244	231	1	1	230	244	4	3	231	253	4	2	10	252	1	0	241	255	1	0	252	254	255	255	251	0	255	0
1	0	255	0	253	1	255	255	0	0	255	0	254	2	0	0	253	1	198	255	3	244	209	246	255	247	209	1	0	215	244	254	17	232	248	2	247	227	0	1	226	242	4	3	231	252	5	2	12	251	1	0	236	255	2	0	251	254	0	255	249	0	0	0
2	0	255	0	252	1	0	255	0	0	255	0	253	2	0	0	253	2	201	255	3	246	208	246	0	248	206	1	1	216	242	254	13	233	245	2	250	223	0	1	224	240	3	3	232	251	5	2	15	250	2	1	232	255	3	0	250	254	0	255	248	0	0	0
3	0	255	0	252	1	0	255	0	0	255	0	253	2	0	0	253	2	204	255	3	247	208	246	0	250	204	1	2	219	240	253	10	235	242	2	252	220	0	1	224	238	3	3	234	249	5	2	18	249	3	1	231	255	3	0	249	254	0	255	246	0	0	0
3	0	255	0	251	1	0	255	0	0	255	0	252	2	0	0	253	2	207	255	3	249	209	247	0	251	202	0	2	221	238	253	7	237	239	2	253	218	255	1	226	237	2	3	236	246	4	2	21	247	3	2	231	255	4	1	248	253	0	0	244	0	0	0
3	0	255	0	251	1	0	255	0	0	255	0	252	2	0	0	253	2	210	255	3	250	210	247	0	252	200	0	2	223	236	252	5	239	236	2	254	217	254	0	229	236	1	3	239	243	3	2	24	245	3	2	231	255	4	1	247	253	0	0	242	0	0	0
3	0	0	0	250	1	0	0	255	0	255	0	252	2	0	0	253	2	213	255	3	251	212	247	0	252	199	0	2	226	235	252	4	241	233	2	254	216	254	0	233	235	0	2	242	240	3	1	27	243	4	2	231	255	5	1	246	252	1	0	240	0	1	0
4	255	0	0	250	1	0	0	255	0	255	0	251	2	0	0	253	2	215	255	3	252	215	247	0	253	199	0	2	229	233	252	3	243	230	2	255	216	253	0	237	235	255	2	246	238	3	1	30	241	4	2	230	254	5	1	244	251	1	0	237	0	1	0
5	255	0	0	248	1	0	0	254	0	255	0	251	2	0	0	253	2	219	255	3	252	218	247	0	254	199	0	2	231	231	252	2	244	227	2	0	216	252	0	241	236	253	2	248	235	2	1	33	239	4	2	230	253	5	1	242	250	2	0	234	0	1	0
5	255	0	0	247	1	0	0	254	0	255	0	251	2	0	0	253	2	221	255	2	252	221	248	0	254	199	0	2	234	230	252	2	246	223	1	0	216	251	0	244	237	251	2	251	231	1	1	35	237	4	2	231	252	5	1	239	249	2	0	232	0	2	0
6	255	0	0	246	1	1	0	253	255	255	0	250	2	0	0	253	2	223	255	2	253	223	248	0	255	200	0	2	237	229	252	1	247	221	1	0	217	250	0	247	239	249	2	253	228	0	1	34	235	4	2	234	251	5	1	236	246	3	0	230	0	2	0
7	254	0	0	244	2	1	0	253	255	0	0	249	2	0	0	254	2	224	255	2	253	226	248	1	0	202	0	2	239	228	251	0	249	218	1	0	219	249	0	249	240	247	1	254	225	0	0	32	233	3	2	238	249	4	1	233	244	3	0	230	0	2	0
9	253	0	0	242	2	1	0	252	255	0	0	248	2	0	0	254	2	226	255	2	253	228	248	1	0	202	0	2	241	227	251	0	250	216	1	0	221	248	0	251	242	245	1	255	224	0	1	28	232	2	2	242	247	4	1	229	241	3	0	231	0	3	0
11	252	1	0	239	2	1	0	251	254	0	0	248	2	0	0	254	1	227	255	2	254	231	249	1	0	202	0	2	243	226	251	0	251	214	1	0	223	247	0	252	243	242	1	0	222	255	1	23	231	1	2	246	245	3	1	225	238	4	0	231	0	3	0
13	250	1	0	236	2	1	0	250	253	0	0	247	2	0	0	254	1	229	255	2	254	233	249	1	0	203	0	2	245	226	251	0	252	212	1	0	224	246	255	253	245	239	1	0	221	255	1	19	231	0	2	249	243	2	1	221	234	4	0	232	255	3	1
14	249	2	1	235	2	2	0	249	252	0	0	247	2	1	0	254	1	230	255	1	254	235	249	1	0	204	0	2	246	226	251	0	252	210	1	0	226	246	255	254	247	236	1	0	221	254	0	15	233	255	2	251	241	2	1	220	231	4	0	235	254	3	1
16	247	2	1	232	2	2	0	248	251	0	0	246	2	1	0	254	1	231	254	1	254	237	250	1	0	205	0	2	247	226	251	255	253	209	1	0	228	245	255	255	248	234	1	0	221	253	0	12	235	253	2	253	239	1	0	220	228	3	0	237	252	3	1
19	245	3	1	230	2	3	0	246	250	0	0	243	2	1	0	254	1	232	255	1	254	238	250	1	0	206	0	2	248	227	251	255	253	208	1	0	231	244	255	255	249	231	0	0	222	253	0	9	237	252	2	254	237	1	0	223	226	3	0	241	250	3	1
23	242	3	1	228	2	3	0	244	249	0	0	239	2	2	0	254	1	233	255	1	254	239	250	1	0	206	0	2	249	229	252	255	253	207	1	0	233	243	255	0	250	228	0	0	223	252	0	7	239	250	2	254	235	0	0	227	226	2	0	244	247	3	1
27	239	4	1	228	0	3	0	241	248	1	1	234	2	2	0	254	1	234	255	1	254	240	250	1	0	208	0	2	249	230	251	255	254	206	1	0	234	243	255	0	250	226	0	0	224	251	0	5	241	248	2	255	234	0	0	232	227	1	0	246	244	2	0
31	235	4	1	230	0	3	0	236	247	1	1	230	2	3	1	254	1	235	255	1	254	241	250	1	0	210	0	2	249	232	252	255	254	206	1	0	236	243	255	0	251	224	0	0	225	250	0	4	243	246	2	255	234	0	0	237	228	0	0	249	241	2	0
34	231	4	1	234	254	3	0	232	245	1	1	228	2	3	1	254	1	236	255	1	254	241	250	1	0	211	0	2	249	233	252	255	255	205	1	0	238	242	255	0	252	223	1	0	226	250	0	3	245	244	2	0	234	0	0	241	230	0	0	251	238	1	0
35	226	4	1	238	252	3	0	228	243	1	1	228	1	3	1	254	1	236	255	1	254	242	250	0	0	212	0	2	250	234	252	255	255	205	1	0	240	242	254	0	252	221	1	0	228	250	0	2	246	241	1	0	234	0	0	244	232	254	0	253	235	1	0
34	221	4	1	243	250	3	0	225	240	1	1	230	0	3	1	254	1	237	255	1	254	242	250	0	0	213	0	1	250	235	252	255	255	205	1	0	241	241	254	0	253	219	1	0	230	249	0	2	247	238	1	0	234	255	0	246	234	253	0	254	232	1	0
30	218	3	1	246	246	3	0	223	236	1	1	235	254	3	1	255	1	238	255	0	254	242	250	0	0	214	0	1	251	235	252	255	255	205	1	0	243	241	254	0	253	217	1	0	232	248	0	1	248	235	1	0	234	255	0	248	236	251	0	255	229	1	0
24	216	2	1	249	241	3	0	222	231	1	1	240	251	3	1	0	1	238	255	0	254	242	251	0	0	216	0	1	251	236	252	255	255	205	0	0	244	240	254	0	253	216	1	0	234	247	0	1	249	231	1	0	235	254	0	249	238	248	0	255	227	0	0
19	217	1	1	251	235	3	0	224	226	1	1	245	247	3	1	0	0	239	255	0	254	242	251	0	0	218	0	1	251	236	252	0	255	205	0	0	245	239	254	0	253	215	1	0	237	246	0	1	250	228	1	0	236	253	0	251	240	245	0	0	226	0	0
14	220	0	1	252	230	2	0	229	221	1	1	248	243	3	1	0	0	240	255	0	254	242	251	0	0	220	0	1	252	236	252	0	255	207	0	0	247	238	254	0	254	214	1	0	239	244	0	1	250	224	1	0	238	252	0	252	242	240	0	0	227	0	0
10	225	254	1	253	226	2	0	235	217	0	1	251	238	4	2	0	0	242	255	0	254	242	250	0	0	223	0	1	252	235	252	0	0	210	0	0	248	236	253	0	254	213	1	0	242	242	255	1	251	220	1	0	240	251	0	253	244	235	0	0	229	255	0
7	231	250	1	254	223	1	0	241	216	0	2	252	231	4	2	0	0	244	255	0	254	242	250	0	0	226	0	1	253	234	251	0	0	212	0	0	249	234	253	0	254	212	0	0	245	240	255	1	252	217	1	0	243	249	0	254	246	230	0	0	232	254	0
5	237	245	1	255	223	0	0	245	219	253	2	254	224	4	2	0	0	245	255	0	254	242	250	0	0	229	0	1	254	233	251	0	0	215	0	0	250	231	252	0	255	214	0	0	247	236	254	0	253	215	1	0	245	247	255	254	248	225	0	0	235	252	0
4	241	239	1	255	225	0	0	248	225	249	2	255	218	3	2	0	0	246	255	0	254	241	250	0	0	231	255	1	254	232	250	0	0	218	0	0	251	229	251	0	255	216	0	0	248	232	253	0	254	215	1	0	247	243	254	254	250	221	0	0	239	250	0
3	245	234	1	255	229	255	0	251	233	245	2	255	214	2	2	0	0	246	255	0	254	241	249	0	0	233	255	1	254	232	250	0	0	221	0	0	252	226	250	0	255	219	0	0	250	228	252	0	254	216	1	1	249	239	254	255	252	220	0	0	242	246	255
2	249	229	1	0	233	253	0	253	240	240	2	255	214	1	1	0	0	246	254	0	254	240	249	0	0	233	255	0	254	231	250	0	0	225	0	0	253	224	249	0	255	223	0	0	251	224	251	0	255	220	1	1	250	235	253	255	253	222	0	0	245	241	254
1	251	226	1	0	238	250	255	254	245	235	2	0	219	0	1	0	0	247	254	0	254	240	249	0	0	236	255	0	254	230	249	0	0	229	0	0	253	222	248	0	255	228	0	0	252	221	250	0	255	225	1	1	251	231	252	255	254	226	0	0	248	236	254
1	253	227	1	0	243	244	254	255	249	231	2	0	228	253	1	0	0	247	254	0	254	240	249	0	0	239	255	0	254	229	248	0	0	234	0	0	253	220	247	0	255	233	255	0	253	218	248	0	0	231	0	1	252	227	250	255	254	231	255	0	250	230	253
1	254	230	0	0	247	238	254	255	251	228	1	0	236	247	0	0	0	248	254	0	254	240	248	0	0	242	255	0	254	228	247	0	0	239	0	0	254	219	245	0	255	238	255	0	254	216	246	0	0	236	0	1	253	223	247	255	254	236	255	0	252	224	251
0	255	234	0	0	250	232	253	0	253	228	1	0	243	242	0	0	0	249	254	0	254	240	248	0	0	244	254	0	254	227	246	0	0	242	255	0	255	218	242	0	255	241	254	0	254	216	246	0	0	241	0	1	254	221	243	0	255	241	255	0	254	221	248
0	255	239	0	0	253	228	251	0	254	231	1	0	248	236	254	0	0	249	254	0	254	240	248	0	0	245	254	0	254	226	244	0	0	244	254	0	255	218	238	0	255	245	253	0	254	215	243	0	0	245	255	1	255	223	239	0	0	245	255	0	255	223	244
0	0	244	255	0	255	228	248	0	255	237	0	0	252	230	251	0	0	249	254	0	254	239	247	0	0	247	253	0	255	226	243	0	0	247	253	0	255	221	235	0	255	248	252	0	254	216	239	0	0	248	254	1	255	227	235	0	0	248	254	0	0	227	239
0	0	248	255	0	0	231	244	0	0	243	0	0	254	225	247	0	0	250	253	0	254	239	246	0	0	248	253	0	255	226	240	0	0	249	252	0	255	224	231	0	255	250	251	0	255	220	235	0	0	251	253	1	255	231	230	0	0	250	253	1	0	233	234
0	0	250	253	0	0	234	239	0	0	247	254	0	255	225	242	0	0	250	253	0	255	239	246	0	0	250	253	0	255	227	238	0	0	250	252	0	255	228	228	0	255	250	251	0	255	224	231	0	0	253	251	1	255	236	225	0	0	252	251	1	0	238	229
0	0	252	251	0	0	239	236	0	0	250	252	0	0	229	237	0	0	251	253	0	255	239	246	0	0	250	252	0	255	229	236	0	0	251	251	0	255	231	223	0	255	252	249	0	255	228	227	0	0	253	248	0	255	240	222	0	0	253	249	1	0	243	227
0	0	253	247	0	0	244	234	0	0	252	248	0	0	236	231	0	0	251	253	0	255	239	245	0	0	251	252	0	0	232	233	0	0	252	249	0	255	235	219	0	255	253	246	0	255	233	224	0	0	254	244	0	255	244	222	0	0	254	245	1	0	247	229
0	0	254	241	0	0	248	235	0	0	254	243	0	0	243	228	0	0	252	253	0	255	240	243	0	0	252	251	0	0	234	229	0	0	252	246	255	255	239	216	0	255	253	242	0	255	238	222	0	0	255	239	0	255	248	224	0	0	255	240	1	0	250	233
0	0	255	235	0	0	250	237	0	0	254	239	0	0	248	229	0	0	252	253	0	255	241	241	0	0	252	250	0	0	237	224	0	0	253	243	255	255	239	216	0	255	254	237	0	255	242	221	0	0	255	234	0	255	250	228	0	0	255	236	1	0	252	238
0	0	255	229	0	0	252	241	0	0	255	234	0	0	251	233	0	0	252	252	0	255	242	239	0	0	253	249	0	0	240	220	0	0	253	243	255	255	243	215	0	255	255	232	0	255	246	223	0	0	255	229	0	255	252	233	0	0	255	232	1	0	252	238
0	0	255	225	0	0	254	244	0	0	255	231	0	0	253	239	0	0	253	252	0	255	243	237	0	0	254	246	0	0	242	218	0	0	254	239	255	255	246	216	0	255	255	227	0	0	249	227	0	0	0	224	0	255	253	238	0	0	255	232	1	0	253	242
0	0	255	224	0	0	255	247	0	0	255	228	0	0	254	244	0	0	254	251	0	255	244	235	0	0	254	243	0	0	244	218	0	0	255	234	255	255	248	218	0	255	255	222	0	0	251	230	0	0	0	223	0	255	254	242	0	0	0	232	0	0	254	246
0	0	255	227	0	0	0	250	0	0	255	227	0	0	255	248	0	0	254	250	0	255	245	234	0	0	254	238	0	0	246	218	0	0	255	229	0	255	250	222	0	255	255	216	0	0	252	234	0	0	0	224	0	0	255	246	0	0	0	232	0	0	255	249
0	0	255	230	0	0	0	252	0	0	255	228	0	0	0	251	0	0	254	248	0	255	246	234	0	0	255	233	0	0	248	219	0	0	255	224	0	255	251	226	0	255	255	212	0	0	253	238	0	0	0	227	0	0	255	246	0	0	0	234	0	0	0	251
0	0	255	234	0	0	0	253	0	0	255	231	0	0	0	253	0	0	254	245	0	255	247	234	0	0	255	227	0	0	249	221	0	0	255	219	0	0	252	231	0	255	255	211	0	0	254	243	0	0	0	231	0	0	0	251	0	0	0	237	0	0	0	253
0	0	255	238	0	0	0	254	0	0	255	235	0	0	0	254	0	0	254	242	0	255	248	234	0	0	255	220	0	0	250	224	0	0	255	216	0	0	253	236	0	255	0	212	0	0	255	246	0	0	0	235	0	0	0	251	0	0	0	241	0	0	0	254
0	0	255	242	0	0	0	254	0	0	255	241	0	0	0	255	0	0	255	238	0	255	249	234	0	0	0	214	0	0	251	228	0	0	255	215	0	0	254	240	0	255	0	216	0	0	255	248	0	0	0	240	0	0	0	252	0	0	0	244	0	0	0	255
0	0	255	245	0	0	0	254	0	0	255	244	0	0	0	0	0	0	255	234	0	255	249	235	0	0	0	208	0	0	252	232	0	0	255	215	0	0	254	244	0	255	0	220	0	0	255	250	0	0	0	243	0	0	0	253	0	0	0	246	0	0	0	255
0	0	255	248	0	0	0	255	0	0	255	248	0	0	0	0	0	0	255	230	0	255	250	236	0	0	0	204	0	0	253	236	0	0	0	217	0	0	254	246	0	255	0	224	0	255	255	251	0	0	0	243	0	0	0	254	0	0	0	248	0	0	0	255
0	0	255	250	0	0	0	255	0	0	255	251	0	0	0	0	0	0	255	225	0	255	251	238	0	0	0	202	0	0	253	239	0	0	0	220	0	0	255	248	0	255	0	229	0	255	255	253	0	0	0	245	0	0	0	254	0	0	0	249	0	0	0	255
0	0	255	251	0	0	0	255	0	0	255	251	0	0	0	0	0	0	255	220	0	255	251	239	0	0	0	202	0	0	254	242	0	0	0	223	0	0	255	250	0	0	0	234	0	255	255	254	0	0	0	248	0	0	0	254	0	0	0	250	0	0	0	255
0	0	255	251	0	0	0	255	0	0	255	253	0	0	0	0	0	0	255	215	0	255	251	240	0	0	0	205	0	0	254	245	0	0	0	227	0	0	255	251	0	0	0	239	0	255	255	254	0	0	0	250	0	0	0	254	0	0	0	251	0	0	0	0
0	0	255	252	0	0	0	255	0	0	255	254	0	0	0	0	0	0	0	212	0	255	252	242	0	0	0	208	0	0	254	247	0	0	0	229	255	0	255	251	0	0	0	242	0	255	0	254	0	0	0	251	0	0	0	255	0	0	0	251	0	0	0	0
0	0	255	252	0	0	0	255	0	0	255	255	0	0	0	0	0	0	0	211	0	255	252	243	0	0	0	212	0	0	255	248	0	0	0	231	255	0	255	252	0	0	0	243	0	255	0	255	0	0	0	251	0	0	0	255	0	0	0	251	0	0	0	0
0	0	255	252	0	0	0	255	0	0	0	255	0	0	0	0	0	0	0	210	0	255	253	245	0	0	0	215	0	0	255	249	0	0	0	233	255	0	255	253	0	0	0	244	0	255	0	255	0	0	0	251	0	0	0	255	0	0	0	251	0	0	0	0
0	0	255	252	0	0	0	255	0	0	0	255	0	0	0	0	0	0	0	210	0	255	253	245	0	0	0	217	0	0	255	249	0	0	0	235	255	0	255	253	0	0	0	245	0	255	0	255	0	0	0	251	0	0	0	255	0	0	0	251	0	0	0	0
0	0	255	252	0	0	0	255	0	0	0	255	0	0	0	0	0	0	0	209	0	0	253	246	0	0	0	218	0	0	255	250	0	0	0	237	255	0	255	253	0	0	0	246	0	255	0	255	0	0	0	251	0	0	0	255	0	0	255	251	0	0	0	0
0	0	0	251	0	0	0	255	0	0	0	254	0	0	0	0	0	0	0	208	0	0	253	246	0	0	0	219	0	0	255	250	0	0	0	238	255	0	255	254	0	0	255	245	0	255	0	255	0	0	0	251	0	0	0	255	0	0	255	250	0	0	0	0
0	0	0	250	0	0	0	255	0	0	0	252	0	0	0	0	0	0	0	208	0	0	253	247	0	0	0	220	0	0	255	250	0	0	0	238	255	0	0	254	0	0	0	245	0	255	0	255	0	0	0	250	0	0	0	255	0	0	255	249	0	0	0	255
0	0	0	247	0	0	0	255	0	0	0	250	0	0	0	0	0	0	0	209	0	0	253	247	0	0	0	221	0	0	255	250	0	0	0	238	255	0	0	254	0	0	0	245	0	255	0	255	0	0	0	249	0	0	0	255	0	0	255	247	0	0	0	254
0	0	0	243	0	0	0	254	0	0	0	247	0	0	0	0	0	0	0	210	0	0	253	247	0	0	0	221	0	0	255	250	0	0	255	237	0	0	0	254	0	0	0	244	0	255	0	255	0	0	0	247	0	0	0	255	0	0	255	244	0	0	0	254
0	0	0	239	0	0	0	253	0	0	0	244	0	0	0	255	0	0	0	211	0	0	253	248	0	0	0	220	0	0	255	250	0	0	255	235	0	0	0	254	0	0	0	242	0	255	0	255	0	0	0	245	0	0	0	254	0	0	255	240	0	0	0	253
0	0	0	236	0	0	0	252	0	0	0	241	0	0	0	254	0	0	0	209	0	0	253	248	0	0	0	219	0	0	255	250	0	0	255	233	0	0	0	254	0	0	0	239	0	255	0	255	0	0	0	242	0	0	0	253	0	0	255	236	0	0	255	251
0	0	0	236	0	0	255	250	0	0	0	241	0	0	0	252	0	0	0	207	0	0	253	248	0	0	0	218	0	0	255	250	0	0	255	231	0	0	255	253	0	0	0	234	0	255	0	255	0	0	0	238	0	0	0	252	0	0	255	233	0	0	255	249
0	0	255	236	0	0	254	247	0	0	0	243	0	0	0	249	0	0	0	207	0	0	253	248	0	0	0	215	0	0	255	251	0	0	255	227	0	0	255	253	0	0	0	229	0	255	255	254	0	0	0	235	1	0	0	251	0	0	255	233	0	0	254	245
0	0	255	237	0	0	253	243	0	0	0	246	0	0	255	247	0	0	0	205	0	0	254	248	0	0	0	212	0	0	255	250	0	0	0	223	0	0	255	252	0	0	0	224	0	255	255	252	0	0	0	234	0	0	255	247	0	0	255	235	0	0	252	239
0	0	255	240	0	0	250	240	0	0	0	249	0	0	254	246	0	0	0	201	0	0	255	248	0	0	0	209	0	0	0	249	0	0	0	219	0	0	255	250	0	0	0	221	0	0	255	250	0	0	0	234	0	0	254	243	0	0	255	239	0	0	250	234
0	0	254	244	0	0	245	239	0	0	0	252	0	0	253	248	0	0	0	197	0	0	255	246	0	0	0	205	0	0	0	247	0	0	0	217	0	0	255	247	0	0	0	221	0	0	254	247	0	0	0	236	0	0	252	238	0	0	254	243	0	0	245	232
0	0	252	248	0	0	239	239	0	0	0	253	0	0	251	249	0	0	1	194	0	0	0	244	0	0	0	202	0	0	0	243	0	0	0	217	0	0	255	243	0	0	0	224	0	0	253	243	0	0	255	241	0	0	249	233	0	0	252	246	0	0	238	234
0	0	251	252	0	0	234	241	0	0	255	254	0	0	250	251	0	0	1	191	0	0	0	241	0	0	0	200	0	0	0	238	0	0	0	219	0	0	254	237	0	0	0	230	0	0	252	238	0	0	254	245	0	0	244	230	0	0	249	249	0	255	231	237
0	0	248	255	0	255	232	244	0	0	255	255	0	0	250	253	0	0	2	189	0	0	0	238	0	0	1	200	0	0	0	232	0	0	0	222	0	0	253	231	0	0	0	236	0	255	249	233	0	0	252	249	0	0	237	231	0	0	244	252	0	254	227	241
0	0	241	0	0	254	237	250	0	0	254	0	0	0	251	255	0	0	3	189	0	0	0	234	0	0	2	202	0	0	255	226	0	0	0	228	0	0	252	225	0	0	255	242	0	255	245	232	0	0	248	252	0	255	230	235	0	0	237	253	0	253	228	246
0	0	240	0	0	254	237	250	0	0	253	0	0	0	252	0	0	0	4	190	0	0	255	229	0	0	2	207	0	0	253	219	0	0	0	233	0	0	249	220	0	0	253	246	0	255	240	232	0	0	242	255	0	254	225	240	0	255	230	254	0	251	231	250
0	0	240	0	0	253	242	252	0	0	253	0	0	0	253	0	0	0	4	192	0	1	254	223	0	0	2	213	0	1	251	213	0	0	255	238	0	0	246	217	0	0	251	250	0	255	235	235	0	0	233	0	0	253	225	245	0	255	227	255	0	247	236	253
0	0	242	0	0	252	246	253	0	0	253	0	0	0	254	0	0	0	4	195	0	2	253	217	0	0	2	218	0	2	248	208	0	0	254	243	0	0	241	217	0	0	247	253	0	254	230	239	0	255	225	2	0	251	229	250	255	254	227	0	0	242	241	255
0	255	245	0	0	251	250	253	0	0	253	0	0	255	255	0	0	1	4	200	0	2	251	211	0	0	1	224	0	2	244	203	0	0	252	247	0	0	235	220	0	0	241	255	0	253	227	243	0	254	221	3	0	247	235	254	255	252	229	0	0	238	246	0
0	255	247	0	0	250	252	253	0	0	253	0	0	254	255	0	0	2	4	205	0	3	249	206	0	0	0	231	0	2	239	201	0	0	250	250	0	0	229	225	0	255	233	0	0	251	228	247	1	252	222	3	0	243	241	0	254	250	233	0	0	236	250	0
0	255	249	255	0	250	253	253	0	255	253	0	0	254	0	0	255	2	3	210	0	3	246	200	0	0	0	236	0	2	233	200	0	0	246	252	0	255	225	231	0	255	226	1	0	247	231	251	2	249	226	3	0	240	246	1	254	248	238	0	0	237	252	0
0	255	251	255	0	251	254	253	0	255	253	0	0	254	0	0	255	3	2	215	0	3	243	196	0	0	254	241	0	1	226	202	0	0	242	254	0	254	224	237	0	253	222	2	0	241	236	254	3	244	232	3	0	239	250	2	254	247	243	0	0	240	254	0
0	255	252	255	0	252	255	253	0	255	254	0	0	254	0	0	255	4	1	220	0	3	239	193	0	0	252	245	0	0	219	206	0	255	238	255	0	252	225	242	255	251	223	3	0	234	242	0	4	240	238	3	0	240	253	3	254	247	247	255	0	244	255	0
0	254	253	255	0	253	255	253	0	255	255	0	0	255	0	0	255	4	0	224	0	3	234	191	0	0	249	248	0	0	213	213	0	254	234	0	0	249	229	247	254	247	227	4	0	230	247	2	5	237	243	3	0	241	255	2	254	248	250	255	0	247	255	0
0	254	254	255	0	254	255	253	0	255	255	0	0	255	0	0	255	4	0	229	0	3	228	191	0	0	245	250	0	0	208	220	1	252	230	0	0	244	233	250	252	243	232	4	0	229	251	3	6	236	246	3	0	243	0	2	254	249	252	255	0	249	255	255
0	254	254	255	0	255	255	253	0	255	255	0	0	0	0	0	255	4	255	233	0	3	222	191	0	0	241	252	0	254	206	227	2	249	229	1	0	238	238	253	248	240	237	4	255	230	254	4	7	238	249	2	255	245	0	1	254	250	253	255	0	251	255	255
1	254	255	255	0	255	255	252	0	0	255	0	0	0	0	0	254	4	253	237	0	2	215	192	0	0	237	254	0	253	208	233	3	245	229	1	0	233	244	0	244	238	242	4	254	233	0	4	7	241	251	1	255	247	0	0	254	251	254	255	0	252	255	255
1	255	255	255	0	255	255	252	0	0	255	0	0	0	0	0	253	4	251	240	0	1	210	195	0	255	232	255	0	250	211	238	5	240	232	2	255	228	248	1	241	237	246	4	254	237	0	4	6	244	252	0	255	249	0	0	254	252	254	255	0	253	255	254
1	255	255	255	0	255	255	252	0	0	255	0	0	0	0	0	253	4	248	242	1	1	205	199	0	253	228	255	0	247	216	242	9	235	236	3	254	227	251	2	240	238	249	4	254	241	1	3	5	247	253	0	255	251	0	255	254	253	254	254	0	254	255	254
0	0	0	255	0	0	255	252	0	0	255	0	0	0	0	0	253	4	245	244	1	0	201	204	255	250	225	0	0	243	222	246	13	232	240	4	253	227	253	3	240	240	251	3	254	244	1	2	4	249	254	0	255	252	0	255	254	254	255	254	0	255	255	254
0	0	0	255	0	0	255	252	0	0	255	0	0	0	0	0	253	4	241	246	1	0	197	209	254	246	223	0	0	238	229	249	18	231	243	4	252	229	255	3	241	242	252	2	254	246	0	1	3	251	255	0	0	253	0	255	254	254	255	254	0	0	255	254
0	0	0	255	0	0	254	252	0	0	255	0	0	0	0	255	253	3	236	247	1	254	195	214	252	240	223	1	0	233	235	252	22	231	247	4	252	232	0	3	243	244	253	1	254	248	0	1	3	252	255	0	0	253	255	254	254	254	255	254	0	0	254	254
0	0	0	255	0	0	254	252	0	0	255	0	0	0	0	255	253	2	231	249	1	252	195	219	250	233	226	2	255	228	241	254	24	232	249	3	251	236	0	3	246	246	254	1	254	249	0	0	3	252	255	0	0	254	255	254	254	254	255	254	0	0	254	254
0	0	0	255	0	0	254	253	0	0	255	0	0	0	0	255	254	0	225	250	1	250	197	224	247	226	231	3	254	225	246	0	25	233	250	2	251	240	0	2	248	248	254	0	255	251	0	0	2	253	255	0	0	254	255	254	254	254	255	254	0	0	254	254
1	0	255	255	0	0	254	253	0	0	255	0	0	0	0	255	255	255	220	251	1	247	200	228	244	221	236	3	253	224	250	0	23	236	251	1	251	243	0	1	250	250	254	0	255	252	0	0	2	253	255	0	0	254	255	254	254	255	255	254	0	0	255	254
1	0	255	255	0	0	254	253	0	0	255	0	0	1	0	255	0	251	215	251	0	242	205	232	240	219	240	3	251	225	253	1	20	239	252	1	252	246	0	1	251	251	254	0	255	252	255	255	2	254	255	0	0	255	255	254	255	0	255	254	0	0	255	254
1	0	255	255	0	0	254	253	0	0	255	0	0	1	0	255	2	245	211	252	0	236	211	236	237	220	244	3	250	227	255	2	16	242	253	1	252	248	0	0	252	252	254	0	255	253	255	255	2	254	255	0	0	255	255	254	255	0	255	254	0	0	254	254
1	0	254	254	0	0	254	253	0	0	255	0	0	1	0	255	6	237	210	253	0	229	218	241	236	222	247	3	249	231	0	2	12	245	254	0	253	250	255	0	253	252	254	255	255	253	254	255	2	254	255	0	0	255	255	254	255	255	255	254	0	0	254	254
1	0	255	255	0	0	254	253	0	0	255	0	0	1	0	255	11	228	213	254	255	221	225	244	237	226	249	3	249	235	0	1	9	247	254	0	254	251	255	0	254	253	255	255	0	254	255	255	1	254	255	0	0	255	255	254	255	255	255	254	0	0	254	255
1	0	255	255	0	0	254	253	0	0	255	0	0	1	0	255	17	220	218	255	254	215	232	247	239	230	251	2	250	239	255	0	7	249	254	0	254	252	254	255	254	253	255	255	0	254	255	255	1	255	255	0	0	255	255	254	255	255	255	254	0	0	254	255
1	0	255	255	0	0	254	254	0	0	255	0	0	1	0	0	23	215	223	255	253	211	237	249	242	234	252	1	252	242	255	0	5	251	254	0	254	252	254	255	254	253	255	255	0	254	255	255	1	255	255	0	0	255	255	254	255	255	255	254	0	0	254	255
1	0	255	255	0	0	255	254	0	0	255	0	0	1	0	0	27	215	228	0	252	211	241	250	245	238	252	0	253	245	254	255	4	251	253	255	255	252	254	255	254	253	255	255	0	254	255	255	1	255	255	0	0	255	255	254	255	255	255	254	0	0	255	255
1	0	255	255	0	0	255	254	0	0	255	0	0	1	0	0	28	217	233	0	252	214	244	251	248	241	252	0	254	247	254	255	3	252	253	255	255	253	254	255	254	253	255	255	0	254	255	255	1	255	255	0	0	255	0	255	255	255	255	254	0	0	255	255
1	0	255	255	0	0	255	255	0	0	255	0	0	1	0	0	26	219	236	255	253	218	246	251	250	244	253	0	255	248	254	254	3	252	253	255	255	253	254	255	254	253	255	255	0	253	255	255	1	255	255	0	0	254	0	255	255	255	255	254	0	0	255	255
1	0	255	255	0	0	255	255	0	0	255	0	0	1	0	0	22	221	239	255	254	223	247	251	252	246	252	255	255	249	254	254	2	253	253	255	255	253	254	255	254	253	255	255	0	253	255	255	1	255	255	0	0	254	0	255	255	255	255	254	0	0	255	255
1	0	255	255	0	0	255	255	0	0	255	0	0	0	0	0	17	223	240	254	254	228	248	251	253	248	252	255	255	250	254	254	2	253	254	255	255	253	254	255	255	254	255	255	0	253	255	0	1	255	255	0	0	254	0	255	255	255	254	254	0	0	255	255
1	0	255	255	0	0	0	255	0	0	255	0	0	0	0	0	12	226	241	253	255	232	249	251	254	249	252	255	0	251	254	254	2	253	254	255	255	253	254	255	255	254	255	254	0	253	255	0	1	255	255	255	0	254	0	255	255	255	254	254	0	0	0	0
1	0	255	255	0	0	0	255	0	0	255	0	0	0	0	0	8	230	242	253	255	233	249	251	255	250	252	254	0	251	254	254	1	253	254	255	255	254	255	0	255	254	255	254	0	254	255	0	0	255	255	255	0	254	0	255	255	255	254	254	0	0	0	0
1	0	255	255	0	0	0	255	0	0	255	255	0	0	0	0	5	235	243	253	0	234	249	251	0	251	252	254	0	251	254	254	0	254	254	255	255	254	255	0	255	254	255	254	0	254	255	0	0	255	255	0	0	255	0	255	255	255	254	254	0	0	0	0
1	0	255	255	0	0	0	255	0	0	255	255	0	0	0	0	3	240	243	253	0	234	248	251	0	252	252	254	0	252	254	254	0	255	254	255	255	254	255	0	255	254	254	254	0	254	255	0	0	255	255	0	0	255	0	255	0	255	255	254	0	0	0	0
0	0	255	255	0	0	0	255	0	0	255	255	0	1	0	0	2	244	243	253	0	233	247	251	0	253	252	254	0	252	254	254	0	255	254	255	255	254	255	0	255	254	255	254	0	254	255	0	0	255	255	0	0	255	0	0	0	0	0	255	0	0	0	0
0	0	255	255	0	0	0	255	0	0	255	255	0	1	0	0	1	247	241	252	0	233	246	250	0	254	253	254	0	252	254	254	0	255	254	255	255	254	255	0	0	255	255	254	0	254	255	0	0	0	255	0	0	255	0	255	255	0	255	255	0	0	0	0
0	0	255	255	0	0	0	255	0	0	255	0	0	1	0	0	0	250	238	251	0	235	245	250	0	255	253	254	0	252	253	254	0	255	254	254	255	254	254	255	0	255	255	254	0	254	255	0	0	0	255	0	0	255	0	255	255	0	255	255	0	0	0	0
0	0	255	255	0	0	0	255	0	0	255	0	0	1	0	0	0	252	234	251	0	236	243	249	0	255	253	254	0	252	253	254	0	0	254	255	255	254	254	255	0	255	255	254	0	254	255	0	0	0	255	0	0	255	0	255	0	0	255	255	0	0	255	0
0	0	255	255	255	0	255	255	0	0	255	0	0	1	0	0	0	253	230	251	0	238	241	247	0	255	252	254	0	252	252	253	0	0	254	255	255	254	254	255	0	255	255	255	0	254	255	0	0	0	255	0	0	255	255	255	0	0	255	255	0	0	255	0
0	0	255	255	0	0	255	255	0	0	255	0	0	1	0	0	0	254	226	251	0	240	238	245	0	255	251	254	0	253	251	253	0	0	254	255	0	255	254	254	0	0	255	254	0	255	255	255	0	0	255	0	0	255	255	255	0	0	255	255	0	0	255	0
0	0	255	255	0	0	255	255	0	0	255	0	0	0	0	0	0	255	223	250	0	244	234	242	0	255	251	254	0	254	251	253	0	0	254	255	0	255	253	254	0	0	255	255	0	255	255	255	0	0	255	0	0	255	255	255	0	0	255	255	0	0	255	0
0	0	255	255	0	0	255	254	0	0	255	0	0	0	0	0	0	0	224	248	0	248	228	237	0	255	249	252	0	255	247	250	0	0	254	255	0	0	253	254	0	0	255	255	0	255	254	255	0	0	255	0	0	255	255	254	0	0	255	255	0	0	255	255
0	0	255	255	0	0	255	254	0	0	0	0	0	0	0	0	0	0	229	243	0	251	225	232	0	255	249	252	0	255	244	248	0	0	254	254	0	0	252	253	0	0	255	255	0	255	254	255	0	0	255	0	0	0	255	254	0	0	0	255	0	0	255	255
0	0	0	255	0	0	255	254	0	0	0	0	0	0	0	0	0	0	237	236	0	253	223	225	0	255	249	251	0	255	239	244	0	0	254	253	0	0	252	253	0	0	0	254	0	255	254	255	0	0	0	0	0	0	0	255	0	0	0	255	0	0	255	255
0	0	0	255	0	0	255	254	0	0	0	0	0	0	0	0	255	0	245	227	0	254	227	220	0	0	250	249	0	255	235	238	0	0	254	253	0	0	252	252	0	0	0	254	0	255	254	255	0	0	0	255	0	0	0	255	0	0	0	254	0	0	255	255
0	0	0	255	0	0	0	254	0	0	0	0	0	0	0	0	255	0	250	218	0	255	234	217	0	0	251	246	0	0	233	231	0	0	254	252	0	0	251	250	0	0	0	254	0	255	255	255	0	0	0	255	0	0	0	255	0	0	0	254	0	0	0	255
0	0	0	255	0	0	0	255	0	0	0	0	0	0	0	0	0	0	252	211	0	0	241	220	0	0	252	241	0	0	233	231	0	0	254	251	0	0	251	248	0	0	0	254	0	255	255	255	0	0	0	255	0	0	0	255	0	0	0	254	0	0	0	255
0	0	255	255	0	0	0	255	0	0	0	0	0	0	0	0	0	0	254	209	0	0	246	228	0	0	253	235	0	0	234	227	0	0	255	249	0	0	250	244	0	0	0	253	0	255	255	254	0	0	0	255	0	0	0	255	0	0	0	254	0	0	0	255
0	0	255	255	0	0	0	255	0	0	0	0	0	0	0	0	0	0	255	214	0	0	249	236	0	0	254	235	0	0	239	225	0	0	255	245	0	0	250	239	0	0	0	252	0	255	255	253	0	0	0	255	0	0	0	255	0	0	0	254	0	0	0	255
0	0	0	255	0	0	0	255	0	0	0	0	0	0	0	0	0	0	255	223	0	0	252	243	0	0	254	230	0	0	244	225	0	0	255	240	0	0	251	235	0	0	0	251	0	255	255	252	0	0	0	255	0	0	0	255	0	0	0	254	0	0	0	255
0	0	0	255	0	0	0	255	0	0	0	0	0	0	0	0	0	0	0	232	0	0	253	247	0	0	255	224	0	0	248	229	0	0	255	235	0	0	251	234	0	0	0	248	0	255	254	250	0	0	0	254	0	0	0	255	0	0	0	254	0	0	0	0
0	0	0	0	0	0	0	255	0	0	0	0	0	0	0	0	0	0	0	239	0	0	253	247	0	0	0	218	0	0	250	235	0	0	255	232	0	0	252	235	0	0	0	243	0	255	254	248	0	0	0	254	0	0	0	254	0	0	0	254	0	0	0	0
0	0	0	0	0	0	0	255	0	0	0	0	0	0	0	0	0	0	0	244	0	0	254	250	0	0	0	218	0	0	252	241	0	0	255	229	0	0	253	239	0	0	0	236	0	255	254	247	0	0	0	253	0	0	0	254	0	0	0	254	0	0	0	0
0	0	0	0	0	0	0	255	0	0	0	0	0	0	0	0	0	0	0	244	0	0	254	252	0	0	0	223	0	0	253	245	0	0	255	226	0	0	254	243	0	0	0	236	0	255	254	247	0	0	0	252	0	0	0	254	0	0	0	254	0	0	0	0
0	0	0	0	0	0	0	255	0	0	0	0	0	0	0	0	0	0	0	247	0	0	254	253	0	0	0	231	0	0	254	249	0	0	255	227	0	0	254	243	0	0	255	228	0	255	253	245	0	0	0	249	0	0	0	253	0	0	0	253	0	0	0	0
0	0	0	255	0	0	0	255	0	0	0	0	0	0	0	0	0	0	0	250	0	0	255	254	0	0	0	238	0	0	255	251	0	0	255	227	0	0	254	246	0	0	255	225	0	255	253	246	0	0	0	244	0	0	0	252	0	0	0	253	0	0	0	0
0	0	0	255	0	0	0	255	0	0	0	0	0	0	0	0	0	0	0	251	0	0	255	255	0	0	0	243	0	0	255	253	0	0	255	231	0	0	254	249	0	0	255	223	0	255	254	248	0	0	0	240	0	0	0	252	0	0	255	252	0	0	0	255
0	0	0	255	0	0	0	255	0	0	0	0	0	0	0	0	0	0	0	252	0	0	255	255	0	0	0	247	0	0	255	254	0	0	255	236	0	0	255	252	0	0	255	224	0	255	254	249	0	0	0	237	0	0	0	251	0	0	255	251	0	0	0	255
0	0	0	255	255	0	0	255	0	0	0	0	0	0	0	0	0	0	0	253	0	0	255	255	0	0	0	249	0	0	255	254	0	0	255	241	0	0	255	253	0	0	255	226	0	255	255	251	0	0	0	237	0	0	0	251	0	0	255	250	0	0	0	255
0	0	0	254	0	0	0	255	0	0	0	0	0	0	0	0	0	0	0	253	0	0	255	255	0	0	0	250	0	0	0	255	0	0	255	245	0	0	255	254	0	0	255	230	0	255	255	252	0	0	0	236	0	0	255	250	255	0	255	249	0	0	0	255
0	0	0	254	0	0	0	255	0	0	0	0	0	0	0	0	0	0	0	253	0	0	255	255	0	0	0	251	0	0	0	255	0	0	255	248	0	0	255	254	0	0	255	235	0	255	0	253	0	0	0	236	0	0	0	251	255	0	255	247	0	0	0	254
0	0	0	253	0	0	0	255	0	0	0	0	0	0	0	0	0	0	0	253	0	0	255	255	0	0	0	252	0	0	0	255	0	0	255	250	0	0	255	255	0	0	0	240	0	0	0	254	0	0	0	238	0	0	0	252	0	0	255	245	0	0	0	254
0	0	0	252	0	0	0	255	0	0	0	0	0	0	0	0	0	0	0	253	0	0	255	255	0	0	0	253	0	0	0	255	0	0	255	251	0	0	0	255	0	0	0	244	0	0	0	255	0	0	0	240	0	0	0	252	0	0	255	244	0	0	0	254
0	0	0	251	0	0	0	255	0	0	0	255	0	0	0	0	0	0	0	252	0	0	255	255	0	0	0	253	0	0	0	255	0	0	255	252	0	0	255	255	0	0	0	246	0	0	0	255	0	0	0	242	0	0	0	253	0	0	255	243	0	0	0	254
0	0	0	249	0	0	0	254	0	0	0	255	0	0	0	0	0	0	0	252	0	0	255	254	0	0	0	252	0	0	0	255	0	0	255	252	0	0	255	255	0	0	0	248	0	0	0	255	0	0	0	244	0	0	0	254	0	0	255	244	0	0	0	254
0	0	0	247	0	0	0	254	0	0	0	255	0	0	0	0	0	0	0	251	0	0	255	254	0	0	0	252	0	0	0	254	0	0	255	252	0	0	255	255	0	0	0	249	0	0	0	255	0	0	0	245	0	0	0	254	0	0	255	244	0	0	0	254
0	0	0	247	0	0	0	254	0	0	0	254	0	0	0	0	0	0	0	250	0	0	255	253	0	0	0	250	0	0	0	254	0	0	255	252	0	0	255	255	0	0	0	249	0	0	0	255	0	0	0	246	0	0	0	254	0	0	255	244	0	0	0	254
0	0	0	244	0	0	0	254	0	0	0	253	0	0	0	0	0	0	0	249	0	0	255	253	0	0	0	248	0	0	0	254	0	0	255	251	0	0	255	255	0	0	0	249	0	0	0	255	0	0	0	247	0	0	0	254	0	0	255	243	0	0	0	254
0	0	255	241	0	0	0	254	0	0	0	251	0	0	0	0	0	0	0	247	0	0	255	253	0	0	0	247	0	0	0	254	0	0	255	250	0	0	255	255	0	0	0	249	0	0	0	255	0	0	0	247	0	0	0	254	0	0	255	243	0	0	0	254
0	0	255	240	0	0	0	254	0	0	0	249	0	0	0	0	0	0	0	246	0	0	254	252	0	0	0	245	0	0	0	253	0	0	255	248	0	0	255	255	0	0	0	248	0	0	0	255	0	0	0	247	0	0	0	254	0	0	255	242	0	0	0	254
0	0	255	238	0	0	0	254	0	0	0	245	0	0	0	255	0	0	0	245	0	0	254	251	0	0	0	243	0	0	0	253	0	0	255	247	0	0	255	254	0	0	0	246	0	0	0	255	0	0	0	247	0	0	0	254	0	0	255	241	0	0	0	254
0	0	255	235	0	0	0	253	0	0	0	240	0	0	0	254	0	0	0	243	0	0	254	251	0	0	0	241	0	0	0	252	0	0	255	244	0	0	255	254	0	0	0	244	0	0	0	254	0	0	0	246	0	0	0	254	0	0	255	241	0	0	0	254
0	0	255	232	0	0	0	252	0	0	0	235	0	0	0	253	0	0	0	242	0	0	254	250	0	0	0	239	0	0	255	251	0	0	255	241	0	0	255	253	0	0	0	241	0	0	255	254	0	0	0	244	0	0	0	253	0	0	255	240	0	0	0	253
0	0	255	230	0	0	255	251	0	0	0	232	0	0	255	250	0	0	0	241	0	0	254	250	0	0	0	237	0	0	255	251	0	0	255	238	0	0	255	252	0	0	0	237	0	0	255	253	0	0	0	241	0	0	0	252	0	0	255	239	0	0	255	251
0	0	255	231	0	0	254	248	0	0	0	232	0	0	255	246	0	0	0	240	0	0	254	249	0	0	0	234	0	0	255	250	0	0	255	234	0	0	255	251	0	0	0	233	0	255	254	251	0	0	0	238	0	0	255	251	0	0	255	239	0	0	255	249
0	0	255	233	0	0	253	244	0	0	0	232	0	0	254	243	0	0	0	240	0	0	253	248	0	0	0	232	0	0	255	248	0	0	255	231	0	0	254	248	0	0	0	228	0	255	254	249	0	0	0	237	0	0	255	248	0	0	255	240	0	0	254	247
0	0	255	236	0	0	251	240	0	0	255	235	0	0	251	240	0	0	0	240	0	0	253	246	0	0	0	230	0	0	255	245	0	0	255	230	0	0	254	245	0	0	0	227	0	255	254	246	0	0	0	237	0	0	255	245	0	0	255	242	0	0	252	243
0	0	254	240	0	0	248	237	0	0	254	240	0	0	246	238	0	0	0	240	0	0	253	245	0	0	0	230	0	0	255	241	0	0	255	230	0	0	254	240	0	0	0	227	0	255	253	240	0	0	0	240	0	0	254	240	0	0	255	245	0	0	250	240
0	0	253	245	0	0	242	236	0	0	253	246	0	0	240	238	0	0	0	241	0	0	253	243	0	0	0	232	0	0	254	235	0	0	255	232	0	0	253	233	0	0	0	231	0	255	252	234	0	0	0	243	1	0	252	234	0	0	254	248	0	0	247	238
0	0	252	249	0	0	234	238	0	255	250	250	0	255	235	240	0	0	0	242	0	0	252	241	0	0	0	235	0	0	253	228	0	0	0	236	0	0	251	226	0	0	0	236	0	255	250	227	0	0	255	247	1	0	248	230	255	255	253	250	0	0	242	237
0	0	249	252	0	0	227	241	0	255	246	254	0	254	233	244	0	0	0	243	0	0	251	238	0	0	0	239	0	0	251	222	0	0	0	240	0	0	248	220	0	0	0	240	0	255	245	224	0	0	254	249	1	0	243	230	255	0	251	252	0	0	238	240
0	0	244	254	0	255	225	244	0	255	241	0	0	253	234	249	0	0	0	245	0	0	250	237	0	0	0	242	0	0	247	219	0	0	255	244	0	0	244	218	0	0	0	245	0	0	239	225	0	0	252	251	1	0	238	233	255	0	248	253	0	255	235	244
0	0	237	0	0	254	228	248	0	255	238	0	0	250	237	253	0	0	0	246	0	0	248	236	0	0	0	244	0	0	243	220	0	0	254	247	0	0	239	220	0	0	254	248	0	0	231	227	0	0	250	253	1	255	233	237	255	255	245	254	0	254	234	247
0	255	231	0	0	251	233	251	0	254	237	1	0	245	241	255	0	0	0	247	0	0	246	236	0	0	255	246	0	0	238	223	0	0	254	249	0	0	233	224	0	0	252	250	0	0	224	232	0	0	247	255	1	254	229	242	255	255	242	255	0	253	235	250
1	254	227	0	0	247	239	253	0	252	238	1	0	240	246	0	0	1	0	248	0	0	244	237	0	0	255	248	0	1	232	227	0	0	252	251	0	0	226	228	0	0	249	252	0	0	218	237	0	0	243	0	1	253	228	246	255	254	237	255	0	250	238	252
1	253	227	1	255	240	245	254	255	249	239	1	0	235	251	1	0	1	0	249	0	0	242	238	0	0	253	249	0	1	226	231	0	0	249	252	0	0	221	233	0	0	244	253	0	255	216	242	0	255	237	0	0	252	230	248	255	253	233	0	0	247	242	254
2	250	229	1	255	232	250	255	254	244	241	1	0	231	255	1	0	1	255	250	0	1	240	239	0	0	251	250	0	1	221	234	0	0	246	254	0	0	217	238	0	0	238	254	0	254	217	246	0	254	230	0	0	251	235	251	254	251	231	0	0	244	246	255
3	246	234	1	255	225	254	0	252	237	245	1	255	229	0	1	0	1	254	251	0	1	237	240	0	0	249	251	0	1	218	238	0	0	241	255	0	0	216	242	0	0	231	255	0	253	220	249	0	254	224	0	0	250	239	252	253	248	231	0	0	240	250	0
4	239	240	1	255	221	0	0	248	230	249	2	255	230	2	2	0	1	252	251	0	1	235	241	0	0	246	252	0	0	215	241	0	0	235	255	0	255	217	245	0	0	224	0	0	252	225	251	0	253	221	0	0	248	243	253	253	245	234	0	0	237	253	0
7	229	245	1	254	222	2	0	240	225	252	2	254	234	4	2	255	2	250	251	0	1	233	242	0	0	242	253	0	0	215	241	0	0	229	0	0	254	219	247	0	255	218	0	0	250	230	252	1	252	221	0	0	246	247	254	252	242	238	0	0	234	255	0
12	221	250	1	254	226	3	0	230	222	254	2	252	239	5	2	255	2	249	252	0	0	232	243	0	1	239	254	0	0	213	243	0	0	223	0	0	253	221	248	0	255	214	0	0	247	235	253	1	251	224	1	0	243	250	255	250	238	243	0	255	233	0	0
19	217	254	1	252	232	4	0	223	222	0	2	248	245	5	2	255	2	248	252	0	0	231	244	0	1	239	254	0	0	212	244	255	0	218	0	0	251	223	250	0	255	212	0	0	243	238	254	2	249	228	1	0	240	252	0	247	234	247	0	254	233	0	0
27	218	0	2	249	239	5	0	220	226	0	2	243	250	5	3	254	2	247	252	0	0	230	244	0	1	235	254	0	255	212	245	255	0	214	0	0	249	224	250	0	254	212	0	0	240	241	255	3	247	233	1	0	238	254	0	243	230	251	0	253	236	1	0
31	223	1	2	243	245	5	0	221	233	1	2	238	253	5	3	254	1	246	252	1	0	229	244	1	1	231	254	1	254	209	246	254	0	211	0	0	248	225	251	0	253	212	0	1	237	244	0	4	245	238	1	0	237	255	0	237	228	254	0	250	240	2	1
31	230	2	2	236	250	5	0	225	239	1	2	234	255	4	2	254	1	246	252	1	0	228	244	1	0	230	254	1	254	207	245	254	0	209	0	0	246	226	251	0	252	213	1	1	234	246	0	6	242	241	1	255	237	0	0	229	228	0	0	245	244	3	1
30	237	3	2	229	253	5	0	232	244	1	1	235	0	4	2	254	1	247	252	1	0	227	243	1	0	230	254	1	254	207	245	254	255	207	0	0	245	226	251	0	251	215	1	1	231	247	0	9	239	245	2	254	238	1	1	223	230	0	0	239	248	5	2
29	242	3	2	225	0	5	0	238	247	0	1	238	0	3	1	254	1	248	252	1	0	227	242	1	0	231	254	2	254	205	244	254	255	206	0	0	244	225	251	0	250	217	1	1	228	248	0	14	236	248	2	252	240	2	2	222	234	2	0	231	251	5	2
25	246	3	2	223	0	5	0	243	249	0	1	241	0	2	1	254	1	249	252	1	0	228	241	1	0	231	254	2	254	203	242	255	254	205	0	0	242	224	250	254	248	220	1	0	226	249	0	20	235	251	2	248	243	3	2	225	239	2	0	225	253	5	2
20	249	2	1	226	1	4	0	247	251	0	1	244	0	1	1	255	1	250	252	1	0	228	241	1	0	233	254	3	254	203	240	0	253	204	0	0	241	224	250	252	246	224	2	0	225	250	0	26	235	254	3	241	246	4	2	229	243	2	0	223	255	5	2
15	251	1	1	233	1	3	0	249	253	0	1	246	0	1	1	255	1	250	251	2	0	230	240	1	0	234	253	3	254	203	238	0	252	205	0	0	239	225	250	249	243	228	2	0	225	250	0	29	237	0	3	234	248	5	3	234	247	2	0	224	0	4	2
11	252	0	0	239	0	2	0	252	254	0	1	248	1	1	1	255	1	250	251	1	0	230	238	0	0	234	252	3	254	202	234	0	251	205	0	0	236	225	250	249	243	228	2	255	226	252	1	28	240	0	3	229	250	5	3	238	249	1	0	228	0	3	2
8	253	0	0	244	0	1	0	253	255	0	0	250	2	1	1	255	1	251	250	1	0	231	236	0	0	233	252	3	253	201	230	2	249	205	1	0	236	225	250	244	241	233	3	252	227	254	2	24	244	0	3	227	252	4	3	242	251	0	0	228	0	3	2
6	254	0	0	247	0	0	255	253	255	0	0	251	1	0	0	255	1	251	250	2	0	231	233	0	0	231	252	3	252	200	226	2	249	205	1	255	233	227	251	238	240	239	4	245	231	0	3	19	247	0	3	228	253	4	3	242	251	0	0	235	0	2	1
4	255	0	0	249	0	0	255	254	255	0	0	252	1	0	0	255	1	251	249	2	0	231	229	0	0	229	251	3	251	199	222	4	246	206	1	254	229	229	252	232	240	244	4	238	236	1	4	19	247	0	3	228	253	4	3	246	252	0	0	241	0	1	0
2	0	0	0	251	0	0	255	255	0	0	0	252	1	0	0	255	1	251	248	2	0	231	225	0	255	225	251	3	249	198	219	9	242	209	2	252	225	233	254	231	242	249	4	233	242	2	5	14	249	0	2	232	253	3	2	249	253	0	0	246	0	0	0
2	0	0	0	253	0	0	255	255	0	0	0	253	1	0	0	255	1	250	246	2	0	231	221	0	254	221	251	2	246	197	217	17	238	215	3	247	224	238	0	234	244	252	4	230	246	2	5	10	251	0	1	239	254	2	1	251	254	0	0	249	0	0	0
1	0	0	0	253	0	0	255	255	0	0	0	254	1	0	0	255	1	249	244	2	255	230	217	254	251	216	251	1	241	199	218	24	236	223	4	240	227	244	2	239	247	253	3	233	249	2	4	7	252	255	1	245	254	1	0	252	254	255	0	251	0	0	0
1	0	0	0	254	0	0	254	255	0	0	0	254	1	0	0	255	0	247	242	2	254	227	212	251	246	213	252	254	235	203	223	26	237	231	4	236	233	248	3	243	249	253	2	238	251	1	3	5	253	255	1	249	254	0	0	253	255	255	0	253	0	0	0
1	0	0	0	254	0	0	254	0	0	0	0	254	1	0	0	0	0	245	240	2	253	224	210	245	240	211	254	246	228	208	229	23	240	238	3	237	239	250	2	247	251	254	1	243	252	0	1	4	253	255	0	252	254	0	0	254	255	255	0	254	0	0	0
1	0	0	0	254	0	0	254	255	255	255	0	254	1	0	0	0	254	241	238	1	251	218	206	239	234	213	0	240	223	215	236	18	243	243	2	240	244	251	1	249	252	254	0	248	253	0	0	3	254	255	0	253	254	0	255	254	255	255	255	254	0	255	255
1	0	0	0	255	0	0	254	0	0	255	0	255	1	0	0	4	250	235	237	255	247	213	204	237	230	216	0	238	222	221	241	14	246	246	0	244	247	252	0	250	252	254	255	251	254	255	0	3	254	255	0	254	254	0	254	254	255	255	255	255	0	255	254
1	0	0	0	255	0	0	254	0	0	255	0	255	1	0	0	11	243	228	237	251	240	210	205	238	231	222	0	239	226	226	243	11	248	248	0	247	250	252	255	252	253	254	255	253	254	255	255	2	254	255	0	255	254	0	254	254	0	255	255	0	0	255	254
1	0	0	0	255	0	0	254	0	0	255	0	0	1	0	0	19	234	221	238	247	232	209	208	240	235	229	0	240	233	232	245	8	250	250	255	250	251	252	254	253	253	254	255	254	254	255	255	1	255	255	0	255	254	255	254	254	0	255	255	0	0	255	254
1	0	0	255	255	0	0	254	0	0	255	0	0	1	0	0	25	227	214	240	243	224	208	212	242	240	236	255	242	239	237	247	6	252	252	255	251	252	252	254	253	253	254	254	254	254	254	255	1	255	255	0	0	255	255	254	254	0	255	255	0	0	255	254
1	0	0	255	255	0	255	254	0	0	255	0	0	1	0	0	27	225	211	242	240	221	208	217	244	244	242	254	245	244	242	248	5	252	253	255	252	253	253	254	254	253	255	255	255	254	254	255	1	255	255	0	0	255	255	254	254	0	255	255	0	0	255	254
2	0	255	255	255	0	255	253	0	0	255	0	0	1	0	0	27	226	212	245	239	223	211	223	247	246	246	253	248	247	246	249	4	252	253	254	253	254	253	254	254	253	255	255	255	254	254	255	2	254	255	0	0	255	255	254	254	255	255	254	0	0	255	254
1	0	255	255	255	0	255	253	0	0	255	0	0	1	0	0	26	230	219	246	240	228	216	227	249	248	249	253	250	249	248	250	4	252	253	254	253	254	253	253	254	253	255	254	255	254	254	255	2	254	255	255	0	255	255	254	254	254	255	254	0	0	254	254
1	255	255	255	255	0	255	253	0	255	255	0	0	1	0	0	24	236	229	247	243	234	223	231	251	249	250	252	252	251	249	250	3	252	253	254	254	254	253	253	254	253	255	254	255	254	254	254	2	254	255	255	0	255	255	254	254	254	255	254	0	0	254	254
1	254	254	254	255	0	255	253	0	255	255	0	0	0	0	0	20	241	237	246	247	240	231	235	252	250	251	252	254	252	250	251	2	253	253	254	254	254	253	253	254	254	255	254	0	254	254	255	2	254	254	255	0	255	255	254	254	254	255	254	0	0	254	254
1	255	254	254	255	0	255	254	0	255	255	0	0	0	0	0	14	245	243	245	251	245	238	239	253	252	253	252	255	253	252	252	2	253	253	253	255	255	254	254	254	254	255	253	0	254	254	255	2	255	254	255	0	255	255	254	254	254	255	254	0	0	255	254
1	0	255	254	255	0	255	254	0	255	255	0	0	0	0	0	8	249	247	245	253	249	244	243	254	253	254	252	0	254	253	252	1	254	254	253	255	255	254	255	255	255	255	253	0	254	254	255	1	255	254	255	0	255	0	255	255	255	255	254	0	0	255	255
1	255	255	254	255	0	255	254	0	255	255	0	0	0	0	0	4	252	251	247	254	251	248	246	255	254	255	252	0	255	254	253	1	255	254	253	255	255	254	255	0	0	0	254	0	255	255	0	1	255	254	255	0	255	0	255	255	255	255	254	0	0	255	255
1	0	255	255	255	0	0	255	0	0	0	0	0	0	0	0	2	254	253	248	255	253	251	248	0	255	255	253	0	255	254	253	1	255	254	253	255	0	255	0	0	0	0	254	0	255	255	0	0	0	255	0	0	0	0	255	255	0	255	254	0	0	0	0
1	0	255	255	0	0	0	255	0	0	0	0	0	0	0	0	1	255	254	250	255	254	253	250	0	255	0	254	0	0	255	254	1	255	255	254	255	0	255	0	0	0	0	255	0	255	0	0	0	0	0	0	0	0	0	255	255	0	255	255	0	0	0	0
0	0	0	0	0	0	0	255	0	0	0	0	0	0	0	0	0	0	255	252	255	255	254	253	0	0	0	255	0	0	255	255	1	255	255	255	255	0	255	0	0	0	0	0	0	255	0	0	0	0	0	0	0	0	0	0	0	0	0	0	0	0	0	0
0	0	0	0	0	0	0	255	0	0	0	0	0	0	0	0	0	0	0	254	0	255	255	254	0	0	0	255	0	0	255	255	0	0	255	0	255	0	255	0	0	0	0	0	0	255	0	0	0	0	0	0	0	0	0	0	0	0	0	0	0	0	0	0
0	0	0	0	0	0	0	255	0	0	0	0	0	0	0	0	0	0	0	255	0	255	255	255	0	0	0	255	0	0	0	255	0	0	255	0	255	0	0	0	0	0	0	0	0	255	0	0	0	0	0	0	0	0	0	0	0	0	0	0	0	0	0	0
0	0	0	0	0	0	0	0	0	0	0	0	0	0	0	0	0	0	0	255	0	255	0	255	0	0	0	255	0	0	0	255	0	0	255	0	255	0	0	0	0	0	0	255	0	255	0	0	0	0	0	0	0	0	0	0	0	0	0	0	0	0	0	0
0	0	0	0	0	0	0	0	0	0	0	0	0	0	0	0	0	0	0	0	0	0	0	0	0	0	0	255	0	0	0	255	0	0	255	0	0	0	0	0	0	0	0	255	0	0	0	0	0	0	0	0	0	0	0	0	0	0	0	0	0	0	0	0
0	0	0	0	0	0	0	0	0	0	0	0	0	0	0	0	0	0	0	0	0	0	0	0	0	0	0	255	0	0	0	255	0	0	255	0	0	0	0	0	0	0	0	0	0	0	0	0	0	0	0	0	0	0	0	0	255	0	255	255	0	0	0	0
0	0	0	0	0	0	0	0	0	0	0	0	0	0	0	0	0	0	0	0	0	0	0	0	0	0	0	255	0	0	0	255	0	0	255	0	0	0	0	0	0	0	0	0	0	0	0	0	0	0	0	0	0	0	0	0	255	0	0	255	0	0	0	0
0	0	0	0	0	0	0	0	0	0	0	0	0	0	0	0	0	0	0	0	0	0	0	0	0	0	0	255	0	0	0	255	0	0	255	0	0	0	0	0	0	0	0	0	0	0	0	0	0	0	0	0	0	0	0	0	255	0	0	255	0	0	0	0
0	0	0	0	0	0	0	0	0	0	0	0	0	0	0	0	0	0	0	0	0	0	0	0	0	0	0	0	0	0	0	0	0	0	0	0	0	0	0	0	0	0	0	0	0	0	0	0	0	0	0	0	0	0	0	0	255	255	255	255	0	0	0	0
0	0	0	0	0	0	0	0	0	0	0	0	0	0	0	0	0	0	0	0	0	0	0	0	0	0	0	0	0	0	0	0	0	0	0	0	0	0	0	0	0	0	0	255	0	0	0	0	0	0	0	0	0	0	0	0	255	0	255	255	0	0	0	0
0	0	0	0	255	0	0	0	0	0	0	0	0	0	0	0	0	0	0	0	0	0	0	0	0	0	0	0	0	0	0	0	0	0	0	0	0	0	0	0	0	0	0	0	0	0	0	0	0	0	0	0	0	0	0	0	255	0	255	255	0	0	0	0
0	0	0	0	255	0	0	0	0	0	0	0	0	0	0	0	0	0	0	0	0	0	0	0	0	0	0	0	0	0	0	0	0	0	0	0	0	0	0	0	0	0	0	0	0	0	0	0	0	0	0	0	0	0	0	0	255	0	255	0	0	0	0	0
0	0	0	0	255	0	0	0	0	0	0	0	0	0	0	0	0	0	0	0	0	0	0	0	0	0	0	0	0	0	0	0	0	0	0	0	0	0	0	0	0	0	0	0	0	0	0	0	0	0	0	0	0	0	0	0	255	0	0	0	0	0	0	0
0	0	0	0	255	0	0	0	0	0	0	0	0	0	0	0	0	0	0	0	0	0	0	0	0	0	0	0	0	0	0	0	0	0	0	0	0	0	0	0	0	0	0	0	0	0	0	0	0	0	0	0	0	0	0	0	255	0	0	0	0	0	0	0
0	0	0	0	255	255	255	0	0	0	0	0	0	0	0	0	0	0	0	0	0	0	0	0	0	0	0	0	0	0	0	0	0	0	0	0	0	0	0	0	0	0	0	0	0	0	0	0	0	0	0	0	0	0	0	0	255	0	0	0	0	0	0	0
0	0	0	0	255	0	0	0	0	0	0	0	0	0	0	0	0	0	0	0	0	0	0	0	0	0	0	0	0	0	0	0	0	0	0	0	0	0	0	0	0	0	0	0	0	0	0	0	0	0	0	0	0	0	0	0	255	0	0	0	0	0	0	0
0	0	0	0	0	0	0	0	0	0	0	0	0	0	0	0	0	0	0	1	0	0	0	0	0	0	0	0	0	0	0	0	0	0	0	0	0	0	0	0	0	0	0	0	0	0	0	0	0	0	0	0	0	0	0	0	255	0	0	0	0	0	0	0
1	0	255	0	0	0	0	0	0	0	0	0	0	0	0	0	0	0	0	1	0	0	0	0	0	0	0	0	0	0	0	0	0	0	0	0	0	0	0	0	0	0	0	0	0	0	0	0	0	0	0	0	0	0	0	0	255	0	0	0	0	0	0	0
0	0	0	0	0	0	0	0	0	0	0	0	0	0	0	0	0	0	0	0	0	0	0	0	0	0	0	0	0	0	0	0	0	0	255	0	0	0	0	0	0	0	0	0	0	0	0	0	0	0	0	0	0	0	0	0	255	0	0	0	0	0	0	0
0	0	0	0	0	0	0	0	0	0	0	0	0	0	0	0	0	0	0	0	0	0	0	0	0	0	0	0	0	0	0	0	0	0	255	0	0	0	0	0	0	0	0	0	0	0	0	0	0	0	0	0	0	0	0	0	255	0	0	0	0	0	0	0
1	0	255	0	0	0	0	0	0	0	0	0	0	0	0	0	0	0	0	0	0	0	0	0	0	0	0	0	0	0	0	0	0	0	0	0	0	0	0	0	0	0	0	0	0	0	0	0	1	0	255	255	0	0	0	0	0	0	0	0	0	0	0	0
0	0	0	0	0	0	0	0	0	0	0	0	0	0	0	0	0	0	0	0	0	0	0	0	0	0	0	0	0	0	0	0	0	0	0	0	0	0	0	0	0	0	0	0	0	0	0	0	0	0	0	0	0	0	0	0	0	0	0	0	0	0	0	0
0	0	0	0	0	0	0	0	0	0	0	0	0	255	255	255	0	0	0	0	0	0	0	0	0	0	0	0	0	0	0	0	0	0	0	0	0	0	0	0	0	0	0	0	0	0	0	0	0	0	0	0	0	0	0	0	0	0	0	0	0	0	0	0
0	0	0	0	0	0	0	0	0	0	0	0	0	0	0	0	0	0	0	0	0	0	0	0	0	0	0	0	0	0	0	0	0	0	0	0	0	0	0	0	0	0	0	0	0	255	0	255	0	0	255	0	0	0	0	0	0	0	0	0	0	0	0	0
0	0	0	0	0	0	0	0	0	0	0	0	0	0	0	0	0	0	0	0	0	0	0	0	0	0	0	0	255	0	0	0	0	255	255	0	0	0	0	0	0	0	0	0	0	255	0	255	0	0	0	0	0	0	0	0	0	0	255	0	0	0	0	0
0	0	0	0	0	0	0	0	255	0	0	0	0	255	255	255	0	0	0	0	0	0	0	255	0	0	0	255	255	0	0	0	0	255	255	0	0	0	0	0	0	0	0	255	0	255	0	255	0	0	0	255	0	0	0	0	0	0	255	255	255	255	255	0
0	0	255	0	0	0	0	0	255	0	0	255	0	255	255	255	0	0	0	0	0	0	255	255	0	0	0	255	255	0	0	0	0	255	255	0	0	0	0	0	0	0	0	255	0	255	0	255	0	0	0	255	0	0	0	0	0	0	255	255	255	255	255	0
0	0	255	0	0	0	0	0	255	0	0	255	0	255	255	255	0	0	0	0	0	0	255	255	0	0	0	255	255	0	0	255	0	255	255	0	0	0	0	0	0	0	0	255	0	255	0	255	0	0	0	255	0	0	0	0	255	0	255	255	0	0	255	0
0	0	255	0	255	0	0	0	255	0	0	255	255	255	255	255	0	0	0	0	0	0	255	255	0	0	0	255	255	0	0	255	0	255	255	0	0	0	0	0	0	0	0	255	0	255	0	255	0	0	0	255	0	0	0	0	255	255	255	255	0	0	255	0
0	0	255	255	255	0	0	0	255	0	0	255	255	255	255	255	0	0	0	255	0	0	255	255	0	0	0	255	255	0	0	255	0	255	255	0	0	0	0	255	0	0	0	254	0	255	0	255	0	0	0	255	0	0	0	0	255	255	255	255	0	0	255	0
0	0	255	255	255	0	0	0	255	255	0	254	255	255	255	255	0	0	0	255	0	0	255	255	0	0	0	254	255	0	0	255	0	255	255	255	255	0	0	255	0	0	0	254	0	255	0	255	0	0	0	255	0	0	0	0	255	255	255	255	0	0	0	0
0	0	255	255	255	0	255	0	255	255	255	254	255	255	255	255	0	0	0	255	0	255	255	255	0	0	0	254	255	0	0	255	0	0	255	255	255	0	0	255	0	0	0	254	0	255	0	255	0	0	0	255	0	0	0	0	255	255	254	254	0	0	0	0
0	0	255	255	255	0	255	255	255	255	255	254	255	255	255	255	0	0	0	255	0	255	255	255	0	0	0	254	255	0	0	255	0	0	255	255	255	0	0	255	0	0	255	254	0	255	0	255	0	0	0	255	255	0	255	255	255	255	254	254	0	0	0	0
0	0	255	255	255	0	255	255	255	255	255	254	255	255	255	254	0	0	0	255	255	255	255	0	0	0	0	254	255	0	0	255	0	0	255	255	255	0	0	255	0	0	255	254	0	255	0	255	0	0	0	255	255	0	255	255	255	255	255	254	0	0	0	0
1	0	255	255	255	255	255	255	255	255	255	254	255	255	255	254	0	0	0	255	255	255	0	0	0	0	0	254	255	0	0	255	0	0	255	255	255	0	0	255	0	0	255	254	0	255	0	255	0	0	0	255	255	0	255	255	255	255	255	254	0	0	0	0
1	0	255	255	255	0	255	255	255	255	255	254	255	255	255	254	0	0	0	255	255	255	0	0	0	0	0	254	255	0	255	255	0	0	255	255	255	0	255	255	0	0	255	254	0	255	0	255	0	0	0	255	255	0	255	255	255	255	255	254	0	0	0	0
1	0	255	255	255	0	255	255	255	255	255	254	255	255	255	254	0	0	0	255	255	255	0	255	255	255	255	254	0	0	255	255	0	0	255	255	255	0	255	255	0	0	255	254	0	255	0	255	0	0	0	255	255	0	255	255	255	255	255	254	0	0	0	0
1	0	255	255	254	255	254	255	255	255	255	254	255	255	255	254	0	0	0	255	255	255	0	255	255	255	255	254	0	0	255	255	0	0	255	255	255	0	255	255	0	0	255	254	0	255	0	255	0	0	0	255	255	255	255	255	255	255	255	254	0	0	0	0
1	0	255	255	255	255	254	255	255	255	255	254	255	255	255	254	0	0	0	255	255	255	0	255	255	255	255	254	0	0	255	255	0	0	255	255	255	0	255	255	0	0	255	254	0	255	0	255	0	0	0	255	255	255	255	255	255	255	255	254	0	0	0	0
1	0	255	255	255	255	254	255	255	255	255	254	255	255	255	254	0	0	0	255	255	255	0	255	255	255	255	254	0	0	255	255	0	0	255	255	255	0	255	255	0	0	255	254	0	255	0	255	0	0	0	255	255	255	255	255	255	255	255	254	0	0	0	0
1	255	255	255	255	255	254	255	255	255	255	254	255	255	255	254	0	0	255	255	255	255	0	255	255	255	255	254	0	0	255	255	0	0	255	255	255	0	255	255	0	0	255	254	0	255	0	255	0	0	255	254	255	255	255	255	255	255	255	254	0	0	0	0
1	255	255	255	255	255	254	255	255	255	255	254	255	255	255	254	0	0	255	255	255	255	0	255	255	255	255	254	0	0	255	255	0	255	255	255	255	255	255	254	0	0	255	254	0	255	0	255	0	0	255	254	0	255	255	255	255	255	255	254	0	0	0	0
1	255	255	254	255	255	255	255	255	255	255	254	255	255	255	254	0	0	255	255	255	255	255	255	255	255	255	254	0	0	255	255	0	255	255	255	255	255	255	254	0	0	255	254	0	255	0	255	0	0	255	254	0	255	255	255	255	255	255	254	0	0	0	0
1	255	254	254	255	255	255	255	255	255	255	254	255	255	255	254	0	0	255	255	255	255	255	255	255	255	255	254	0	0	255	255	0	255	255	255	255	255	255	255	0	0	255	254	0	255	0	255	0	0	255	254	0	255	255	255	255	255	255	254	0	0	0	0
1	255	254	254	255	255	255	255	255	255	255	254	255	255	255	254	0	0	255	255	255	255	255	255	255	255	255	254	0	0	255	255	0	255	254	255	255	255	255	255	0	0	255	254	0	255	0	255	0	0	255	254	0	255	255	255	255	255	255	254	0	0	0	0
1	255	255	255	255	255	255	255	255	255	255	253	255	254	254	254	0	0	255	255	255	255	255	255	255	255	0	255	0	0	255	255	0	255	254	255	255	0	255	255	0	0	255	254	0	255	0	255	0	0	255	254	0	255	255	255	255	255	255	254	255	255	255	0
1	255	255	255	255	255	255	255	255	255	255	253	255	254	254	254	0	0	255	254	255	255	255	255	255	255	0	254	0	0	255	255	0	255	254	255	255	0	255	255	0	0	255	254	0	255	0	255	0	255	255	254	0	255	255	255	255	255	255	254	0	255	255	0
1	255	255	255	255	255	255	255	255	255	255	253	255	254	254	254	0	0	255	254	255	255	255	255	255	255	0	254	0	0	255	255	0	255	254	255	255	0	255	255	0	0	255	254	0	255	0	255	0	255	255	254	0	255	255	255	255	255	255	254	0	255	255	0
1	255	255	255	255	255	255	255	255	255	255	253	255	255	254	254	0	0	255	254	255	255	255	255	255	255	0	254	0	0	255	255	0	255	254	255	255	0	255	255	0	0	255	254	0	255	0	255	0	0	255	255	0	255	255	255	255	255	255	254	255	255	255	255
1	255	255	255	255	255	255	255	255	255	255	253	255	255	254	254	0	0	0	254	255	255	255	255	255	255	0	254	0	0	255	255	0	255	254	255	255	0	255	255	0	0	255	254	0	255	255	255	0	0	255	255	0	255	255	255	255	255	255	254	255	255	255	255
1	255	255	255	255	255	255	255	255	255	255	253	255	255	254	254	0	0	0	254	255	255	255	255	255	255	0	254	0	0	255	255	0	255	254	255	255	0	255	255	0	0	255	254	0	255	0	255	0	0	255	255	0	255	255	255	255	255	255	254	255	255	255	255
1	255	255	255	255	255	255	255	255	255	255	253	255	255	254	254	0	0	0	254	255	255	255	255	255	255	0	254	0	0	255	255	0	255	254	255	255	0	255	255	0	0	255	254	0	255	0	255	0	0	255	255	0	255	255	255	254	255	254	254	255	255	255	255
1	255	255	254	255	255	255	255	255	254	255	253	255	255	254	254	0	0	0	255	255	255	255	255	255	255	0	254	0	0	255	255	0	255	254	255	255	0	255	255	255	255	254	253	0	255	255	255	0	0	255	255	0	255	255	255	254	255	254	254	255	255	255	255
1	255	254	254	254	255	254	255	254	253	254	252	254	254	254	253	0	0	255	255	255	255	255	255	255	255	255	254	0	255	255	255	0	255	254	255	255	255	255	255	255	255	254	253	0	255	255	255	1	0	255	255	0	255	255	255	254	255	254	254	255	255	255	255
2	255	254	254	254	255	254	255	253	252	253	251	253	253	254	253	1	0	255	255	254	255	255	255	255	255	255	254	0	255	255	255	0	255	254	255	255	255	255	255	255	255	254	253	255	255	255	254	1	0	255	255	0	255	255	255	255	254	254	254	254	255	255	255
2	255	254	253	253	255	254	255	253	252	253	251	252	253	253	253	1	0	255	255	254	255	255	255	255	255	255	254	0	255	255	255	0	255	254	255	255	255	255	255	255	255	254	253	255	255	255	254	1	0	255	255	0	255	255	255	255	254	254	254	254	255	255	255
2	255	254	253	253	254	255	255	253	252	253	251	252	253	253	253	1	0	255	255	254	255	255	255	255	255	255	254	0	255	255	255	0	255	255	255	255	255	255	0	255	255	254	253	255	255	255	254	1	0	255	255	0	255	255	255	255	254	255	254	254	255	254	255
2	255	253	253	253	254	255	254	253	252	253	251	252	253	253	253	1	255	255	255	254	255	255	255	255	255	255	254	0	255	255	255	0	255	255	255	255	255	255	255	255	255	254	253	255	0	255	255	1	0	255	255	255	255	254	254	255	254	254	255	254	255	254	255
2	254	253	253	253	254	255	254	253	252	253	251	252	253	253	253	1	255	255	255	254	255	255	255	255	255	255	254	255	255	254	254	1	255	255	255	254	255	254	255	255	255	254	253	255	0	255	255	1	0	255	255	255	255	254	254	255	254	254	255	254	255	254	255
2	254	253	253	253	254	255	254	253	252	253	252	252	253	253	253	1	255	255	255	254	255	255	255	255	255	255	254	255	255	254	254	1	255	255	255	254	255	254	255	255	255	254	253	255	0	255	255	1	0	254	255	255	255	254	254	255	254	254	255	254	255	254	255
2	254	253	253	252	253	255	254	253	252	253	252	252	253	253	253	1	255	255	255	254	255	255	255	255	255	255	254	255	255	254	254	1	255	255	255	254	255	254	255	255	255	254	253	255	0	255	255	1	255	254	255	255	255	254	254	255	254	254	255	254	255	254	255
2	254	253	253	252	254	255	254	253	252	253	252	252	253	253	253	1	255	255	255	254	255	255	255	255	255	255	254	255	255	255	254	1	255	255	255	254	255	254	255	255	255	254	254	255	0	255	255	1	255	254	255	255	255	254	254	255	254	254	255	254	255	254	255
2	254	253	253	253	254	255	254	253	252	253	252	252	253	253	253	1	255	255	255	254	255	255	255	255	255	255	254	255	255	255	254	1	255	255	255	254	255	254	255	255	255	254	254	255	0	255	255	1	255	254	255	255	255	254	254	255	254	254	255	254	255	254	255
2	254	253	253	253	254	254	254	253	252	253	252	252	253	253	253	1	255	255	255	254	255	255	255	255	255	255	254	255	255	255	254	1	255	255	255	255	255	254	255	255	255	254	254	255	0	255	255	1	255	254	255	255	255	254	254	255	254	254	255	254	255	254	255
2	254	253	253	253	254	254	254	253	252	253	252	252	253	253	253	1	255	254	255	254	254	255	255	255	255	255	254	255	255	255	254	1	255	255	255	255	255	254	255	255	255	254	254	255	0	255	255	1	255	254	255	255	255	254	254	255	254	254	255	254	255	254	255
2	254	253	253	254	254	254	254	253	252	253	252	252	253	253	253	1	255	254	255	254	254	255	255	255	255	255	254	255	255	255	254	1	255	255	255	255	255	254	255	255	255	254	254	255	0	255	255	1	255	254	255	255	255	254	254	255	254	254	255	254	255	254	255
2	254	254	253	254	254	254	254	253	252	253	252	252	253	253	253	1	255	254	255	254	254	255	255	0	255	255	254	255	255	255	254	1	255	255	254	255	255	254	255	255	255	254	254	255	0	255	255	2	255	254	255	255	255	254	254	255	254	254	255	254	255	254	255
2	254	254	253	254	254	254	254	253	252	253	252	252	253	253	253	1	255	254	255	254	254	255	255	0	255	255	254	255	255	255	254	1	255	255	254	255	255	254	255	255	255	254	254	255	0	255	255	2	255	254	255	255	255	254	254	255	254	254	255	254	255	254	255
2	254	254	253	254	254	254	254	253	252	253	252	252	253	253	253	1	255	254	255	254	254	255	255	0	255	255	254	255	255	255	254	1	255	255	254	255	255	254	255	255	255	254	254	255	0	255	255	2	255	254	255	255	255	254	254	255	254	254	255	254	255	254	255
2	254	254	254	254	254	254	254	253	253	253	252	252	253	253	253	1	255	254	255	254	254	255	255	0	255	255	254	255	255	255	254	1	255	255	254	255	255	254	255	255	255	254	254	255	0	255	255	2	255	254	255	255	255	254	254	255	254	254	255	254	255	254	255
