0	246	1	0	0	0	255	0	0	0	9	0	0	0	255	0	0	249	2	0	0	0	255	255	0	255	9	255	0	0	0	255	0	125	255	255	255	1	0	0	0	0	214	0	0	0	0	0	1	166	255	0	255	1	0	1	0	0	107	0	0	0	0	0
0	246	1	0	0	0	255	0	0	0	9	0	0	0	255	0	0	249	2	0	0	0	255	255	0	255	9	255	0	0	0	255	0	126	255	255	255	1	0	0	0	0	214	0	0	0	0	0	1	165	255	0	255	1	0	1	0	0	107	0	0	0	0	0
0	246	1	0	0	0	255	0	0	0	9	0	0	0	255	0	0	249	2	1	0	0	255	255	0	255	9	255	0	0	0	255	0	125	255	255	255	1	0	0	0	0	214	0	0	0	0	0	1	165	255	0	255	1	0	1	0	0	108	0	0	0	0	0
0	246	1	0	0	0	255	0	0	0	9	0	0	0	255	0	0	249	2	0	0	0	255	255	0	255	9	255	0	0	0	255	0	125	255	255	255	1	0	0	0	0	214	0	0	0	0	0	1	165	255	0	255	1	0	1	0	0	108	0	0	0	0	0
0	246	1	0	0	0	255	0	0	0	9	0	0	0	255	0	0	249	2	0	0	0	255	255	0	0	10	0	0	0	0	255	0	125	255	255	255	1	0	0	0	0	214	0	0	0	0	0	1	164	255	0	255	1	0	1	0	0	108	0	0	0	0	0
0	246	1	0	0	0	255	0	0	0	9	0	0	0	255	0	0	249	2	0	0	0	255	255	0	0	10	0	0	0	0	255	0	125	255	255	255	1	0	0	0	0	214	0	0	0	0	0	1	165	255	0	255	1	0	1	0	0	108	0	0	0	0	0
0	246	1	0	0	0	255	0	0	0	9	0	0	0	255	0	0	249	2	0	0	0	255	255	0	0	10	0	0	0	0	255	0	125	255	255	255	1	0	0	0	0	214	0	0	0	0	0	1	165	255	0	255	1	0	1	0	0	107	0	0	0	0	0
0	246	1	0	0	0	255	0	0	0	9	0	0	0	255	0	0	249	2	0	0	0	255	255	0	0	10	0	0	0	0	255	0	126	255	255	255	1	0	0	0	0	214	0	0	0	0	0	1	165	255	0	255	1	0	1	0	0	107	0	0	0	0	0
0	246	1	0	0	0	255	0	0	0	9	0	0	0	255	0	255	249	2	0	0	0	255	255	0	0	10	0	0	0	0	255	0	126	255	255	255	1	0	0	0	0	214	0	0	0	0	0	1	165	255	0	255	1	0	1	0	0	107	0	0	0	0	0
0	246	1	0	0	0	255	0	0	0	9	0	0	0	255	0	255	249	2	0	0	0	255	255	0	0	10	0	0	0	0	255	0	126	255	255	255	1	0	0	0	0	214	0	0	0	0	0	1	165	255	0	255	1	0	1	0	0	106	0	0	0	0	0
0	246	1	0	0	0	255	0	0	0	9	0	0	0	255	0	0	249	2	0	0	0	255	255	0	0	10	0	0	0	0	255	0	125	255	255	255	1	0	0	0	0	214	0	0	0	0	0	1	166	255	0	255	1	0	1	0	0	107	0	0	0	0	0
0	246	1	0	0	0	255	0	0	0	9	0	0	0	255	0	0	249	2	0	0	0	255	255	0	0	10	0	0	0	0	255	0	125	255	255	255	1	0	0	0	0	214	0	0	0	0	0	1	166	255	0	255	1	0	1	0	0	107	0	0	0	0	0
0	246	1	0	0	0	255	0	0	0	9	0	0	0	255	0	0	249	2	0	0	0	255	255	0	0	10	0	0	0	0	255	0	125	255	255	255	1	0	0	0	0	214	0	0	0	0	0	1	166	255	0	255	1	0	1	0	0	107	0	0	0	0	0
0	246	1	0	0	0	255	0	0	0	9	0	0	0	255	0	0	249	2	0	0	0	255	255	0	0	10	0	0	0	0	255	0	125	255	255	255	1	0	0	0	0	214	0	0	0	0	0	1	165	255	0	255	1	0	1	0	0	107	0	0	0	0	0
0	246	1	0	0	0	255	0	0	0	9	0	0	0	255	0	0	249	2	0	0	0	255	255	0	0	10	0	0	0	0	255	0	125	255	255	255	1	0	0	0	0	214	0	0	0	0	0	1	165	255	0	255	1	0	1	0	0	108	0	0	0	0	0
0	246	1	0	0	0	255	0	0	0	9	0	0	0	255	0	0	249	2	0	0	0	255	255	0	0	10	0	0	0	0	255	0	125	255	255	255	1	0	0	0	0	214	0	0	0	0	0	1	165	255	0	255	1	0	1	0	0	108	0	0	0	0	0
0	246	1	0	0	0	255	0	0	0	9	0	0	0	255	0	0	249	2	0	0	0	255	255	0	0	10	0	0	0	0	255	0	125	255	255	255	1	0	0	0	0	214	0	0	0	0	0	1	166	255	0	255	1	0	1	0	0	108	0	0	0	0	0
0	246	1	0	0	0	255	0	0	0	9	0	0	0	255	0	0	249	2	0	0	0	255	255	0	0	10	0	0	0	0	255	0	125	255	255	255	1	0	0	0	0	214	0	0	0	0	0	1	166	255	0	255	1	0	1	0	0	108	0	0	0	0	0
0	246	1	0	0	0	255	0	0	0	9	0	0	0	255	0	0	249	2	0	0	0	255	255	0	0	10	0	0	0	0	255	0	125	255	255	255	1	0	0	0	0	214	0	0	0	0	0	1	165	255	0	255	1	0	0	0	0	107	0	0	0	0	0
0	246	1	0	0	0	255	0	0	0	9	0	0	0	255	0	0	249	2	0	0	0	255	255	0	0	10	0	0	0	0	255	0	126	255	255	255	1	0	0	0	0	214	0	0	0	0	0	1	165	255	0	255	1	0	0	0	0	108	0	0	0	0	0
0	246	1	0	0	0	255	0	0	0	9	0	0	0	255	0	0	249	2	0	0	0	255	255	0	0	10	0	0	0	0	255	0	125	255	255	255	1	0	0	0	0	214	0	0	0	0	1	1	166	255	0	0	1	0	0	0	0	108	0	0	0	0	0
0	246	1	0	0	0	255	0	0	0	9	0	0	0	255	0	0	249	2	0	0	0	255	255	0	0	10	0	0	0	0	255	0	125	255	255	255	1	0	0	0	0	214	0	0	0	0	1	1	165	255	0	0	1	0	0	0	0	107	0	0	0	0	0
0	246	1	0	0	0	255	0	0	0	9	0	0	0	255	0	0	249	2	0	0	0	255	255	0	0	10	0	0	0	0	255	0	126	0	255	255	1	0	0	0	0	214	0	0	0	0	1	1	165	255	0	0	1	0	0	0	0	108	0	0	0	0	0
0	246	1	0	0	0	255	0	0	0	9	0	0	0	255	0	0	249	2	0	0	0	255	255	0	0	10	0	0	0	0	255	0	126	0	255	255	1	0	0	0	0	214	0	0	0	0	1	1	165	255	0	0	1	0	0	0	0	107	0	0	0	0	0
0	246	1	1	0	0	255	0	0	0	9	0	0	0	255	0	0	249	2	1	1	0	255	255	0	255	10	0	0	0	0	255	0	126	0	255	255	1	0	0	0	0	214	0	0	0	0	1	1	167	255	0	0	1	0	0	0	0	107	0	0	0	0	0
0	246	1	1	0	0	255	0	0	0	9	0	0	0	255	0	0	249	2	0	1	0	255	255	0	255	10	0	0	0	0	255	0	127	0	255	255	1	0	0	0	0	214	0	0	0	0	1	1	166	255	0	0	1	0	0	0	0	107	0	0	0	0	0
0	246	1	1	0	0	255	0	0	0	9	0	0	0	255	0	0	249	2	0	1	0	255	255	0	255	10	0	0	0	0	255	0	126	0	255	255	1	0	0	0	0	214	0	0	0	0	1	1	166	255	0	0	1	0	0	0	0	107	0	0	0	0	0
0	246	1	1	0	0	255	0	0	0	9	0	0	0	255	0	255	249	2	0	1	0	255	255	0	255	10	0	0	0	0	255	0	126	0	255	255	1	0	0	0	0	214	0	0	0	0	1	1	167	255	0	0	1	0	0	0	0	108	0	0	0	0	0
0	246	1	1	0	0	255	0	0	0	9	0	0	0	255	0	255	249	2	0	1	0	255	255	0	255	10	0	0	0	0	255	0	126	0	255	255	1	0	0	0	0	214	0	0	0	0	1	1	166	255	0	0	1	0	0	0	0	108	0	0	0	0	0
0	246	1	1	0	0	255	0	0	0	9	0	0	0	255	0	255	249	2	1	1	0	255	255	0	255	10	0	0	0	0	255	0	125	255	0	255	1	0	0	0	0	214	0	0	0	0	1	1	167	255	0	0	1	0	0	0	0	108	0	0	0	0	0
0	246	1	1	0	0	255	0	0	0	9	0	0	0	255	0	255	249	2	1	1	0	255	255	0	255	9	0	0	0	0	255	0	125	255	0	255	1	0	0	0	0	214	0	0	0	0	1	1	166	255	0	0	1	0	0	0	0	107	0	0	0	0	0
0	246	1	1	0	0	255	0	0	0	9	0	0	0	255	0	0	249	2	1	1	0	255	255	0	255	9	0	0	0	0	255	0	126	255	0	255	1	0	0	0	0	214	0	0	0	0	0	1	166	255	0	0	1	0	0	0	0	107	0	0	0	0	0
0	246	1	1	0	0	255	0	0	0	9	0	0	0	255	0	0	249	2	1	1	0	255	255	0	255	9	0	0	0	0	255	0	125	255	0	255	1	0	0	0	0	214	0	0	0	0	0	1	166	255	0	255	1	0	0	0	0	107	0	0	0	0	0
0	246	1	1	0	0	255	0	0	0	9	0	0	0	255	0	0	249	2	1	1	0	255	255	0	255	9	0	0	0	0	255	0	125	255	0	255	1	0	0	0	0	214	0	0	0	0	0	1	166	255	0	255	1	0	0	0	0	107	0	0	0	0	0
0	246	1	1	0	0	255	0	0	0	9	0	0	0	255	0	0	249	2	1	1	0	255	255	0	0	9	0	0	0	0	255	0	125	255	0	255	1	0	0	0	0	214	0	0	0	0	0	1	166	255	0	255	1	0	0	0	0	108	0	0	0	0	0
0	246	1	1	0	0	255	0	0	0	9	0	0	0	255	0	0	249	2	1	1	0	255	255	0	0	9	0	0	0	0	255	0	125	255	0	255	1	0	0	0	0	214	0	0	0	0	0	1	165	255	0	255	1	0	0	0	0	108	0	0	0	0	0
0	246	1	1	0	0	255	0	0	0	9	0	0	0	255	0	0	249	2	1	1	0	255	255	0	0	9	0	0	0	0	255	0	125	255	0	255	1	0	0	0	0	214	0	0	0	0	0	1	166	255	0	255	1	0	0	0	0	106	0	0	0	0	0
0	246	1	1	0	0	255	0	0	0	9	0	0	0	255	0	0	249	2	1	1	0	255	255	0	0	9	0	0	0	0	255	0	125	255	0	255	1	0	0	0	0	214	0	0	0	0	0	1	165	255	0	255	1	0	0	0	0	107	0	0	0	0	0
0	246	1	1	0	0	255	0	0	0	9	0	0	0	255	0	0	249	2	1	1	0	255	255	0	0	9	0	0	0	0	255	0	125	255	0	255	1	0	0	0	0	214	0	0	0	0	0	1	165	255	0	255	1	0	0	0	0	107	0	0	0	0	0
0	246	1	1	0	0	255	0	0	0	9	0	0	0	255	0	0	249	2	1	1	0	255	255	0	0	9	0	0	0	0	255	0	125	255	0	255	1	0	0	0	0	214	0	0	0	0	0	1	166	255	0	255	1	0	0	0	0	107	0	0	0	0	0
0	246	1	1	0	0	255	0	0	0	9	0	0	0	255	0	0	249	2	1	1	0	255	255	0	0	9	0	0	0	0	255	0	125	255	0	255	1	0	0	0	0	214	0	0	0	0	0	1	166	255	0	255	1	0	0	0	0	107	0	0	0	0	0
0	246	1	1	0	0	255	0	0	0	9	0	0	0	255	0	0	249	2	1	1	0	255	255	0	0	9	0	0	0	0	255	0	125	255	0	255	1	0	0	0	0	214	0	0	0	0	0	1	166	255	0	255	1	0	0	0	0	108	0	0	0	0	0
0	246	1	1	0	0	255	0	0	0	9	0	0	0	255	0	0	249	2	1	1	0	255	255	0	0	9	0	0	0	0	255	0	125	255	0	255	1	0	0	0	0	214	0	0	0	0	0	1	165	255	0	255	1	0	0	0	0	108	0	0	0	0	0
0	246	1	1	0	0	255	0	0	0	9	0	0	0	255	0	0	249	2	1	1	0	255	255	0	0	9	0	0	0	0	255	0	125	255	0	255	1	0	0	0	0	214	0	0	0	0	0	1	165	255	0	255	1	0	0	0	0	108	0	0	0	0	0
0	246	1	1	0	0	255	0	0	0	9	0	0	0	255	0	0	249	2	1	1	0	255	255	0	0	9	0	0	0	0	255	0	125	255	0	255	1	0	0	0	0	214	0	0	0	0	0	1	167	255	0	255	1	0	1	0	0	108	0	0	0	0	0
0	246	1	1	0	0	255	0	0	0	9	0	0	0	255	0	0	249	2	1	1	0	255	255	0	0	10	0	0	0	0	255	0	125	255	0	255	1	0	0	0	0	215	0	0	0	0	0	1	166	254	0	255	1	0	1	0	0	108	0	0	0	0	0
0	246	1	1	0	0	255	0	0	0	9	0	0	0	255	0	0	249	2	1	1	0	255	255	0	0	10	0	0	0	0	255	0	125	255	0	255	1	0	0	0	0	215	0	0	0	0	0	1	165	254	0	255	1	0	1	0	0	108	0	0	0	0	0
0	246	1	1	0	0	255	0	0	0	9	0	0	0	255	0	0	249	2	1	1	0	255	255	0	0	10	0	0	0	0	255	0	125	255	255	255	1	0	0	0	0	214	0	0	0	0	0	1	166	255	0	255	1	0	1	0	0	108	0	0	0	0	0
0	246	1	1	0	0	255	0	0	0	9	0	0	0	255	0	0	249	2	1	1	0	255	255	0	0	10	0	0	0	0	255	0	126	255	255	255	1	0	0	0	0	214	0	0	0	0	0	1	166	255	0	255	1	0	1	0	0	107	0	0	0	0	0
0	246	1	1	0	0	255	0	0	0	9	0	0	0	255	0	0	249	2	1	1	0	255	255	0	0	10	0	0	0	0	255	0	125	255	255	255	1	0	0	0	0	214	0	0	0	0	0	1	166	255	0	255	1	0	1	0	0	107	0	0	0	0	0
0	246	1	1	0	0	255	0	0	0	9	0	0	0	255	0	0	249	2	1	1	0	255	255	0	0	10	0	0	0	0	255	0	125	255	255	255	1	0	0	0	0	215	0	0	0	0	0	1	166	255	0	255	1	0	0	0	0	108	0	0	0	0	0
0	246	1	1	0	0	255	0	0	0	9	0	0	0	255	0	0	249	2	0	0	0	255	255	0	0	10	0	0	0	0	255	0	125	255	255	255	1	0	0	0	0	215	0	0	0	0	0	1	165	255	0	255	1	0	0	0	0	108	0	0	0	0	0
0	246	1	1	0	0	255	0	0	0	9	0	0	0	255	0	0	249	2	0	0	0	255	255	0	0	10	0	0	0	0	255	0	125	255	255	255	1	0	0	0	0	215	0	0	0	0	0	1	165	255	0	255	1	0	0	0	0	108	0	0	0	0	0
0	246	1	1	0	0	255	0	0	0	9	0	0	0	255	0	0	249	2	0	0	0	255	255	0	0	10	0	0	0	0	255	0	124	255	255	255	1	0	0	0	0	215	0	0	0	0	0	1	166	255	0	255	1	0	0	0	0	107	0	0	0	0	0
0	246	1	1	0	0	255	0	0	0	9	0	0	0	255	0	0	249	2	0	0	0	255	255	0	255	10	0	0	0	0	255	0	125	255	255	255	1	0	0	0	0	215	0	0	0	0	0	1	165	255	0	255	1	0	0	0	0	108	0	0	0	0	0
255	246	1	1	0	0	255	0	0	0	9	0	0	0	255	0	0	249	2	0	0	0	255	255	0	255	10	0	0	0	0	255	0	125	255	255	255	1	0	0	0	0	215	0	0	0	0	0	1	165	255	0	255	1	0	0	0	0	108	0	0	0	0	0
255	246	1	1	0	0	255	0	0	0	9	0	0	0	255	0	0	249	2	0	0	0	255	255	0	0	10	0	0	0	0	255	0	125	255	255	255	1	0	0	0	0	215	0	0	0	0	0	1	166	255	0	255	1	0	0	0	0	107	0	0	0	0	0
255	246	1	1	0	0	255	0	0	0	9	0	0	0	255	0	0	248	2	0	0	0	255	255	0	0	10	0	0	0	0	255	0	126	255	255	255	1	0	0	0	0	215	0	0	0	0	0	1	166	255	0	255	1	0	0	0	0	106	0	0	0	0	0
0	246	1	1	0	0	255	0	0	0	9	0	0	0	255	0	0	248	2	0	0	0	255	255	0	0	10	0	0	0	0	255	0	125	255	255	255	1	0	0	0	0	215	0	0	0	0	0	1	166	255	0	255	1	0	0	0	0	107	0	0	0	0	0
0	246	1	1	0	0	255	0	0	0	9	0	0	0	255	0	0	248	2	0	0	0	255	255	0	0	10	0	0	0	0	255	0	125	255	255	255	1	0	0	0	0	214	0	0	0	0	0	1	166	255	0	255	1	0	0	0	0	106	0	0	0	0	0
0	246	1	1	0	0	255	0	0	0	9	0	0	0	255	0	255	248	2	0	0	0	255	255	0	0	10	0	0	0	0	255	0	125	255	255	255	1	0	0	0	0	214	0	0	0	0	0	1	166	255	0	255	1	0	0	0	0	107	0	0	0	0	0
0	246	1	1	0	0	255	0	0	0	9	0	0	0	255	0	255	248	2	0	0	0	255	255	0	0	10	0	0	0	0	255	0	125	255	255	255	1	0	0	0	0	214	0	0	0	0	0	1	165	255	0	255	1	0	0	0	0	108	0	0	0	0	0
0	246	1	0	0	0	255	0	0	0	9	0	0	0	255	0	255	248	2	0	0	0	255	255	0	0	10	0	0	0	0	255	0	125	255	255	255	1	0	0	0	0	214	0	0	0	0	0	1	165	255	0	255	1	0	0	0	0	108	0	0	0	0	0
0	246	1	0	0	0	255	0	0	0	9	0	0	0	255	0	255	248	1	0	0	0	255	255	0	0	10	0	0	0	0	255	0	125	255	255	255	1	0	0	0	0	214	0	0	0	0	0	1	165	255	0	255	1	0	0	0	0	107	0	0	0	0	0
0	246	1	0	0	0	255	0	0	0	9	0	0	0	255	0	255	248	1	0	0	0	255	255	0	0	10	0	0	0	0	255	0	125	255	255	255	1	0	0	0	0	214	0	0	0	0	0	1	166	255	0	255	1	0	0	0	0	107	0	0	0	0	0
0	246	1	0	0	0	255	0	0	0	9	0	0	0	255	0	0	248	1	0	0	0	255	255	0	0	10	0	0	0	0	255	0	125	255	255	255	1	0	0	0	0	214	0	0	0	0	1	1	166	255	0	255	1	0	0	0	0	107	0	0	0	0	0
0	246	1	0	0	0	255	0	0	0	9	0	0	0	255	0	0	248	1	0	0	0	255	255	0	0	10	0	0	0	0	255	0	126	255	255	255	1	0	0	0	0	214	0	0	0	0	1	1	166	255	0	255	1	0	0	0	0	107	0	0	0	0	0
0	246	1	0	0	0	255	0	0	0	9	0	0	0	255	0	0	248	1	0	0	0	255	255	0	0	10	0	0	0	0	255	0	125	255	255	255	1	0	0	0	0	214	0	0	0	0	1	1	165	255	0	255	1	0	0	0	0	108	0	0	0	0	0
0	246	1	0	0	0	255	0	0	0	9	0	0	0	255	0	0	248	1	0	0	0	255	255	0	255	10	0	0	0	0	255	0	125	255	255	255	1	0	0	0	0	214	0	0	0	0	1	1	166	255	0	255	1	0	0	0	0	108	0	0	0	0	0
0	246	1	0	0	0	255	0	0	0	9	0	0	0	255	0	0	248	1	0	0	0	255	255	0	255	10	0	0	0	0	255	0	126	255	255	255	1	0	0	0	0	214	0	0	0	0	1	1	166	255	0	255	1	0	0	0	0	107	0	0	0	0	0
0	246	1	0	0	0	255	0	0	0	9	0	0	0	255	0	0	249	1	1	0	0	255	255	0	255	10	0	0	0	0	255	0	126	255	255	255	1	0	0	0	0	214	0	0	0	0	1	1	166	255	0	255	1	0	1	0	0	107	0	0	0	0	0
0	246	1	0	0	0	255	0	0	0	9	0	0	0	255	0	0	249	1	1	0	0	255	255	0	255	10	0	0	0	0	255	0	126	255	255	255	1	0	0	0	0	214	0	0	0	0	1	1	167	255	0	255	1	0	1	0	0	107	0	0	0	0	0
0	246	1	0	0	0	255	0	0	0	9	0	0	0	255	0	0	249	1	1	0	0	255	255	0	255	10	0	0	0	0	255	0	126	255	255	255	1	0	0	0	0	214	0	0	0	0	1	1	167	255	0	255	1	0	1	0	0	107	0	0	0	0	0
0	246	1	0	0	0	255	0	0	0	9	0	0	0	255	0	0	249	1	1	0	0	255	255	0	255	10	0	0	0	0	255	0	126	255	255	255	1	0	0	0	0	214	0	0	0	0	1	1	167	255	0	255	1	0	1	0	0	108	0	0	0	0	0
0
