0   0   1   0   1   0   0   0   0   0   0   0   0   0   0   0   0   0   1   0   2   0   0   0   1   0   1   0   1   0   1   0   
0   0   0   0   1   0   0   0   1   0   0   0   1   0   0   0   2   0   1   0   1   0   0   0   2   0   1   0   1   0   0   0   
3   0   2   0   1   0   1   0   3   0   0   0   1   0   1   0   3   0   2   0   1   0   0   0   3   0   1   0   1   0   0   0   
2   0   1   0   1   0   1   0   2   0   1   0   0   0   1   0   1   0   1   0   1   0   1   0   1   0   1   0   0   0   1   0   
0   0   1   0   1   0   0   0   0   0   0   0   0   0   0   0   0   0   1   0   1   0   0   0   1   0   1   0   1   0   1   0   
0   0   0   0   1   0   0   0   1   0   0   0   1   0   0   0   2   0   1   0   1   0   0   0   2   0   1   0   1   0   0   0   
3   0   2   0   1   0   1   0   3   0   0   0   0   0   0   0   2   0   2   0   0   0   0   0   3   0   1   0   1   0   0   0   
2   0   1   0   1   0   1   0   2   0   1   0   0   0   1   0   1   0   1   0   1   0   1   0   1   0   1   0   0   0   1   0   
0   0   1   0   1   0   0   0   0   0   0   0   0   0   0   0   0   0   1   0   1   0   0   0   1   0   1   0   1   0   1   0   
0   0   0   0   1   0   1   0   1   0   0   0   1   0   0   0   1   0   1   0   1   0   0   0   2   0   1   0   1   0   0   0   
3   0   2   0   1   0   1   0   4   0   0   0   1   0   0   0   2   0   2   0   0   0   0   0   3   0   1   0   1   0   0   0   
2   0   1   0   1   0   1   0   2   0   1   0   0   0   1   0   1   0   1   0   1   0   1   0   1   0   1   0   0   0   1   0   
0   0   1   0   1   0   0   0   0   0   0   0   0   0   0   0   0   0   1   0   1   0   0   0   1   0   1   0   1   0   1   0   
0   0   0   0   1   0   1   0   1   0   0   0   1   0   0   0   1   0   1   0   1   0   0   0   2   0   1   0   1   0   0   0   
3   0   2   0   1   0   1   0   4   0   0   0   1   0   0   0   2   0   2   0   0   0   0   0   3   0   1   0   1   0   0   0   
2   0   1   0   1   0   0   0   2   0   1   0   0   0   1   0   1   0   1   0   1   0   1   0   1   0   1   0   0   0   1   0   
0   0   1   0   1   0   0   0   0   0   0   0   0   0   0   0   0   0   1   0   1   0   0   0   1   0   1   0   1   0   1   0   
0   0   0   0   1   0   0   0   1   0   0   0   1   0   0   0   1   0   1   0   1   0   0   0   2   0   1   0   1   0   0   0   
3   0   2   0   1   0   1   0   4   0   0   0   1   0   0   0   2   0   2   0   0   0   0   0   3   0   1   0   1   0   0   0   
1   0   0   0   1   0   0   0   1   0   0   0   0   0   1   0   1   0   1   0   1   0   1   0   1   0   1   0   0   0   1   0   
0   0   1   0   1   0   0   0   0   0   0   0   0   0   0   0   0   0   1   0   1   0   0   0   1   0   1   0   1   0   1   0   
0   0   0   0   1   0   0   0   1   0   0   0   1   0   0   0   1   0   1   0   1   0   0   0   2   0   1   0   1   0   0   0   
3   0   2   0   0   0   0   0   4   0   0   0   1   0   0   0   2   0   2   0   0   0   0   0   3   0   1   0   1   0   0   0   
1   0   0   0   1   0   0   0   1   0   0   0   0   0   1   0   1   0   1   0   1   0   1   0   1   0   1   0   0   0   1   0   
0   0   1   0   1   0   0   0   0   0   0   0   0   0   0   0   0   0   1   0   1   0   0   0   1   0   1   0   1   0   1   0   
0   0   0   0   1   0   0   0   1   0   0   0   1   0   0   0   1   0   1   0   1   0   0   0   2   0   1   0   1   0   0   0   
3   0   2   0   0   0   0   0   5   0   0   0   1   0   0   0   2   0   1   0   0   0   0   0   3   0   1   0   1   0   0   0   
1   0   0   0   1   0   0   0   1   0   0   0   0   0   1   0   1   0   1   0   1   0   1   0   1   0   1   0   0   0   1   0   
0   0   1   0   1   0   0   0   0   0   0   0   0   0   0   0   0   0   1   0   1   0   0   0   1   0   1   0   1   0   1   0   
0   0   0   0   1   0   0   0   1   0   0   0   1   0   0   0   1   0   1   0   1   0   0   0   2   0   1   0   1   0   0   0   
3   0   1   0   0   0   0   0   5   0   0   0   1   0   0   0   2   0   1   0   0   0   0   0   3   0   1   0   1   0   0   0   
1   0   0   0   1   0   0   0   1   0   0   0   0   0   1   0   1   0   1   0   1   0   1   0   1   0   1   0   0   0   1   0   
0   0   1   0   1   0   0   0   0   0   0   0   0   0   0   0   0   0   1   0   1   0   0   0   1   0   1   0   1   0   1   0   
1   0   0   0   1   0   0   0   1   0   0   0   1   0   0   0   1   0   1   0   1   0   0   0   2   0   1   0   0   0   0   0   
3   0   1   0   0   0   1   0   5   0   0   0   1   0   0   0   1   0   1   0   0   0   0   0   3   0   1   0   1   0   0   0   
1   0   0   0   1   0   0   0   1   0   0   0   0   0   1   0   1   0   1   0   1   0   1   0   0   0   0   0   255 255 0   0   
0   0   1   0   1   0   0   0   0   0   0   0   0   0   0   0   0   0   1   0   1   0   0   0   0   0   1   0   1   0   1   0   
1   0   0   0   1   0   0   0   1   0   0   0   1   0   0   0   1   0   1   0   1   0   0   0   2   0   1   0   0   0   0   0   
3   0   1   0   0   0   1   0   5   0   0   0   1   0   0   0   1   0   1   0   0   0   0   0   3   0   1   0   1   0   0   0   
1   0   0   0   1   0   0   0   2   0   0   0   0   0   1   0   1   0   1   0   1   0   1   0   0   0   0   0   255 255 0   0   
0   0   1   0   1   0   0   0   0   0   0   0   1   0   0   0   0   0   1   0   1   0   0   0   0   0   1   0   1   0   1   0   
1   0   0   0   1   0   0   0   1   0   0   0   1   0   0   0   1   0   1   0   1   0   0   0   2   0   1   0   0   0   0   0   
3   0   1   0   1   0   1   0   5   0   0   0   1   0   0   0   1   0   1   0   0   0   0   0   3   0   1   0   1   0   0   0   
1   0   0   0   1   0   0   0   2   0   0   0   0   0   1   0   1   0   1   0   0   0   0   0   1   0   0   0   255 255 0   0   
0   0   1   0   1   0   0   0   0   0   0   0   1   0   0   0   0   0   1   0   1   0   0   0   1   0   1   0   1   0   1   0   
1   0   0   0   1   0   0   0   1   0   0   0   1   0   0   0   1   0   1   0   1   0   0   0   3   0   1   0   1   0   0   0   
3   0   1   0   1   0   1   0   5   0   0   0   1   0   0   0   1   0   1   0   0   0   0   0   3   0   1   0   1   0   0   0   
1   0   0   0   1   0   0   0   2   0   0   0   0   0   1   0   1   0   1   0   0   0   0   0   1   0   0   0   255 255 0   0   
0   0   1   0   1   0   1   0   0   0   0   0   1   0   0   0   0   0   1   0   1   0   0   0   1   0   1   0   1   0   1   0   
1   0   0   0   1   0   0   0   1   0   0   0   1   0   0   0   1   0   1   0   0   0   0   0   3   0   1   0   1   0   0   0   
3   0   1   0   1   0   1   0   5   0   0   0   1   0   0   0   1   0   1   0   0   0   0   0   3   0   1   0   1   0   0   0   
1   0   0   0   1   0   0   0   2   0   0   0   0   0   1   0   1   0   1   0   0   0   0   0   1   0   1   0   0   0   0   0   
0   0   1   0   1   0   0   0   0   0   0   0   1   0   0   0   0   0   1   0   1   0   0   0   1   0   1   0   1   0   0   0   
1   0   0   0   1   0   0   0   1   0   0   0   1   0   0   0   1   0   1   0   1   0   0   0   3   0   1   0   1   0   0   0   
3   0   1   0   1   0   1   0   5   0   0   0   1   0   0   0   1   0   1   0   0   0   0   0   3   0   1   0   1   0   0   0   
1   0   0   0   1   0   0   0   2   0   0   0   0   0   1   0   1   0   1   0   0   0   0   0   1   0   1   0   0   0   0   0   
0   0   1   0   1   0   0   0   0   0   0   0   1   0   0   0   0   0   1   0   1   0   0   0   1   0   1   0   0   0   0   0   
1   0   0   0   1   0   0   0   1   0   0   0   1   0   0   0   1   0   1   0   0   0   0   0   3   0   1   0   1   0   0   0   
3   0   1   0   1   0   1   0   4   0   0   0   1   0   0   0   1   0   1   0   0   0   0   0   3   0   1   0   1   0   0   0   
1   0   0   0   1   0   0   0   2   0   0   0   0   0   1   0   1   0   1   0   0   0   0   0   1   0   1   0   0   0   0   0   
0   0   1   0   1   0   0   0   0   0   0   0   1   0   0   0   0   0   1   0   1   0   0   0   1   0   1   0   0   0   0   0   
1   0   0   0   1   0   0   0   1   0   0   0   1   0   0   0   1   0   1   0   0   0   0   0   3   0   1   0   1   0   0   0   
2   0   1   0   1   0   1   0   4   0   0   0   1   0   0   0   1   0   1   0   0   0   0   0   3   0   1   0   1   0   0   0   
1   0   0   0   1   0   0   0   2   0   0   0   0   0   1   0   1   0   1   0   0   0   0   0   1   0   1   0   0   0   0   0   
0   0   1   0   1   0   0   0   0   0   0   0   1   0   0   0   0   0   1   0   1   0   0   0   1   0   1   0   0   0   0   0   
1   0   0   0   1   0   0   0   1   0   0   0   1   0   0   0   1   0   1   0   0   0   0   0   2   0   1   0   1   0   0   0   
3   0   1   0   1   0   1   0   5   0   0   0   1   0   0   0   1   0   1   0   0   0   0   0   4   0   1   0   1   0   0   0   
2   0   0   0   1   0   0   0   2   0   0   0   0   0   1   0   1   0   1   0   0   0   0   0   1   0   1   0   0   0   0   0   
0   0   1   0   1   0   0   0   0   0   0   0   0   0   0   0   0   0   1   0   1   0   0   0   1   0   1   0   0   0   0   0   
1   0   0   0   1   0   0   0   1   0   0   0   1   0   0   0   2   0   1   0   0   0   0   0   2   0   1   0   1   0   0   0   
3   0   1   0   1   0   1   0   6   0   0   0   1   0   0   0   1   0   1   0   0   0   0   0   4   0   1   0   1   0   0   0   
1   0   0   0   1   0   0   0   2   0   0   0   0   0   1   0   1   0   1   0   0   0   0   0   1   0   1   0   0   0   0   0   
0   0   1   0   1   0   0   0   0   0   0   0   1   0   1   0   0   0   1   0   1   0   0   0   1   0   1   0   0   0   0   0   
1   0   0   0   1   0   0   0   1   0   0   0   1   0   0   0   2   0   1   0   0   0   0   0   2   0   1   0   1   0   0   0   
4   0   1   0   1   0   1   0   10  0   0   0   1   0   0   0   2   0   2   0   0   0   0   0   5   0   1   0   1   0   0   0   
1   0   1   0   1   0   0   0   3   0   0   0   0   0   1   0   1   0   1   0   0   0   0   0   2   0   1   0   0   0   1   0   
0   0   1   0   1   0   0   0   0   0   0   0   1   0   1   0   0   0   1   0   2   0   0   0   1   0   1   0   0   0   0   0   
1   0   1   0   1   0   0   0   1   0   1   0   1   0   0   0   2   0   1   0   1   0   0   0   3   0   1   0   1   0   0   0   
4   0   1   0   1   0   1   0   12  0   0   0   1   0   0   0   3   0   2   0   0   0   0   0   5   0   1   0   1   0   0   0   
1   0   1   0   1   0   0   0   3   0   0   0   0   0   1   0   1   0   1   0   0   0   0   0   2   0   1   0   0   0   1   0   
0   0   1   0   1   0   0   0   0   0   0   0   1   0   1   0   0   0   1   0   2   0   0   0   1   0   1   0   0   0   0   0   
1   0   1   0   1   0   0   0   1   0   1   0   1   0   0   0   2   0   1   0   1   0   0   0   3   0   1   0   1   0   0   0   
4   0   1   0   1   0   1   0   12  0   0   0   1   0   0   0   3   0   2   0   0   0   0   0   5   0   1   0   1   0   0   0   
1   0   1   0   1   0   0   0   3   0   0   0   0   0   1   0   1   0   1   0   0   0   0   0   2   0   1   0   0   0   1   0   
0   0   1   0   1   0   0   0   0   0   0   0   1   0   1   0   0   0   1   0   2   0   0   0   1   0   1   0   0   0   0   0   
1   0   1   0   1   0   0   0   1   0   1   0   1   0   0   0   2   0   1   0   1   0   0   0   3   0   1   0   1   0   0   0   
4   0   1   0   1   0   1   0   12  0   0   0   1   0   0   0   3   0   2   0   0   0   0   0   5   0   1   0   1   0   0   0   
1   0   1   0   1   0   0   0   3   0   0   0   0   0   1   0   1   0   1   0   0   0   0   0   2   0   1   0   0   0   1   0   
0   0   1   0   1   0   0   0   0   0   0   0   0   0   0   0   0   0   1   0   2   0   0   0   1   0   1   0   0   0   0   0   
1   0   1   0   1   0   0   0   1   0   1   0   1   0   0   0   2   0   1   0   1   0   0   0   3   0   1   0   1   0   0   0   
4   0   1   0   1   0   1   0   12  0   0   0   1   0   0   0   3   0   2   0   0   0   0   0   5   0   1   0   1   0   0   0   
1   0   1   0   1   0   0   0   3   0   0   0   0   0   1   0   1   0   1   0   0   0   0   0   2   0   1   0   0   0   1   0   
0   0   1   0   1   0   0   0   0   0   0   0   0   0   0   0   0   0   1   0   2   0   0   0   1   0   1   0   0   0   0   0   
1   0   1   0   1   0   0   0   1   0   1   0   1   0   0   0   2   0   1   0   1   0   0   0   3   0   1   0   1   0   0   0   
5   0   2   0   1   0   1   0   12  0   0   0   0   0   0   0   3   0   2   0   0   0   0   0   5   0   1   0   1   0   0   0   
1   0   1   0   1   0   0   0   3   0   0   0   0   0   1   0   1   0   1   0   0   0   0   0   2   0   0   0   0   0   0   0   
0   0   1   0   1   0   0   0   0   0   0   0   0   0   0   0   1   0   1   0   2   0   0   0   1   0   1   0   0   0   1   0   
1   0   1   0   1   0   0   0   1   0   1   0   1   0   0   0   2   0   1   0   1   0   0   0   2   0   1   0   0   0   255 255 
4   0   1   0   0   0   0   0   12  0   0   0   0   0   0   0   3   0   2   0   0   0   0   0   5   0   1   0   1   0   0   0   
1   0   1   0   1   0   0   0   3   0   0   0   0   0   1   0   1   0   1   0   0   0   0   0   2   0   0   0   0   0   0   0   
0   0   1   0   1   0   0   0   0   0   0   0   0   0   0   0   1   0   1   0   1   0   0   0   0   0   1   0   0   0   0   0   
1   0   1   0   1   0   0   0   1   0   1   0   1   0   0   0   2   0   1   0   1   0   0   0   2   0   1   0   0   0   255 255 
4   0   1   0   0   0   0   0   12  0   0   0   0   0   0   0   3   0   2   0   0   0   0   0   5   0   1   0   1   0   0   0   
0   0   0   0   0   0   255 255 3   0   0   0   0   0   1   0   1   0   1   0   0   0   0   0   1   0   255 255 255 255 0   0   
0   0   1   0   1   0   0   0   0   0   0   0   0   0   0   0   1   0   1   0   1   0   255 255 0   0   1   0   0   0   0   0   
1   0   1   0   1   0   0   0   1   0   1   0   1   0   0   0   2   0   1   0   0   0   255 255 2   0   1   0   0   0   255 255 
4   0   1   0   0   0   0   0   12  0   0   0   0   0   0   0   1   0   1   0   255 255 255 255 4   0   0   0   0   0   255 255 
0   0   0   0   0   0   255 255 2   0   0   0   0   0   0   0   0   0   0   0   0   0   255 255 0   0   255 255 255 255 255 255 
255 255 0   0   1   0   255 255 255 255 0   0   0   0   0   0   1   0   1   0   1   0   255 255 0   0   1   0   0   0   0   0   
1   0   1   0   1   0   0   0   1   0   1   0   0   0   0   0   2   0   1   0   0   0   255 255 2   0   1   0   0   0   255 255 
3   0   1   0   0   0   255 255 11  0   0   0   0   0   255 255 1   0   1   0   255 255 255 255 3   0   0   0   0   0   255 255 
0   0   0   0   0   0   255 255 1   0   0   0   0   0   0   0   255 255 255 255 0   0   254 255 0   0   255 255 255 255 255 255 
255 255 0   0   1   0   255 255 255 255 0   0   0   0   0   0   1   0   1   0   1   0   255 255 0   0   1   0   0   0   0   0   
1   0   1   0   1   0   0   0   1   0   0   0   0   0   0   0   2   0   1   0   0   0   255 255 2   0   1   0   0   0   255 255 
3   0   1   0   0   0   255 255 11  0   0   0   255 255 255 255 1   0   0   0   255 255 255 255 3   0   0   0   0   0   255 255 
0   0   0   0   0   0   255 255 0   0   255 255 255 255 0   0   255 255 255 255 0   0   254 255 0   0   255 255 255 255 255 255 
255 255 0   0   1   0   255 255 255 255 0   0   0   0   0   0   0   0   0   0   1   0   255 255 0   0   1   0   0   0   0   0   
0   0   1   0   1   0   255 255 0   0   0   0   0   0   0   0   1   0   1   0   0   0   254 255 2   0   1   0   0   0   255 255 
3   0   1   0   0   0   255 255 10  0   0   0   255 255 255 255 1   0   0   0   255 255 255 255 3   0   0   0   0   0   255 255 
0   0   0   0   0   0   255 255 0   0   255 255 255 255 0   0   255 255 255 255 0   0   254 255 0   0   255 255 255 255 255 255 
255 255 0   0   1   0   255 255 255 255 0   0   0   0   0   0   0   0   0   0   1   0   255 255 0   0   1   0   0   0   0   0   
0   0   1   0   1   0   255 255 0   0   0   0   0   0   0   0   1   0   1   0   0   0   254 255 2   0   1   0   0   0   255 255 
3   0   1   0   255 255 255 255 10  0   255 255 255 255 254 255 1   0   0   0   254 255 255 255 2   0   0   0   255 255 255 255 
255 255 255 255 0   0   254 255 0   0   254 255 255 255 0   0   255 255 255 255 0   0   254 255 0   0   255 255 255 255 255 255 
255 255 0   0   1   0   255 255 254 255 0   0   0   0   0   0   0   0   0   0   1   0   255 255 0   0   1   0   0   0   0   0   
0   0   1   0   1   0   255 255 0   0   0   0   0   0   0   0   1   0   1   0   255 255 254 255 2   0   1   0   0   0   255 255 
3   0   0   0   255 255 255 255 10  0   255 255 255 255 254 255 1   0   0   0   254 255 255 255 2   0   0   0   255 255 255 255 
255 255 255 255 255 255 254 255 0   0   254 255 254 255 0   0   254 255 254 255 255 255 253 255 255 255 255 255 254 255 255 255 
255 255 0   0   0   0   255 255 254 255 255 255 0   0   255 255 0   0   0   0   1   0   254 255 255 255 0   0   0   0   0   0   
0   0   0   0   1   0   255 255 0   0   0   0   0   0   255 255 1   0   1   0   255 255 253 255 1   0   1   0   255 255 255 255 
3   0   0   0   255 255 255 255 10  0   255 255 254 255 254 255 1   0   0   0   254 255 255 255 3   0   0   0   255 255 255 255 
255 255 254 255 255 255 254 255 0   0   254 255 254 255 0   0   254 255 254 255 255 255 253 255 255 255 254 255 254 255 255 255 
255 255 0   0   0   0   255 255 254 255 255 255 0   0   255 255 0   0   0   0   0   0   254 255 255 255 1   0   255 255 0   0   
0   0   0   0   0   0   255 255 0   0   0   0   255 255 255 255 1   0   1   0   255 255 253 255 2   0   1   0   255 255 255 255 
3   0   0   0   255 255 255 255 10  0   255 255 254 255 254 255 1   0   0   0   254 255 255 255 3   0   0   0   255 255 255 255 
255 255 254 255 255 255 254 255 0   0   254 255 254 255 255 255 254 255 254 255 255 255 253 255 255 255 254 255 254 255 255 255 
255 255 0   0   0   0   255 255 254 255 255 255 0   0   255 255 0   0   0   0   0   0   254 255 255 255 0   0   255 255 0   0   
0   0   0   0   0   0   255 255 0   0   0   0   255 255 255 255 1   0   1   0   255 255 253 255 2   0   1   0   255 255 255 255 
2   0   0   0   254 255 254 255 10  0   255 255 254 255 254 255 0   0   0   0   254 255 254 255 2   0   255 255 255 255 254 255 
255 255 254 255 255 255 254 255 0   0   254 255 254 255 255 255 255 255 254 255 255 255 253 255 255 255 254 255 254 255 255 255 
255 255 0   0   0   0   255 255 254 255 255 255 0   0   255 255 0   0   0   0   0   0   254 255 255 255 0   0   255 255 0   0   
0   0   0   0   0   0   254 255 0   0   0   0   255 255 255 255 1   0   1   0   255 255 253 255 2   0   1   0   255 255 255 255 
2   0   0   0   254 255 254 255 10  0   255 255 254 255 254 255 0   0   0   0   254 255 254 255 2   0   255 255 255 255 254 255 
255 255 254 255 255 255 254 255 0   0   254 255 254 255 255 255 255 255 254 255 255 255 253 255 255 255 254 255 254 255 255 255 
255 255 0   0   0   0   254 255 254 255 255 255 255 255 255 255 0   0   0   0   0   0   254 255 255 255 0   0   255 255 0   0   
0   0   0   0   0   0   254 255 0   0   0   0   255 255 255 255 1   0   1   0   255 255 253 255 2   0   1   0   255 255 254 255 
2   0   0   0   254 255 254 255 10  0   255 255 254 255 254 255 0   0   0   0   254 255 254 255 2   0   255 255 255 255 254 255 
255 255 254 255 255 255 254 255 0   0   254 255 254 255 255 255 255 255 254 255 255 255 253 255 255 255 254 255 254 255 255 255 
255 255 0   0   0   0   254 255 254 255 255 255 255 255 255 255 0   0   0   0   0   0   254 255 255 255 0   0   255 255 0   0   
0   0   0   0   1   0   255 255 0   0   0   0   0   0   255 255 1   0   1   0   255 255 253 255 2   0   1   0   255 255 254 255 
2   0   0   0   255 255 254 255 11  0   255 255 254 255 254 255 1   0   0   0   254 255 254 255 2   0   255 255 255 255 254 255 
255 255 254 255 255 255 254 255 0   0   254 255 254 255 255 255 255 255 254 255 255 255 253 255 255 255 254 255 254 255 255 255 
255 255 255 255 255 255 254 255 254 255 255 255 255 255 255 255 0   0   0   0   0   0   254 255 255 255 0   0   255 255 0   0   
0   0   0   0   0   0   254 255 0   0   0   0   0   0   255 255 1   0   1   0   255 255 254 255 2   0   1   0   255 255 254 255 
2   0   0   0   255 255 254 255 11  0   255 255 254 255 254 255 1   0   0   0   254 255 254 255 2   0   255 255 255 255 254 255 
255 255 254 255 255 255 254 255 0   0   254 255 254 255 255 255 255 255 254 255 255 255 253 255 255 255 254 255 254 255 255 255 
255 255 255 255 0   0   255 255 254 255 255 255 255 255 255 255 0   0   0   0   0   0   254 255 255 255 0   0   255 255 0   0   
0   0   0   0   0   0   254 255 0   0   0   0   0   0   255 255 1   0   1   0   255 255 253 255 2   0   1   0   255 255 254 255 
2   0   0   0   254 255 253 255 11  0   255 255 254 255 254 255 1   0   0   0   254 255 254 255 2   0   255 255 255 255 254 255 
255 255 254 255 255 255 254 255 0   0   254 255 254 255 255 255 255 255 254 255 255 255 253 255 255 255 254 255 254 255 255 255 
255 255 255 255 0   0   254 255 254 255 255 255 255 255 255 255 0   0   0   0   0   0   254 255 255 255 0   0   255 255 0   0   
0   0   0   0   0   0   254 255 0   0   0   0   0   0   255 255 1   0   1   0   255 255 253 255 2   0   1   0   255 255 254 255 
2   0   0   0   254 255 253 255 11  0   255 255 254 255 254 255 1   0   0   0   254 255 254 255 2   0   255 255 255 255 254 255 
255 255 254 255 255 255 254 255 0   0   254 255 254 255 255 255 255 255 254 255 255 255 253 255 255 255 254 255 253 255 254 255 
254 255 255 255 0   0   254 255 254 255 255 255 255 255 255 255 0   0   0   0   0   0   254 255 255 255 0   0   255 255 0   0   
0   0   0   0   0   0   254 255 0   0   0   0   0   0   255 255 1   0   1   0   255 255 253 255 1   0   0   0   254 255 254 255 
2   0   0   0   254 255 253 255 11  0   255 255 254 255 254 255 1   0   0   0   254 255 254 255 3   0   255 255 255 255 254 255 
0   0   255 255 255 255 254 255 0   0   254 255 254 255 255 255 255 255 254 255 255 255 253 255 255 255 254 255 253 255 254 255 
254 255 255 255 0   0   254 255 254 255 255 255 255 255 255 255 0   0   0   0   0   0   254 255 255 255 0   0   255 255 0   0   
0   0   0   0   0   0   254 255 0   0   0   0   0   0   255 255 1   0   1   0   255 255 253 255 2   0   0   0   255 255 254 255 
2   0   0   0   254 255 254 255 11  0   255 255 254 255 254 255 1   0   0   0   254 255 254 255 3   0   255 255 255 255 254 255 
0   0   255 255 255 255 254 255 0   0   254 255 254 255 255 255 255 255 254 255 255 255 253 255 255 255 254 255 253 255 254 255 
255 255 255 255 0   0   254 255 254 255 255 255 0   0   255 255 0   0   0   0   1   0   255 255 255 255 0   0   255 255 0   0   
0   0   0   0   0   0   254 255 0   0   0   0   0   0   255 255 1   0   1   0   255 255 254 255 2   0   0   0   255 255 254 255 
2   0   0   0   254 255 254 255 11  0   255 255 254 255 254 255 1   0   0   0   254 255 254 255 2   0   255 255 254 255 254 255 
0   0   255 255 255 255 254 255 0   0   254 255 254 255 255 255 255 255 254 255 255 255 253 255 255 255 254 255 253 255 254 255 
255 255 255 255 0   0   254 255 254 255 255 255 0   0   255 255 0   0   0   0   0   0   254 255 255 255 0   0   255 255 255 255 
0   0   0   0   0   0   254 255 0   0   0   0   0   0   255 255 1   0   1   0   255 255 254 255 2   0   0   0   255 255 254 255 
2   0   0   0   254 255 254 255 11  0   255 255 254 255 254 255 1   0   0   0   254 255 254 255 2   0   255 255 254 255 254 255 
0   0   255 255 255 255 254 255 0   0   254 255 254 255 255 255 255 255 254 255 255 255 253 255 255 255 254 255 253 255 254 255 
255 255 255 255 0   0   254 255 254 255 255 255 0   0   255 255 0   0   0   0   0   0   254 255 255 255 0   0   255 255 255 255 
0   0   0   0   0   0   254 255 0   0   0   0   0   0   255 255 1   0   1   0   255 255 253 255 2   0   0   0   255 255 254 255 
2   0   0   0   254 255 254 255 11  0   255 255 254 255 254 255 1   0   255 255 254 255 254 255 3   0   255 255 254 255 254 255 
0   0   255 255 255 255 254 255 1   0   255 255 254 255 0   0   255 255 254 255 255 255 253 255 255 255 254 255 253 255 254 255 
255 255 255 255 0   0   254 255 254 255 255 255 255 255 255 255 0   0   0   0   0   0   254 255 255 255 0   0   255 255 255 255 
0   0   0   0   0   0   254 255 0   0   0   0   0   0   255 255 1   0   1   0   255 255 254 255 2   0   0   0   255 255 254 255 
2   0   0   0   254 255 254 255 11  0   255 255 254 255 254 255 1   0   255 255 254 255 254 255 3   0   255 255 254 255 254 255 
255 255 255 255 255 255 254 255 0   0   254 255 254 255 0   0   255 255 254 255 255 255 253 255 255 255 254 255 253 255 254 255 
255 255 0   0   0   0   255 255 254 255 255 255 255 255 255 255 0   0   0   0   0   0   254 255 255 255 0   0   255 255 255 255 
0   0   0   0   0   0   254 255 0   0   0   0   0   0   255 255 1   0   1   0   255 255 254 255 2   0   0   0   255 255 254 255 
2   0   0   0   254 255 254 255 10  0   255 255 254 255 254 255 1   0   255 255 254 255 254 255 3   0   255 255 254 255 254 255 
255 255 255 255 255 255 254 255 0   0   254 255 254 255 0   0   255 255 254 255 255 255 253 255 255 255 254 255 253 255 254 255 
255 255 0   0   0   0   255 255 254 255 255 255 255 255 255 255 0   0   0   0   0   0   254 255 255 255 0   0   255 255 255 255 
0   0   0   0   0   0   254 255 0   0   0   0   255 255 255 255 1   0   1   0   255 255 253 255 2   0   0   0   255 255 254 255 
2   0   0   0   255 255 255 255 11  0   255 255 254 255 254 255 1   0   255 255 254 255 254 255 3   0   255 255 255 255 254 255 
255 255 255 255 255 255 254 255 1   0   254 255 254 255 255 255 255 255 254 255 255 255 253 255 255 255 254 255 253 255 254 255 
255 255 0   0   0   0   255 255 254 255 255 255 255 255 255 255 0   0   0   0   1   0   254 255 255 255 0   0   255 255 255 255 
0   0   0   0   0   0   254 255 0   0   0   0   255 255 255 255 1   0   1   0   255 255 253 255 2   0   0   0   255 255 254 255 
2   0   0   0   255 255 254 255 11  0   255 255 254 255 254 255 1   0   0   0   254 255 254 255 3   0   255 255 255 255 254 255 
255 255 255 255 255 255 254 255 1   0   254 255 254 255 255 255 255 255 254 255 255 255 253 255 255 255 254 255 254 255 254 255 
255 255 0   0   0   0   255 255 254 255 255 255 255 255 255 255 0   0   0   0   1   0   254 255 255 255 0   0   255 255 255 255 
0   0   0   0   0   0   254 255 0   0   0   0   255 255 255 255 1   0   1   0   255 255 253 255 2   0   0   0   255 255 254 255 
2   0   0   0   255 255 254 255 11  0   255 255 254 255 254 255 1   0   0   0   254 255 254 255 3   0   255 255 255 255 254 255 
255 255 255 255 255 255 254 255 0   0   254 255 254 255 255 255 255 255 254 255 255 255 253 255 255 255 254 255 254 255 254 255 
255 255 0   0   0   0   255 255 254 255 255 255 255 255 255 255 0   0   0   0   1   0   254 255 255 255 0   0   255 255 255 255 
0   0   0   0   0   0   254 255 0   0   0   0   255 255 255 255 1   0   1   0   255 255 253 255 2   0   0   0   255 255 254 255 
2   0   0   0   254 255 254 255 11  0   255 255 254 255 254 255 1   0   0   0   254 255 254 255 3   0   255 255 255 255 254 255 
255 255 255 255 255 255 254 255 0   0   254 255 254 255 255 255 255 255 254 255 255 255 253 255 255 255 254 255 254 255 254 255 
255 255 0   0   0   0   254 255 254 255 255 255 0   0   255 255 0   0   0   0   1   0   254 255 255 255 0   0   255 255 0   0   
0   0   0   0   0   0   254 255 0   0   0   0   255 255 255 255 1   0   1   0   255 255 253 255 2   0   1   0   255 255 254 255 
2   0   0   0   254 255 254 255 11  0   255 255 254 255 254 255 1   0   0   0   254 255 254 255 3   0   255 255 255 255 254 255 
255 255 255 255 255 255 254 255 0   0   254 255 254 255 255 255 255 255 254 255 255 255 253 255 255 255 254 255 254 255 254 255 
255 255 0   0   0   0   254 255 254 255 255 255 255 255 255 255 0   0   0   0   1   0   254 255 255 255 0   0   255 255 0   0   
0   0   0   0   0   0   254 255 0   0   0   0   255 255 255 255 1   0   1   0   255 255 253 255 2   0   1   0   255 255 254 255 
2   0   0   0   254 255 254 255 11  0   255 255 254 255 254 255 1   0   0   0   254 255 254 255 3   0   0   0   255 255 254 255 
255 255 255 255 255 255 254 255 0   0   254 255 254 255 255 255 255 255 254 255 255 255 254 255 255 255 254 255 254 255 254 255 
255 255 0   0   0   0   254 255 254 255 255 255 255 255 255 255 0   0   0   0   1   0   254 255 0   0   1   0   0   0   0   0   
0   0   0   0   0   0   254 255 0   0   0   0   255 255 255 255 1   0   1   0   255 255 253 255 2   0   1   0   255 255 254 255 
2   0   0   0   254 255 254 255 11  0   255 255 254 255 254 255 1   0   0   0   254 255 254 255 3   0   0   0   255 255 254 255 
255 255 255 255 255 255 254 255 0   0   254 255 254 255 255 255 255 255 254 255 255 255 253 255 255 255 254 255 254 255 254 255 
255 255 255 255 0   0   254 255 254 255 255 255 255 255 255 255 0   0   0   0   1   0   254 255 255 255 1   0   0   0   0   0   
0   0   0   0   0   0   255 255 0   0   0   0   255 255 255 255 1   0   1   0   255 255 253 255 2   0   1   0   255 255 254 255 
2   0   0   0   254 255 254 255 11  0   255 255 254 255 254 255 1   0   0   0   254 255 254 255 3   0   255 255 255 255 254 255 
255 255 255 255 255 255 254 255 0   0   254 255 254 255 255 255 255 255 254 255 255 255 253 255 255 255 254 255 254 255 254 255 
255 255 255 255 0   0   254 255 254 255 0   0   0   0   255 255 0   0   0   0   1   0   255 255 255 255 1   0   0   0   0   0   
0   0   0   0   0   0   255 255 0   0   0   0   255 255 255 255 1   0   1   0   255 255 253 255 2   0   1   0   255 255 254 255 
2   0   0   0   254 255 254 255 11  0   255 255 254 255 254 255 1   0   0   0   254 255 254 255 3   0   255 255 255 255 254 255 
255 255 255 255 255 255 254 255 0   0   254 255 254 255 255 255 255 255 254 255 255 255 254 255 255 255 253 255 253 255 254 255 
255 255 255 255 0   0   254 255 254 255 0   0   0   0   255 255 0   0   0   0   1   0   254 255 255 255 0   0   255 255 255 255 
0   0   0   0   0   0   254 255 1   0   0   0   0   0   255 255 1   0   1   0   255 255 253 255 2   0   1   0   255 255 254 255 
2   0   0   0   254 255 254 255 11  0   255 255 254 255 254 255 1   0   0   0   254 255 254 255 3   0   255 255 255 255 254 255 
255 255 255 255 255 255 254 255 0   0   254 255 254 255 255 255 255 255 254 255 255 255 254 255 255 255 253 255 253 255 254 255 
255 255 255 255 0   0   254 255 254 255 0   0   0   0   255 255 0   0   0   0   1   0   254 255 255 255 0   0   255 255 255 255 
0   0   0   0   0   0   254 255 1   0   0   0   0   0   255 255 1   0   1   0   255 255 254 255 2   0   0   0   255 255 254 255 
2   0   0   0   254 255 254 255 11  0   255 255 254 255 254 255 1   0   0   0   254 255 254 255 3   0   255 255 255 255 254 255 
255 255 255 255 255 255 254 255 0   0   254 255 254 255 255 255 255 255 254 255 255 255 253 255 255 255 253 255 253 255 254 255 
255 255 255 255 0   0   254 255 254 255 0   0   0   0   255 255 0   0   0   0   1   0   254 255 255 255 0   0   255 255 255 255 
0   0   0   0   0   0   254 255 1   0   0   0   0   0   255 255 1   0   1   0   255 255 253 255 2   0   0   0   255 255 254 255 
2   0   0   0   254 255 254 255 11  0   255 255 254 255 254 255 1   0   255 255 254 255 254 255 3   0   255 255 254 255 254 255 
255 255 255 255 255 255 254 255 0   0   254 255 254 255 255 255 255 255 255 255 255 255 254 255 255 255 254 255 253 255 254 255 
255 255 0   0   0   0   254 255 254 255 0   0   0   0   255 255 0   0   0   0   1   0   254 255 255 255 0   0   255 255 255 255 
0   0   0   0   0   0   254 255 1   0   0   0   0   0   255 255 1   0   1   0   255 255 253 255 2   0   0   0   254 255 254 255 
2   0   0   0   254 255 254 255 11  0   255 255 254 255 254 255 1   0   0   0   254 255 254 255 3   0   255 255 254 255 254 255 
255 255 255 255 255 255 254 255 0   0   254 255 254 255 255 255 255 255 255 255 255 255 254 255 255 255 254 255 253 255 254 255 
255 255 0   0   0   0   254 255 254 255 0   0   0   0   255 255 0   0   0   0   0   0   253 255 255 255 0   0   255 255 255 255 
0   0   0   0   0   0   254 255 1   0   0   0   0   0   255 255 1   0   1   0   255 255 253 255 2   0   0   0   254 255 254 255 
2   0   0   0   254 255 254 255 11  0   255 255 254 255 254 255 1   0   0   0   254 255 254 255 3   0   255 255 254 255 254 255 
255 255 254 255 255 255 254 255 0   0   254 255 254 255 255 255 255 255 254 255 255 255 253 255 255 255 254 255 253 255 254 255 
255 255 0   0   0   0   254 255 254 255 0   0   0   0   255 255 0   0   0   0   0   0   254 255 255 255 0   0   255 255 255 255 
0   0   0   0   0   0   254 255 1   0   0   0   0   0   255 255 1   0   1   0   254 255 253 255 2   0   0   0   255 255 254 255 
2   0   0   0   254 255 254 255 10  0   255 255 254 255 254 255 1   0   0   0   254 255 254 255 3   0   255 255 255 255 254 255 
255 255 254 255 255 255 254 255 0   0   254 255 254 255 255 255 255 255 254 255 255 255 253 255 255 255 254 255 253 255 254 255 
255 255 0   0   0   0   254 255 254 255 0   0   0   0   255 255 0   0   0   0   0   0   253 255 255 255 0   0   255 255 255 255 
0   0   0   0   0   0   254 255 0   0   0   0   255 255 255 255 1   0   1   0   255 255 253 255 2   0   0   0   255 255 254 255 
2   0   0   0   254 255 254 255 10  0   255 255 254 255 254 255 1   0   255 255 254 255 254 255 3   0   255 255 255 255 254 255 
255 255 254 255 255 255 254 255 0   0   254 255 254 255 255 255 255 255 254 255 255 255 253 255 255 255 253 255 253 255 254 255 
255 255 0   0   0   0   254 255 255 255 0   0   0   0   255 255 0   0   0   0   0   0   254 255 255 255 0   0   255 255 255 255 
0   0   0   0   0   0   254 255 0   0   0   0   255 255 255 255 1   0   1   0   255 255 253 255 2   0   0   0   255 255 254 255 
2   0   0   0   254 255 254 255 10  0   255 255 254 255 254 255 1   0   255 255 254 255 254 255 3   0   255 255 255 255 254 255 
255 255 254 255 255 255 254 255 0   0   254 255 254 255 255 255 255 255 254 255 255 255 253 255 255 255 253 255 254 255 254 255 
255 255 0   0   0   0   254 255 255 255 255 255 255 255 255 255 0   0   0   0   0   0   254 255 255 255 0   0   255 255 255 255 
0   0   0   0   0   0   254 255 0   0   0   0   255 255 254 255 1   0   1   0   255 255 253 255 2   0   0   0   255 255 254 255 
2   0   0   0   254 255 254 255 10  0   255 255 254 255 254 255 1   0   255 255 254 255 254 255 3   0   255 255 255 255 254 255 
0   0   254 255 255 255 254 255 0   0   254 255 254 255 255 255 255 255 254 255 255 255 253 255 255 255 254 255 254 255 254 255 
255 255 0   0   0   0   254 255 255 255 255 255 255 255 255 255 0   0   0   0   0   0   254 255 255 255 0   0   255 255 255 255 
0   0   0   0   0   0   254 255 0   0   0   0   255 255 254 255 1   0   1   0   255 255 254 255 2   0   0   0   255 255 254 255 
2   0   0   0   254 255 254 255 10  0   255 255 254 255 254 255 1   0   255 255 254 255 254 255 3   0   255 255 255 255 254 255 
0   0   254 255 255 255 254 255 0   0   254 255 254 255 255 255 255 255 254 255 255 255 253 255 255 255 254 255 254 255 254 255 
255 255 0   0   0   0   254 255 255 255 255 255 255 255 255 255 0   0   0   0   0   0   254 255 255 255 0   0   255 255 255 255 
0   0   0   0   0   0   254 255 0   0   0   0   255 255 254 255 1   0   0   0   255 255 253 255 2   0   0   0   255 255 254 255 
2   0   0   0   254 255 254 255 10  0   255 255 254 255 254 255 1   0   0   0   254 255 254 255 3   0   255 255 255 255 254 255 
0   0   254 255 255 255 254 255 0   0   254 255 254 255 255 255 255 255 254 255 255 255 253 255 255 255 254 255 254 255 254 255 
255 255 0   0   0   0   254 255 255 255 255 255 255 255 255 255 0   0   0   0   0   0   254 255 255 255 0   0   255 255 255 255 
0   0   0   0   0   0   254 255 0   0   0   0   255 255 254 255 1   0   0   0   255 255 253 255 2   0   0   0   255 255 254 255 
2   0   0   0   254 255 254 255 10  0   255 255 254 255 253 255 1   0   0   0   254 255 254 255 3   0   255 255 255 255 254 255 
0   0   254 255 255 255 254 255 0   0   254 255 254 255 255 255 255 255 254 255 255 255 253 255 255 255 254 255 254 255 254 255 
255 255 0   0   0   0   254 255 255 255 255 255 255 255 255 255 0   0   0   0   0   0   254 255 255 255 0   0   255 255 255 255 
255 255 0   0   255 255 253 255 0   0   0   0   255 255 254 255 1   0   0   0   255 255 253 255 2   0   0   0   255 255 254 255 
3   0   0   0   255 255 254 255 10  0   255 255 254 255 254 255 1   0   0   0   254 255 254 255 3   0   255 255 255 255 254 255 
0   0   254 255 255 255 253 255 0   0   254 255 254 255 255 255 255 255 254 255 255 255 253 255 255 255 254 255 255 255 254 255 
255 255 0   0   0   0   254 255 255 255 255 255 255 255 255 255 0   0   0   0   0   0   254 255 255 255 0   0   255 255 255 255 
255 255 0   0   255 255 254 255 0   0   0   0   255 255 255 255 1   0   0   0   255 255 253 255 2   0   0   0   255 255 254 255 
3   0   0   0   255 255 254 255 10  0   255 255 254 255 254 255 1   0   0   0   254 255 254 255 3   0   255 255 255 255 254 255 
0   0   254 255 255 255 253 255 0   0   254 255 254 255 255 255 255 255 254 255 255 255 253 255 255 255 254 255 255 255 254 255 
255 255 255 255 0   0   254 255 255 255 255 255 255 255 255 255 0   0   0   0   0   0   255 255 255 255 0   0   255 255 255 255 
255 255 0   0   255 255 254 255 0   0   0   0   255 255 255 255 1   0   0   0   255 255 253 255 2   0   0   0   255 255 254 255 
3   0   0   0   255 255 254 255 10  0   255 255 254 255 254 255 1   0   0   0   254 255 254 255 3   0   255 255 255 255 254 255 
0   0   254 255 255 255 254 255 0   0   254 255 254 255 255 255 255 255 254 255 255 255 253 255 254 255 254 255 254 255 254 255 
255 255 255 255 0   0   254 255 255 255 255 255 255 255 255 255 0   0   0   0   0   0   255 255 255 255 0   0   255 255 255 255 
0   0   0   0   0   0   254 255 0   0   0   0   255 255 255 255 1   0   0   0   255 255 253 255 2   0   0   0   255 255 254 255 
3   0   0   0   255 255 254 255 10  0   255 255 254 255 254 255 0   0   255 255 254 255 254 255 3   0   255 255 254 255 254 255 
0   0   254 255 255 255 253 255 0   0   254 255 254 255 255 255 255 255 254 255 255 255 253 255 254 255 254 255 254 255 254 255 
255 255 255 255 0   0   254 255 255 255 255 255 255 255 255 255 0   0   0   0   0   0   255 255 255 255 0   0   255 255 255 255 
0   0   0   0   0   0   254 255 0   0   0   0   255 255 255 255 1   0   0   0   255 255 253 255 2   0   0   0   255 255 254 255 
3   0   0   0   255 255 254 255 10  0   255 255 254 255 254 255 1   0   0   0   254 255 254 255 3   0   255 255 254 255 254 255 
0   0   254 255 255 255 253 255 0   0   254 255 254 255 255 255 255 255 254 255 255 255 253 255 254 255 254 255 254 255 254 255 
255 255 255 255 0   0   254 255 255 255 255 255 255 255 255 255 0   0   0   0   0   0   255 255 255 255 0   0   255 255 255 255 
0   0   0   0   0   0   254 255 0   0   0   0   255 255 255 255 1   0   1   0   255 255 254 255 2   0   0   0   255 255 254 255 
3   0   0   0   255 255 254 255 11  0   255 255 254 255 254 255 1   0   0   0   254 255 254 255 3   0   255 255 254 255 254 255 
0   0   254 255 255 255 253 255 1   0   254 255 254 255 255 255 255 255 254 255 255 255 253 255 255 255 254 255 254 255 254 255 
255 255 255 255 0   0   254 255 255 255 255 255 255 255 255 255 0   0   0   0   0   0   255 255 255 255 0   0   0   0   255 255 
0   0   0   0   0   0   254 255 0   0   0   0   255 255 255 255 1   0   1   0   255 255 254 255 2   0   0   0   254 255 254 255 
3   0   0   0   255 255 254 255 11  0   255 255 254 255 254 255 1   0   0   0   254 255 254 255 3   0   255 255 254 255 254 255 
0   0   254 255 255 255 253 255 1   0   254 255 254 255 255 255 254 255 254 255 255 255 252 255 254 255 253 255 254 255 254 255 
255 255 255 255 0   0   254 255 255 255 255 255 255 255 255 255 0   0   0   0   0   0   255 255 255 255 0   0   0   0   255 255 
0   0   0   0   0   0   254 255 0   0   0   0   255 255 255 255 1   0   1   0   255 255 254 255 2   0   0   0   254 255 254 255 
3   0   0   0   255 255 254 255 10  0   255 255 254 255 254 255 1   0   255 255 254 255 254 255 2   0   255 255 254 255 254 255 
0   0   254 255 255 255 253 255 1   0   254 255 254 255 255 255 254 255 254 255 255 255 253 255 254 255 253 255 254 255 254 255 
255 255 255 255 0   0   254 255 255 255 255 255 255 255 255 255 0   0   0   0   0   0   255 255 255 255 0   0   0   0   255 255 
0   0   0   0   0   0   254 255 0   0   0   0   255 255 255 255 0   0   0   0   254 255 253 255 2   0   0   0   254 255 254 255 
2   0   0   0   254 255 254 255 10  0   255 255 254 255 254 255 1   0   255 255 254 255 254 255 3   0   255 255 254 255 254 255 
0   0   254 255 255 255 253 255 0   0   254 255 254 255 255 255 255 255 254 255 255 255 253 255 255 255 254 255 254 255 254 255 
255 255 255 255 0   0   254 255 255 255 255 255 255 255 255 255 0   0   0   0   0   0   254 255 255 255 0   0   0   0   255 255 
0   0   0   0   0   0   254 255 0   0   0   0   255 255 255 255 1   0   0   0   255 255 253 255 2   0   0   0   255 255 254 255 
2   0   0   0   254 255 254 255 10  0   255 255 254 255 254 255 1   0   255 255 254 255 254 255 3   0   255 255 255 255 254 255 
0   0   254 255 255 255 253 255 1   0   254 255 255 255 255 255 255 255 254 255 255 255 253 255 255 255 254 255 254 255 254 255 
255 255 255 255 0   0   254 255 255 255 255 255 255 255 255 255 0   0   0   0   0   0   254 255 255 255 0   0   0   0   255 255 
0   0   0   0   0   0   254 255 0   0   0   0   255 255 255 255 1   0   0   0   255 255 253 255 2   0   0   0   255 255 255 255 
2   0   0   0   254 255 254 255 10  0   255 255 254 255 254 255 1   0   255 255 255 255 254 255 3   0   255 255 255 255 254 255 
0   0   254 255 255 255 253 255 1   0   254 255 255 255 255 255 255 255 254 255 255 255 253 255 255 255 254 255 254 255 254 255 
255 255 255 255 0   0   254 255 255 255 255 255 255 255 255 255 0   0   0   0   0   0   254 255 255 255 0   0   0   0   255 255 
0   0   0   0   0   0   254 255 0   0   0   0   255 255 255 255 1   0   0   0   255 255 253 255 2   0   0   0   255 255 255 255 
2   0   0   0   254 255 254 255 10  0   255 255 254 255 254 255 1   0   255 255 255 255 254 255 3   0   255 255 255 255 254 255 
0   0   255 255 255 255 254 255 0   0   254 255 255 255 255 255 254 255 254 255 255 255 253 255 255 255 254 255 254 255 254 255 
255 255 255 255 0   0   254 255 255 255 255 255 255 255 255 255 0   0   0   0   0   0   255 255 255 255 0   0   0   0   255 255 
0   0   0   0   0   0   254 255 0   0   0   0   255 255 254 255 1   0   0   0   255 255 253 255 2   0   0   0   255 255 255 255 
2   0   0   0   254 255 254 255 10  0   255 255 254 255 254 255 1   0   255 255 255 255 254 255 3   0   255 255 255 255 254 255 
0   0   255 255 255 255 254 255 0   0   254 255 255 255 255 255 254 255 254 255 255 255 253 255 255 255 254 255 254 255 254 255 
255 255 255 255 0   0   254 255 255 255 255 255 255 255 255 255 0   0   0   0   0   0   255 255 255 255 0   0   0   0   255 255 
0   0   0   0   0   0   254 255 0   0   0   0   255 255 254 255 1   0   0   0   255 255 253 255 2   0   0   0   255 255 255 255 
3   0   0   0   255 255 254 255 10  0   255 255 254 255 254 255 1   0   255 255 255 255 254 255 3   0   255 255 255 255 254 255 
0   0   255 255 255 255 254 255 0   0   254 255 255 255 255 255 254 255 254 255 255 255 253 255 255 255 254 255 254 255 254 255 
255 255 255 255 0   0   254 255 255 255 255 255 255 255 255 255 0   0   0   0   0   0   255 255 255 255 0   0   0   0   255 255 
0   0   0   0   0   0   254 255 0   0   0   0   255 255 254 255 1   0   0   0   255 255 253 255 1   0   0   0   255 255 255 255 
3   0   0   0   255 255 254 255 10  0   255 255 254 255 254 255 1   0   0   0   255 255 254 255 3   0   255 255 255 255 254 255 
0   0   255 255 255 255 254 255 0   0   254 255 255 255 255 255 254 255 254 255 255 255 253 255 255 255 254 255 254 255 254 255 
255 255 255 255 0   0   254 255 255 255 255 255 255 255 255 255 0   0   0   0   0   0   255 255 255 255 0   0   0   0   255 255 
0   0   0   0   0   0   254 255 0   0   0   0   255 255 254 255 1   0   0   0   255 255 254 255 1   0   0   0   255 255 255 255 
3   0   0   0   255 255 254 255 10  0   255 255 254 255 254 255 1   0   0   0   255 255 254 255 3   0   255 255 255 255 254 255 
0   0   254 255 255 255 253 255 1   0   254 255 255 255 255 255 254 255 254 255 255 255 253 255 255 255 254 255 254 255 254 255 
255 255 0   0   0   0   255 255 255 255 255 255 255 255 255 255 0   0   0   0   0   0   255 255 255 255 0   0   0   0   255 255 
0   0   0   0   0   0   254 255 1   0   0   0   255 255 254 255 1   0   0   0   255 255 253 255 1   0   0   0   255 255 255 255 
3   0   0   0   255 255 254 255 10  0   255 255 254 255 254 255 1   0   0   0   255 255 254 255 3   0   255 255 255 255 254 255 
0   0   255 255 255 255 254 255 1   0   254 255 255 255 255 255 254 255 254 255 255 255 253 255 255 255 254 255 254 255 254 255 
255 255 0   0   0   0   254 255 255 255 255 255 255 255 255 255 0   0   0   0   0   0   255 255 255 255 0   0   0   0   255 255 
0   0   0   0   0   0   254 255 1   0   0   0   255 255 254 255 1   0   0   0   255 255 253 255 2   0   0   0   255 255 255 255 
3   0   0   0   255 255 254 255 10  0   255 255 254 255 254 255 1   0   0   0   255 255 254 255 3   0   255 255 255 255 254 255 
0   0   255 255 255 255 254 255 1   0   254 255 255 255 255 255 255 255 254 255 255 255 253 255 255 255 254 255 254 255 254 255 
255 255 255 255 0   0   253 255 255 255 255 255 255 255 255 255 0   0   0   0   0   0   255 255 255 255 0   0   0   0   255 255 
0   0   0   0   0   0   254 255 1   0   0   0   255 255 254 255 1   0   0   0   255 255 253 255 2   0   0   0   255 255 255 255 
2   0   0   0   254 255 254 255 10  0   255 255 254 255 254 255 1   0   0   0   255 255 254 255 3   0   255 255 255 255 254 255 
0   0   254 255 255 255 254 255 1   0   254 255 255 255 255 255 255 255 254 255 255 255 253 255 255 255 254 255 254 255 254 255 
255 255 255 255 0   0   253 255 255 255 255 255 255 255 255 255 0   0   0   0   0   0   255 255 255 255 0   0   0   0   255 255 
0   0   0   0   0   0   254 255 1   0   0   0   255 255 254 255 1   0   0   0   255 255 253 255 2   0   0   0   255 255 255 255 
2   0   0   0   254 255 254 255 10  0   255 255 254 255 254 255 1   0   0   0   255 255 254 255 3   0   255 255 255 255 254 255 
0   0   255 255 255 255 253 255 0   0   254 255 255 255 255 255 255 255 254 255 255 255 253 255 255 255 254 255 254 255 254 255 
255 255 255 255 0   0   254 255 255 255 255 255 255 255 255 255 0   0   0   0   0   0   255 255 255 255 0   0   0   0   255 255 
0   0   0   0   0   0   254 255 0   0   0   0   255 255 254 255 1   0   0   0   255 255 253 255 1   0   0   0   254 255 254 255 
2   0   0   0   254 255 254 255 10  0   255 255 254 255 254 255 1   0   0   0   255 255 254 255 3   0   255 255 254 255 254 255 
0   0   255 255 255 255 253 255 0   0   254 255 255 255 255 255 254 255 254 255 255 255 253 255 255 255 254 255 254 255 254 255 
255 255 255 255 0   0   254 255 255 255 255 255 255 255 255 255 0   0   0   0   0   0   255 255 255 255 0   0   0   0   255 255 
0   0   0   0   255 255 253 255 0   0   0   0   255 255 254 255 1   0   0   0   255 255 253 255 1   0   0   0   254 255 254 255 
2   0   0   0   254 255 254 255 10  0   255 255 254 255 254 255 1   0   0   0   255 255 254 255 3   0   255 255 254 255 254 255 
0   0   255 255 255 255 253 255 0   0   254 255 255 255 255 255 254 255 254 255 255 255 253 255 255 255 254 255 254 255 254 255 
255 255 255 255 255 255 253 255 255 255 255 255 255 255 255 255 0   0   0   0   0   0   255 255 255 255 0   0   0   0   255 255 
0   0   0   0   255 255 253 255 0   0   0   0   255 255 254 255 1   0   0   0   255 255 253 255 1   0   0   0   254 255 254 255 
2   0   0   0   254 255 254 255 10  0   255 255 254 255 254 255 1   0   0   0   255 255 254 255 3   0   255 255 254 255 254 255 
0   0   255 255 255 255 253 255 1   0   254 255 255 255 255 255 255 255 254 255 255 255 253 255 255 255 254 255 254 255 254 255 
255 255 255 255 255 255 254 255 255 255 255 255 255 255 255 255 0   0   0   0   0   0   255 255 255 255 0   0   0   0   255 255 
0   0   0   0   0   0   254 255 0   0   0   0   255 255 255 255 1   0   0   0   255 255 254 255 1   0   0   0   254 255 255 255 
2   0   0   0   254 255 254 255 10  0   255 255 254 255 254 255 1   0   0   0   255 255 254 255 3   0   255 255 254 255 254 255 
0   0   255 255 255 255 254 255 1   0   254 255 255 255 255 255 254 255 253 255 254 255 252 255 255 255 254 255 254 255 254 255 
255 255 255 255 0   0   255 255 255 255 255 255 255 255 255 255 0   0   0   0   0   0   255 255 255 255 0   0   0   0   255 255 
0   0   0   0   0   0   254 255 0   0   0   0   255 255 255 255 1   0   0   0   255 255 254 255 1   0   0   0   254 255 255 255 
2   0   0   0   254 255 254 255 10  0   255 255 254 255 254 255 1   0   0   0   255 255 254 255 3   0   255 255 254 255 254 255 
0   0   255 255 255 255 254 255 1   0   254 255 255 255 255 255 254 255 253 255 254 255 253 255 255 255 254 255 255 255 254 255 
255 255 255 255 0   0   255 255 255 255 255 255 255 255 255 255 0   0   0   0   0   0   255 255 255 255 0   0   0   0   255 255 
0   0   0   0   0   0   254 255 0   0   0   0   255 255 255 255 1   0   0   0   255 255 254 255 1   0   0   0   254 255 254 255 
2   0   0   0   254 255 254 255 11  0   255 255 254 255 254 255 1   0   0   0   255 255 254 255 3   0   255 255 254 255 254 255 
0   0   0   0   255 255 255 255 1   0   254 255 255 255 255 255 255 255 254 255 255 255 253 255 255 255 254 255 255 255 254 255 
255 255 255 255 0   0   255 255 255 255 255 255 255 255 255 255 0   0   0   0   0   0   255 255 255 255 0   0   0   0   255 255 
0   0   0   0   0   0   254 255 0   0   0   0   255 255 255 255 1   0   0   0   255 255 254 255 1   0   0   0   255 255 255 255 
2   0   0   0   254 255 254 255 11  0   255 255 254 255 254 255 1   0   0   0   255 255 254 255 3   0   255 255 254 255 254 255 
0   0   0   0   255 255 255 255 1   0   254 255 255 255 255 255 255 255 254 255 255 255 253 255 255 255 254 255 255 255 254 255 
255 255 255 255 0   0   255 255 255 255 255 255 255 255 255 255 0   0   0   0   0   0   255 255 255 255 0   0   0   0   255 255 
0   0   0   0   0   0   254 255 0   0   0   0   255 255 255 255 1   0   0   0   255 255 254 255 1   0   0   0   255 255 255 255 
2   0   0   0   254 255 254 255 11  0   255 255 254 255 254 255 1   0   0   0   255 255 254 255 3   0   255 255 254 255 254 255 
0   0   0   0   255 255 255 255 0   0   254 255 255 255 255 255 255 255 254 255 255 255 253 255 255 255 254 255 255 255 254 255 
255 255 255 255 255 255 254 255 255 255 255 255 255 255 255 255 0   0   0   0   0   0   254 255 255 255 0   0   0   0   255 255 
0   0   0   0   0   0   254 255 0   0   0   0   255 255 255 255 1   0   0   0   255 255 254 255 1   0   0   0   255 255 255 255 
2   0   0   0   254 255 254 255 11  0   255 255 254 255 253 255 1   0   0   0   255 255 254 255 3   0   255 255 254 255 254 255 
0   0   0   0   255 255 255 255 0   0   254 255 255 255 255 255 255 255 254 255 255 255 253 255 255 255 254 255 255 255 254 255 
255 255 255 255 0   0   255 255 255 255 255 255 255 255 255 255 0   0   0   0   0   0   255 255 255 255 0   0   0   0   255 255 
0   0   0   0   0   0   254 255 0   0   0   0   255 255 254 255 1   0   0   0   255 255 254 255 1   0   0   0   255 255 255 255 
2   0   0   0   254 255 254 255 11  0   255 255 254 255 253 255 1   0   0   0   255 255 254 255 3   0   255 255 254 255 254 255 
0   0   0   0   255 255 255 255 0   0   254 255 255 255 255 255 255 255 254 255 255 255 253 255 255 255 254 255 255 255 254 255 
255 255 255 255 0   0   255 255 255 255 255 255 255 255 255 255 0   0   0   0   0   0   255 255 255 255 0   0   0   0   255 255 
0   0   0   0   0   0   254 255 0   0   0   0   255 255 254 255 1   0   0   0   255 255 254 255 2   0   0   0   255 255 255 255 
2   0   0   0   254 255 254 255 11  0   255 255 254 255 254 255 1   0   0   0   255 255 254 255 3   0   255 255 254 255 254 255 
0   0   0   0   255 255 255 255 0   0   254 255 255 255 255 255 255 255 254 255 255 255 253 255 255 255 254 255 255 255 254 255 
255 255 255 255 0   0   255 255 255 255 255 255 255 255 255 255 0   0   0   0   0   0   255 255 255 255 0   0   0   0   255 255 
0   0   0   0   0   0   254 255 0   0   255 255 255 255 254 255 1   0   0   0   255 255 254 255 2   0   0   0   255 255 255 255 
2   0   0   0   254 255 254 255 11  0   255 255 254 255 254 255 1   0   0   0   255 255 254 255 3   0   255 255 255 255 254 255 
0   0   0   0   255 255 255 255 0   0   254 255 255 255 255 255 255 255 254 255 255 255 253 255 255 255 254 255 255 255 254 255 
255 255 255 255 0   0   255 255 255 255 255 255 255 255 255 255 0   0   0   0   0   0   255 255 255 255 0   0   0   0   255 255 
0   0   0   0   0   0   254 255 0   0   255 255 255 255 254 255 1   0   0   0   255 255 254 255 2   0   0   0   255 255 255 255 
2   0   0   0   254 255 254 255 11  0   255 255 254 255 254 255 1   0   0   0   255 255 254 255 3   0   255 255 255 255 254 255 
0   0   255 255 254 255 254 255 0   0   254 255 255 255 255 255 255 255 254 255 255 255 253 255 255 255 254 255 255 255 254 255 
255 255 255 255 0   0   255 255 255 255 255 255 255 255 255 255 0   0   0   0   0   0   255 255 255 255 0   0   0   0   255 255 
0   0   0   0   0   0   254 255 0   0   0   0   255 255 255 255 1   0   0   0   255 255 254 255 2   0   0   0   255 255 255 255 
2   0   255 255 254 255 254 255 11  0   255 255 254 255 254 255 1   0   0   0   255 255 254 255 3   0   255 255 255 255 254 255 
0   0   255 255 254 255 254 255 0   0   254 255 255 255 255 255 255 255 254 255 255 255 253 255 255 255 254 255 255 255 254 255 
255 255 255 255 0   0   255 255 255 255 255 255 255 255 254 255 0   0   0   0   0   0   255 255 255 255 0   0   0   0   255 255 
255 255 0   0   255 255 253 255 0   0   0   0   255 255 254 255 1   0   0   0   255 255 254 255 2   0   0   0   255 255 255 255 
2   0   255 255 254 255 254 255 11  0   255 255 254 255 254 255 1   0   0   0   255 255 254 255 3   0   255 255 255 255 254 255 
0   0   255 255 254 255 254 255 0   0   254 255 255 255 255 255 255 255 254 255 255 255 253 255 255 255 254 255 255 255 254 255 
255 255 255 255 0   0   254 255 255 255 255 255 255 255 255 255 0   0   0   0   0   0   255 255 255 255 0   0   0   0   255 255 
255 255 0   0   255 255 254 255 0   0   0   0   255 255 254 255 1   0   0   0   255 255 254 255 2   0   0   0   255 255 255 255 
2   0   255 255 254 255 254 255 11  0   255 255 254 255 254 255 1   0   0   0   255 255 254 255 3   0   255 255 255 255 254 255 
0   0   255 255 255 255 254 255 1   0   254 255 255 255 255 255 255 255 254 255 255 255 253 255 255 255 254 255 255 255 254 255 
255 255 255 255 0   0   254 255 255 255 255 255 255 255 255 255 0   0   0   0   0   0   255 255 255 255 0   0   0   0   255 255 
255 255 0   0   0   0   254 255 0   0   0   0   255 255 254 255 1   0   0   0   255 255 254 255 2   0   0   0   255 255 255 255 
2   0   255 255 254 255 254 255 11  0   255 255 254 255 254 255 1   0   0   0   255 255 254 255 3   0   255 255 254 255 254 255 
0   0   255 255 255 255 254 255 0   0   254 255 255 255 255 255 255 255 254 255 255 255 253 255 255 255 254 255 255 255 254 255 
255 255 255 255 0   0   255 255 255 255 255 255 255 255 255 255 0   0   0   0   0   0   255 255 255 255 0   0   0   0   255 255 
255 255 0   0   0   0   254 255 0   0   0   0   255 255 254 255 1   0   0   0   255 255 254 255 2   0   0   0   255 255 255 255 
2   0   255 255 254 255 253 255 11  0   255 255 254 255 254 255 1   0   0   0   255 255 254 255 3   0   255 255 254 255 254 255 
0   0   255 255 255 255 254 255 1   0   254 255 255 255 255 255 255 255 254 255 255 255 253 255 255 255 254 255 255 255 254 255 
255 255 255 255 0   0   255 255 255 255 255 255 255 255 255 255 0   0   0   0   0   0   255 255 255 255 0   0   0   0   255 255 
255 255 0   0   255 255 254 255 0   0   0   0   255 255 254 255 1   0   0   0   255 255 254 255 2   0   0   0   255 255 255 255 
2   0   255 255 254 255 253 255 11  0   255 255 254 255 254 255 1   0   0   0   255 255 254 255 3   0   255 255 254 255 254 255 
1   0   0   0   255 255 255 255 1   0   254 255 255 255 255 255 255 255 255 255 255 255 253 255 255 255 254 255 255 255 254 255 
255 255 255 255 0   0   255 255 255 255 255 255 255 255 255 255 0   0   0   0   0   0   255 255 255 255 0   0   0   0   255 255 
255 255 0   0   255 255 254 255 0   0   0   0   255 255 254 255 1   0   0   0   255 255 254 255 2   0   0   0   255 255 255 255 
2   0   255 255 254 255 254 255 11  0   255 255 254 255 254 255 1   0   0   0   255 255 254 255 3   0   255 255 254 255 254 255 
1   0   0   0   255 255 255 255 1   0   254 255 255 255 255 255 255 255 255 255 255 255 253 255 255 255 254 255 255 255 254 255 
255 255 255 255 0   0   255 255 255 255 0   0   255 255 255 255 0   0   0   0   0   0   255 255 255 255 0   0   0   0   255 255 
255 255 0   0   255 255 254 255 0   0   0   0   255 255 254 255 1   0   0   0   255 255 254 255 2   0   0   0   255 255 255 255 
2   0   255 255 254 255 254 255 11  0   255 255 254 255 254 255 1   0   0   0   255 255 254 255 3   0   255 255 254 255 254 255 
1   0   0   0   255 255 255 255 1   0   254 255 255 255 255 255 255 255 254 255 255 255 253 255 255 255 254 255 255 255 254 255 
255 255 255 255 0   0   255 255 255 255 0   0   255 255 255 255 0   0   0   0   0   0   255 255 255 255 0   0   0   0   255 255 
255 255 0   0   255 255 254 255 0   0   0   0   255 255 254 255 1   0   0   0   255 255 254 255 2   0   0   0   255 255 255 255 
2   0   255 255 254 255 254 255 11  0   255 255 254 255 254 255 1   0   0   0   255 255 254 255 3   0   255 255 254 255 254 255 
1   0   0   0   255 255 255 255 1   0   254 255 255 255 255 255 255 255 254 255 255 255 253 255 255 255 254 255 255 255 254 255 
255 255 255 255 0   0   255 255 255 255 0   0   255 255 255 255 0   0   0   0   0   0   255 255 255 255 0   0   0   0   255 255 
255 255 0   0   255 255 254 255 0   0   255 255 255 255 254 255 0   0   0   0   255 255 254 255 2   0   0   0   255 255 255 255 
2   0   255 255 254 255 254 255 11  0   255 255 254 255 254 255 2   0   0   0   255 255 254 255 3   0   255 255 255 255 254 255 
1   0   0   0   255 255 255 255 1   0   254 255 255 255 255 255 255 255 254 255 255 255 253 255 255 255 254 255 255 255 254 255 
255 255 255 255 0   0   255 255 255 255 0   0   255 255 255 255 0   0   0   0   0   0   254 255 255 255 0   0   255 255 254 255 
255 255 0   0   255 255 254 255 0   0   255 255 255 255 254 255 0   0   0   0   255 255 254 255 2   0   0   0   255 255 255 255 
3   0   0   0   254 255 254 255 11  0   255 255 254 255 254 255 2   0   0   0   255 255 254 255 3   0   255 255 255 255 254 255 
1   0   0   0   255 255 255 255 1   0   254 255 255 255 255 255 255 255 254 255 255 255 253 255 255 255 254 255 255 255 254 255 
255 255 255 255 0   0   254 255 255 255 0   0   255 255 255 255 0   0   0   0   0   0   255 255 255 255 0   0   0   0   255 255 
255 255 0   0   255 255 254 255 0   0   255 255 255 255 254 255 0   0   0   0   255 255 254 255 2   0   0   0   255 255 255 255 
3   0   0   0   254 255 254 255 10  0   255 255 254 255 254 255 2   0   0   0   255 255 254 255 4   0   255 255 255 255 254 255 
1   0   0   0   255 255 255 255 0   0   254 255 255 255 255 255 255 255 254 255 255 255 253 255 255 255 254 255 255 255 254 255 
255 255 255 255 0   0   255 255 255 255 255 255 255 255 255 255 0   0   0   0   0   0   254 255 255 255 0   0   0   0   255 255 
0   0   0   0   0   0   254 255 0   0   255 255 255 255 254 255 0   0   0   0   255 255 255 255 1   0   0   0   255 255 255 255 
2   0   255 255 254 255 254 255 10  0   255 255 254 255 253 255 1   0   0   0   255 255 254 255 3   0   255 255 255 255 254 255 
0   0   255 255 255 255 255 255 1   0   255 255 255 255 255 255 255 255 254 255 255 255 253 255 255 255 254 255 255 255 254 255 
255 255 255 255 0   0   255 255 255 255 255 255 255 255 255 255 0   0   0   0   0   0   255 255 255 255 0   0   0   0   255 255 
0   0   0   0   0   0   254 255 0   0   255 255 255 255 254 255 0   0   0   0   255 255 254 255 1   0   0   0   255 255 255 255 
2   0   255 255 254 255 254 255 10  0   255 255 254 255 253 255 1   0   0   0   255 255 254 255 3   0   255 255 255 255 254 255 
1   0   0   0   255 255 255 255 1   0   255 255 255 255 255 255 255 255 254 255 255 255 253 255 255 255 254 255 255 255 254 255 
255 255 255 255 0   0   255 255 255 255 255 255 255 255 255 255 0   0   0   0   0   0   255 255 255 255 0   0   0   0   255 255 
0   0   0   0   0   0   254 255 0   0   255 255 255 255 254 255 0   0   0   0   255 255 254 255 1   0   0   0   255 255 255 255 
2   0   255 255 254 255 254 255 11  0   255 255 254 255 254 255 1   0   0   0   255 255 254 255 4   0   255 255 255 255 254 255 
1   0   0   0   255 255 255 255 1   0   255 255 255 255 255 255 255 255 254 255 255 255 254 255 255 255 254 255 255 255 254 255 
255 255 255 255 0   0   255 255 255 255 255 255 255 255 255 255 0   0   0   0   0   0   255 255 255 255 0   0   0   0   255 255 
0   0   0   0   0   0   254 255 0   0   255 255 255 255 254 255 0   0   0   0   255 255 254 255 1   0   0   0   255 255 255 255 
2   0   255 255 254 255 254 255 11  0   255 255 254 255 254 255 1   0   0   0   255 255 254 255 4   0   255 255 255 255 254 255 
1   0   0   0   255 255 255 255 1   0   255 255 255 255 255 255 255 255 254 255 255 255 254 255 255 255 254 255 255 255 254 255 
255 255 255 255 0   0   255 255 255 255 255 255 255 255 254 255 0   0   0   0   0   0   255 255 255 255 0   0   0   0   255 255 
0   0   0   0   0   0   254 255 0   0   255 255 255 255 254 255 0   0   0   0   255 255 254 255 1   0   0   0   255 255 255 255 
2   0   255 255 254 255 254 255 11  0   255 255 254 255 254 255 1   0   0   0   255 255 254 255 4   0   255 255 255 255 254 255 
0   0   0   0   255 255 254 255 1   0   254 255 255 255 255 255 255 255 254 255 255 255 253 255 255 255 254 255 255 255 254 255 
255 255 255 255 0   0   255 255 255 255 255 255 255 255 255 255 0   0   0   0   0   0   255 255 255 255 0   0   0   0   255 255 
0   0   0   0   0   0   254 255 0   0   255 255 255 255 254 255 0   0   0   0   255 255 254 255 1   0   0   0   255 255 255 255 
2   0   255 255 254 255 254 255 10  0   255 255 254 255 253 255 1   0   0   0   255 255 254 255 4   0   255 255 255 255 254 255 
0   0   0   0   255 255 254 255 1   0   254 255 255 255 255 255 255 255 254 255 255 255 253 255 255 255 254 255 255 255 254 255 
255 255 255 255 0   0   255 255 255 255 255 255 255 255 255 255 0   0   0   0   0   0   254 255 255 255 0   0   0   0   255 255 
0   0   0   0   0   0   254 255 0   0   255 255 255 255 254 255 0   0   0   0   255 255 254 255 1   0   0   0   255 255 255 255 
2   0   255 255 254 255 254 255 10  0   255 255 254 255 254 255 1   0   0   0   255 255 254 255 4   0   0   0   255 255 254 255 
0   0   0   0   255 255 254 255 1   0   254 255 255 255 255 255 255 255 254 255 255 255 253 255 255 255 254 255 255 255 254 255 
255 255 255 255 0   0   255 255 255 255 255 255 255 255 255 255 0   0   0   0   0   0   254 255 255 255 0   0   0   0   255 255 
0   0   0   0   0   0   254 255 0   0   255 255 255 255 254 255 0   0   0   0   254 255 254 255 1   0   0   0   255 255 255 255 
2   0   255 255 254 255 253 255 11  0   255 255 254 255 254 255 1   0   255 255 255 255 254 255 4   0   0   0   255 255 254 255 
0   0   0   0   255 255 255 255 1   0   254 255 255 255 255 255 255 255 254 255 255 255 253 255 255 255 254 255 255 255 254 255 
255 255 255 255 255 255 254 255 255 255 255 255 255 255 255 255 0   0   0   0   0   0   254 255 255 255 0   0   0   0   255 255 
255 255 0   0   255 255 254 255 0   0   255 255 255 255 254 255 0   0   0   0   254 255 254 255 2   0   0   0   255 255 255 255 
2   0   255 255 254 255 253 255 11  0   255 255 254 255 254 255 1   0   255 255 255 255 254 255 3   0   255 255 255 255 254 255 
0   0   0   0   255 255 254 255 1   0   254 255 255 255 255 255 255 255 254 255 255 255 253 255 255 255 254 255 255 255 254 255 
255 255 255 255 255 255 255 255 255 255 255 255 255 255 255 255 0   0   0   0   0   0   254 255 255 255 0   0   0   0   255 255 
255 255 0   0   255 255 254 255 0   0   255 255 255 255 254 255 0   0   0   0   254 255 254 255 2   0   0   0   255 255 255 255 
2   0   255 255 254 255 253 255 10  0   255 255 254 255 254 255 1   0   255 255 255 255 254 255 3   0   255 255 255 255 254 255 
0   0   0   0   255 255 254 255 1   0   254 255 255 255 255 255 255 255 254 255 255 255 253 255 255 255 254 255 255 255 254 255 
255 255 255 255 255 255 255 255 255 255 255 255 255 255 255 255 0   0   0   0   0   0   255 255 255 255 0   0   255 255 255 255 
255 255 0   0   255 255 254 255 0   0   255 255 255 255 254 255 0   0   0   0   254 255 254 255 2   0   0   0   255 255 255 255 
2   0   255 255 254 255 253 255 10  0   255 255 254 255 254 255 1   0   255 255 255 255 254 255 3   0   255 255 255 255 254 255 
0   0   0   0   255 255 254 255 1   0   254 255 255 255 255 255 255 255 254 255 255 255 253 255 255 255 254 255 255 255 254 255 
255 255 255 255 255 255 254 255 255 255 255 255 255 255 254 255 0   0   0   0   0   0   255 255 0   0   0   0   0   0   255 255 
255 255 0   0   255 255 254 255 0   0   255 255 255 255 254 255 0   0   0   0   254 255 254 255 2   0   0   0   255 255 255 255 
2   0   255 255 254 255 254 255 11  0   255 255 254 255 254 255 1   0   255 255 255 255 254 255 3   0   255 255 255 255 254 255 
0   0   0   0   255 255 254 255 1   0   254 255 255 255 255 255 255 255 254 255 255 255 253 255 255 255 254 255 255 255 254 255 
255 255 255 255 255 255 254 255 255 255 255 255 255 255 255 255 0   0   0   0   0   0   255 255 0   0   0   0   255 255 255 255 
0   0   0   0   255 255 254 255 0   0   255 255 255 255 254 255 0   0   0   0   254 255 254 255 2   0   0   0   255 255 255 255 
2   0   255 255 254 255 254 255 11  0   255 255 254 255 254 255 1   0   255 255 255 255 254 255 3   0   255 255 255 255 254 255 
0   0   0   0   255 255 254 255 1   0   254 255 255 255 255 255 255 255 254 255 255 255 253 255 255 255 254 255 255 255 254 255 
255 255 255 255 0   0   255 255 255 255 255 255 255 255 255 255 0   0   0   0   0   0   255 255 0   0   0   0   255 255 255 255 
0   0   0   0   255 255 254 255 0   0   255 255 255 255 254 255 0   0   0   0   254 255 254 255 2   0   0   0   255 255 255 255 
2   0   255 255 254 255 254 255 11  0   255 255 254 255 254 255 0   0   255 255 255 255 254 255 2   0   255 255 254 255 254 255 
0   0   0   0   255 255 254 255 1   0   254 255 255 255 255 255 255 255 254 255 255 255 253 255 255 255 254 255 255 255 254 255 
255 255 255 255 0   0   255 255 255 255 255 255 255 255 255 255 0   0   0   0   0   0   254 255 0   0   0   0   255 255 254 255 
0   0   0   0   255 255 254 255 0   0   255 255 255 255 254 255 0   0   0   0   254 255 254 255 2   0   0   0   255 255 255 255 
2   0   255 255 254 255 254 255 11  0   255 255 254 255 254 255 0   0   255 255 255 255 254 255 3   0   255 255 254 255 254 255 
0   0   0   0   255 255 255 255 1   0   254 255 255 255 255 255 255 255 254 255 255 255 253 255 255 255 254 255 255 255 254 255 
255 255 255 255 0   0   255 255 255 255 255 255 255 255 255 255 0   0   0   0   0   0   255 255 0   0   0   0   255 255 255 255 
0   0   0   0   0   0   255 255 1   0   255 255 255 255 255 255 0   0   0   0   254 255 254 255 2   0   0   0   255 255 255 255 
2   0   255 255 254 255 254 255 11  0   255 255 254 255 254 255 0   0   255 255 255 255 254 255 3   0   255 255 254 255 254 255 
0   0   0   0   255 255 255 255 0   0   254 255 255 255 255 255 255 255 254 255 255 255 253 255 255 255 254 255 255 255 254 255 
255 255 255 255 0   0   255 255 255 255 255 255 255 255 255 255 0   0   0   0   0   0   255 255 0   0   0   0   255 255 255 255 
0   0   0   0   0   0   254 255 0   0   255 255 254 255 254 255 0   0   0   0   254 255 254 255 2   0   0   0   255 255 255 255 
2   0   255 255 254 255 254 255 10  0   255 255 254 255 254 255 1   0   0   0   255 255 254 255 3   0   255 255 254 255 254 255 
0   0   0   0   255 255 255 255 0   0   254 255 255 255 255 255 255 255 254 255 255 255 253 255 0   0   254 255 255 255 254 255 
255 255 255 255 0   0   255 255 255 255 255 255 255 255 255 255 0   0   0   0   0   0   255 255 0   0   0   0   0   0   255 255 
0   0   0   0   0   0   254 255 0   0   255 255 255 255 254 255 0   0   0   0   254 255 254 255 2   0   0   0   255 255 255 255 
2   0   255 255 254 255 254 255 10  0   255 255 254 255 253 255 1   0   255 255 255 255 254 255 3   0   255 255 254 255 254 255 
0   0   0   0   255 255 255 255 0   0   254 255 255 255 255 255 255 255 254 255 255 255 253 255 0   0   254 255 255 255 254 255 
255 255 255 255 0   0   255 255 255 255 255 255 255 255 255 255 0   0   0   0   0   0   255 255 0   0   0   0   0   0   255 255 
0   0   0   0   0   0   254 255 0   0   255 255 255 255 255 255 0   0   0   0   254 255 253 255 2   0   0   0   255 255 255 255 
1   0   255 255 254 255 254 255 10  0   255 255 254 255 254 255 1   0   255 255 255 255 254 255 4   0   255 255 254 255 254 255 
0   0   255 255 255 255 255 255 1   0   255 255 255 255 255 255 255 255 254 255 255 255 253 255 255 255 254 255 255 255 254 255 
255 255 255 255 0   0   255 255 255 255 255 255 255 255 255 255 0   0   0   0   0   0   255 255 255 255 0   0   255 255 255 255 
255 255 0   0   255 255 254 255 0   0   255 255 255 255 255 255 1   0   0   0   255 255 254 255 2   0   0   0   255 255 255 255 
1   0   255 255 254 255 254 255 10  0   255 255 254 255 254 255 1   0   255 255 255 255 254 255 4   0   255 255 255 255 255 255 
0   0   255 255 255 255 255 255 1   0   255 255 255 255 255 255 255 255 254 255 255 255 253 255 255 255 254 255 255 255 254 255 
255 255 255 255 0   0   255 255 255 255 255 255 255 255 255 255 0   0   0   0   0   0   254 255 255 255 0   0   255 255 255 255 
255 255 0   0   255 255 254 255 0   0   255 255 254 255 255 255 1   0   0   0   255 255 255 255 2   0   0   0   255 255 255 255 
1   0   255 255 254 255 254 255 10  0   255 255 254 255 254 255 1   0   255 255 255 255 254 255 4   0   255 255 255 255 255 255 
0   0   255 255 255 255 255 255 0   0   255 255 255 255 255 255 255 255 254 255 255 255 253 255 254 255 253 255 254 255 254 255 
255 255 0   0   0   0   255 255 255 255 255 255 255 255 255 255 0   0   0   0   0   0   254 255 255 255 0   0   255 255 255 255 
0   0   0   0   255 255 254 255 0   0   255 255 254 255 255 255 0   0   0   0   255 255 254 255 2   0   0   0   255 255 255 255 
1   0   255 255 254 255 254 255 10  0   255 255 254 255 254 255 0   0   255 255 255 255 254 255 4   0   255 255 255 255 255 255 
0   0   255 255 254 255 254 255 0   0   255 255 255 255 255 255 255 255 254 255 255 255 253 255 255 255 254 255 255 255 254 255 
255 255 0   0   0   0   255 255 0   0   0   0   255 255 255 255 0   0   0   0   255 255 254 255 255 255 0   0   255 255 255 255 
0   0   0   0   255 255 254 255 0   0   255 255 254 255 255 255 0   0   0   0   255 255 254 255 2   0   0   0   255 255 255 255 
1   0   255 255 254 255 254 255 10  0   255 255 254 255 254 255 0   0   255 255 255 255 254 255 4   0   255 255 255 255 255 255 
0   0   255 255 254 255 254 255 0   0   255 255 255 255 255 255 255 255 254 255 255 255 253 255 255 255 254 255 255 255 254 255 
255 255 0   0   0   0   254 255 0   0   0   0   255 255 255 255 0   0   0   0   255 255 254 255 255 255 0   0   0   0   255 255 
0   0   0   0   255 255 254 255 0   0   255 255 254 255 255 255 0   0   0   0   255 255 254 255 2   0   0   0   255 255 255 255 
2   0   255 255 254 255 254 255 10  0   255 255 254 255 254 255 0   0   255 255 255 255 254 255 4   0   255 255 255 255 255 255 
0   0   255 255 254 255 254 255 0   0   255 255 255 255 255 255 255 255 254 255 255 255 253 255 255 255 254 255 255 255 254 255 
255 255 0   0   0   0   254 255 255 255 255 255 255 255 255 255 0   0   0   0   255 255 254 255 255 255 0   0   0   0   255 255 
0   0   0   0   255 255 254 255 0   0   255 255 254 255 255 255 0   0   0   0   255 255 254 255 2   0   0   0   255 255 255 255 
2   0   255 255 254 255 254 255 10  0   255 255 254 255 255 255 1   0   0   0   255 255 254 255 4   0   255 255 255 255 255 255 
0   0   255 255 254 255 254 255 0   0   255 255 255 255 255 255 255 255 254 255 255 255 254 255 254 255 253 255 254 255 253 255 
255 255 0   0   0   0   254 255 255 255 255 255 255 255 255 255 0   0   0   0   255 255 255 255 255 255 0   0   0   0   255 255 
0   0   0   0   255 255 254 255 0   0   255 255 255 255 255 255 0   0   0   0   255 255 254 255 2   0   0   0   255 255 255 255 
2   0   255 255 254 255 254 255 11  0   255 255 254 255 255 255 1   0   0   0   255 255 254 255 4   0   255 255 255 255 255 255 
0   0   255 255 255 255 254 255 1   0   255 255 255 255 255 255 255 255 254 255 255 255 254 255 255 255 253 255 254 255 254 255 
255 255 0   0   0   0   254 255 255 255 255 255 255 255 255 255 0   0   0   0   255 255 255 255 255 255 0   0   0   0   255 255 
255 255 255 255 255 255 253 255 0   0   255 255 255 255 255 255 0   0   0   0   255 255 254 255 2   0   0   0   255 255 255 255 
2   0   255 255 254 255 254 255 11  0   255 255 254 255 255 255 1   0   0   0   255 255 254 255 3   0   255 255 255 255 254 255 
0   0   0   0   255 255 255 255 1   0   255 255 255 255 255 255 255 255 254 255 255 255 254 255 255 255 254 255 254 255 254 255 
255 255 0   0   0   0   254 255 255 255 255 255 255 255 255 255 0   0   0   0   255 255 254 255 255 255 0   0   255 255 255 255 
255 255 255 255 0   0   254 255 0   0   255 255 255 255 255 255 0   0   0   0   255 255 254 255 2   0   0   0   255 255 255 255 
2   0   255 255 254 255 254 255 11  0   255 255 254 255 255 255 1   0   0   0   255 255 254 255 4   0   255 255 255 255 254 255 
0   0   0   0   255 255 255 255 1   0   255 255 255 255 255 255 255 255 254 255 255 255 254 255 255 255 254 255 254 255 254 255 
255 255 0   0   0   0   254 255 255 255 255 255 255 255 255 255 0   0   0   0   0   0   255 255 255 255 0   0   255 255 255 255 
255 255 255 255 0   0   254 255 0   0   255 255 255 255 255 255 0   0   0   0   255 255 254 255 2   0   0   0   255 255 255 255 
2   0   255 255 254 255 254 255 11  0   255 255 254 255 255 255 1   0   0   0   255 255 254 255 4   0   255 255 255 255 254 255 
0   0   0   0   255 255 255 255 1   0   255 255 255 255 255 255 255 255 254 255 255 255 254 255 255 255 254 255 254 255 254 255 
255 255 0   0   0   0   254 255 255 255 255 255 255 255 255 255 0   0   0   0   255 255 255 255 255 255 0   0   255 255 255 255 
255 255 255 255 255 255 254 255 0   0   255 255 255 255 255 255 0   0   0   0   255 255 254 255 2   0   0   0   255 255 255 255 
2   0   255 255 254 255 254 255 10  0   255 255 254 255 255 255 1   0   255 255 255 255 254 255 3   0   255 255 254 255 254 255 
0   0   0   0   255 255 255 255 1   0   255 255 255 255 255 255 255 255 254 255 255 255 254 255 255 255 254 255 254 255 254 255 
255 255 0   0   0   0   255 255 255 255 255 255 255 255 255 255 0   0   0   0   255 255 255 255 255 255 0   0   255 255 255 255 
255 255 255 255 255 255 254 255 0   0   255 255 255 255 255 255 0   0   0   0   255 255 254 255 2   0   0   0   255 255 255 255 
2   0   255 255 254 255 254 255 10  0   255 255 254 255 255 255 1   0   255 255 255 255 254 255 3   0   255 255 254 255 254 255 
0   0   255 255 255 255 254 255 1   0   255 255 255 255 255 255 255 255 254 255 255 255 254 255 255 255 254 255 254 255 254 255 
255 255 0   0   0   0   255 255 255 255 255 255 255 255 255 255 0   0   0   0   255 255 255 255 255 255 0   0   255 255 255 255 
255 255 255 255 255 255 255 255 0   0   255 255 255 255 255 255 0   0   0   0   255 255 254 255 2   0   0   0   255 255 255 255 
2   0   255 255 254 255 254 255 10  0   255 255 254 255 255 255 1   0   255 255 255 255 255 255 4   0   255 255 255 255 254 255 
0   0   255 255 255 255 254 255 1   0   255 255 255 255 255 255 255 255 254 255 255 255 254 255 255 255 254 255 255 255 254 255 
255 255 255 255 0   0   254 255 255 255 255 255 255 255 255 255 0   0   0   0   255 255 255 255 255 255 0   0   255 255 255 255 
255 255 255 255 255 255 255 255 0   0   255 255 255 255 255 255 0   0   0   0   255 255 254 255 2   0   0   0   255 255 255 255 
2   0   255 255 254 255 254 255 11  0   0   0   255 255 255 255 1   0   255 255 255 255 255 255 4   0   255 255 255 255 0   0   
0   0   255 255 255 255 255 255 1   0   255 255 255 255 255 255 255 255 254 255 255 255 254 255 255 255 254 255 255 255 254 255 
255 255 255 255 255 255 254 255 255 255 255 255 255 255 255 255 0   0   0   0   255 255 255 255 255 255 0   0   255 255 255 255 
255 255 255 255 255 255 255 255 0   0   255 255 255 255 255 255 0   0   0   0   255 255 254 255 2   0   0   0   255 255 255 255 
2   0   255 255 254 255 254 255 11  0   0   0   255 255 255 255 1   0   255 255 255 255 255 255 4   0   255 255 255 255 0   0   
0   0   255 255 255 255 255 255 1   0   255 255 255 255 255 255 255 255 254 255 255 255 254 255 255 255 254 255 255 255 254 255 
255 255 255 255 255 255 255 255 255 255 255 255 255 255 255 255 0   0   0   0   0   0   255 255 255 255 0   0   255 255 255 255 
255 255 255 255 255 255 255 255 0   0   255 255 255 255 255 255 0   0   0   0   255 255 254 255 2   0   0   0   255 255 255 255 
1   0   255 255 254 255 253 255 10  0   0   0   254 255 255 255 1   0   255 255 255 255 255 255 4   0   255 255 255 255 255 255 
0   0   255 255 255 255 255 255 1   0   255 255 255 255 255 255 255 255 254 255 255 255 254 255 255 255 254 255 255 255 254 255 
255 255 255 255 255 255 255 255 255 255 255 255 255 255 255 255 0   0   0   0   0   0   255 255 255 255 0   0   255 255 255 255 
255 255 255 255 255 255 255 255 0   0   255 255 255 255 255 255 0   0   0   0   255 255 254 255 2   0   0   0   255 255 255 255 
1   0   255 255 254 255 254 255 10  0   0   0   254 255 255 255 1   0   0   0   255 255 255 255 4   0   255 255 255 255 255 255 
0   0   255 255 255 255 255 255 1   0   255 255 255 255 255 255 255 255 254 255 255 255 254 255 255 255 254 255 255 255 254 255 
255 255 255 255 255 255 255 255 255 255 255 255 255 255 255 255 0   0   0   0   255 255 254 255 255 255 0   0   255 255 255 255 
255 255 255 255 255 255 255 255 0   0   255 255 255 255 255 255 0   0   0   0   255 255 254 255 2   0   0   0   255 255 255 255 
1   0   255 255 254 255 254 255 10  0   0   0   254 255 255 255 1   0   0   0   255 255 255 255 4   0   255 255 255 255 255 255 
0   0   255 255 255 255 255 255 1   0   255 255 255 255 255 255 255 255 254 255 255 255 254 255 255 255 254 255 255 255 254 255 
255 255 255 255 255 255 255 255 255 255 255 255 255 255 255 255 0   0   0   0   255 255 254 255 255 255 0   0   255 255 255 255 
255 255 255 255 255 255 255 255 0   0   255 255 254 255 254 255 0   0   0   0   255 255 254 255 2   0   0   0   255 255 255 255 
1   0   255 255 254 255 254 255 10  0   0   0   254 255 255 255 1   0   0   0   255 255 255 255 4   0   255 255 255 255 255 255 
0   0   255 255 255 255 254 255 1   0   255 255 255 255 255 255 255 255 254 255 255 255 254 255 255 255 254 255 255 255 254 255 
255 255 0   0   0   0   255 255 255 255 255 255 255 255 255 255 0   0   0   0   0   0   255 255 255 255 0   0   255 255 255 255 
255 255 255 255 255 255 255 255 1   0   255 255 255 255 255 255 0   0   0   0   255 255 254 255 2   0   0   0   255 255 255 255 
1   0   255 255 254 255 254 255 10  0   0   0   254 255 255 255 1   0   0   0   255 255 255 255 4   0   255 255 255 255 255 255 
0   0   255 255 255 255 254 255 1   0   255 255 255 255 255 255 255 255 254 255 255 255 254 255 255 255 254 255 255 255 254 255 
255 255 0   0   0   0   255 255 255 255 255 255 255 255 255 255 0   0   0   0   0   0   255 255 255 255 0   0   255 255 255 255 
255 255 255 255 255 255 255 255 1   0   255 255 255 255 255 255 0   0   0   0   255 255 254 255 2   0   0   0   255 255 255 255 
1   0   255 255 254 255 254 255 10  0   0   0   254 255 255 255 1   0   0   0   255 255 255 255 4   0   255 255 255 255 255 255 
0   0   255 255 255 255 254 255 1   0   255 255 255 255 255 255 255 255 254 255 255 255 254 255 255 255 254 255 255 255 254 255 
255 255 0   0   255 255 255 255 255 255 255 255 255 255 255 255 0   0   0   0   0   0   255 255 255 255 0   0   255 255 255 255 
0   0   0   0   255 255 0   0   0   0   255 255 255 255 255 255 0   0   0   0   255 255 254 255 2   0   0   0   255 255 255 255 
1   0   255 255 254 255 253 255 10  0   0   0   254 255 255 255 1   0   0   0   255 255 255 255 4   0   255 255 255 255 255 255 
0   0   255 255 255 255 254 255 1   0   255 255 255 255 255 255 255 255 254 255 255 255 254 255 255 255 254 255 255 255 254 255 
255 255 0   0   255 255 255 255 255 255 255 255 255 255 255 255 0   0   0   0   0   0   255 255 255 255 0   0   0   0   255 255 
0   0   0   0   255 255 255 255 0   0   255 255 255 255 255 255 0   0   0   0   254 255 254 255 2   0   0   0   255 255 255 255 
1   0   255 255 254 255 253 255 10  0   0   0   254 255 255 255 1   0   0   0   255 255 255 255 4   0   255 255 255 255 255 255 
0   0   255 255 255 255 254 255 1   0   255 255 255 255 255 255 255 255 254 255 255 255 254 255 255 255 254 255 255 255 254 255 
255 255 0   0   255 255 255 255 255 255 255 255 255 255 255 255 0   0   0   0   0   0   255 255 255 255 0   0   0   0   255 255 
0   0   0   0   255 255 255 255 0   0   255 255 255 255 255 255 0   0   0   0   254 255 254 255 2   0   0   0   255 255 255 255 
1   0   255 255 254 255 254 255 11  0   0   0   254 255 255 255 1   0   0   0   255 255 255 255 3   0   255 255 254 255 255 255 
0   0   255 255 255 255 254 255 1   0   255 255 255 255 255 255 255 255 254 255 255 255 254 255 255 255 254 255 255 255 254 255 
255 255 0   0   255 255 255 255 255 255 255 255 255 255 255 255 0   0   0   0   0   0   255 255 255 255 0   0   0   0   255 255 
0   0   0   0   255 255 255 255 0   0   255 255 255 255 255 255 0   0   0   0   254 255 254 255 2   0   0   0   255 255 255 255 
1   0   255 255 254 255 254 255 11  0   0   0   254 255 255 255 1   0   0   0   255 255 255 255 3   0   255 255 254 255 255 255 
0   0   255 255 255 255 254 255 1   0   255 255 255 255 255 255 255 255 254 255 255 255 255 255 0   0   254 255 255 255 254 255 
255 255 0   0   255 255 255 255 255 255 255 255 255 255 255 255 0   0   0   0   0   0   255 255 255 255 0   0   0   0   255 255 
255 255 0   0   255 255 255 255 0   0   255 255 255 255 255 255 0   0   0   0   254 255 254 255 2   0   0   0   255 255 255 255 
1   0   255 255 254 255 254 255 11  0   0   0   254 255 255 255 1   0   0   0   255 255 255 255 4   0   255 255 254 255 255 255 
0   0   255 255 255 255 254 255 1   0   255 255 255 255 255 255 255 255 254 255 255 255 255 255 255 255 254 255 255 255 254 255 
255 255 0   0   255 255 255 255 255 255 255 255 255 255 255 255 0   0   0   0   0   0   255 255 255 255 0   0   0   0   255 255 
255 255 0   0   255 255 255 255 0   0   255 255 255 255 255 255 0   0   0   0   254 255 254 255 2   0   0   0   255 255 255 255 
1   0   255 255 254 255 254 255 11  0   0   0   254 255 255 255 1   0   0   0   255 255 255 255 3   0   255 255 254 255 255 255 
0   0   255 255 255 255 254 255 0   0   255 255 255 255 255 255 255 255 254 255 255 255 254 255 255 255 254 255 255 255 254 255 
255 255 0   0   0   0   255 255 255 255 255 255 255 255 255 255 0   0   0   0   0   0   255 255 255 255 0   0   255 255 254 255 
255 255 0   0   255 255 255 255 0   0   255 255 255 255 255 255 0   0   0   0   254 255 254 255 2   0   0   0   255 255 255 255 
1   0   255 255 254 255 254 255 11  0   0   0   254 255 255 255 1   0   0   0   255 255 255 255 3   0   255 255 254 255 255 255 
0   0   255 255 255 255 254 255 0   0   255 255 255 255 255 255 255 255 254 255 255 255 254 255 255 255 254 255 255 255 254 255 
255 255 0   0   0   0   255 255 255 255 255 255 255 255 255 255 0   0   0   0   0   0   255 255 255 255 0   0   255 255 254 255 
255 255 0   0   255 255 255 255 0   0   255 255 255 255 255 255 0   0   0   0   254 255 254 255 2   0   0   0   255 255 255 255 
1   0   255 255 254 255 254 255 10  0   0   0   254 255 255 255 1   0   0   0   255 255 255 255 3   0   255 255 254 255 255 255 
0   0   255 255 255 255 254 255 1   0   255 255 255 255 255 255 255 255 254 255 255 255 254 255 255 255 254 255 255 255 254 255 
255 255 0   0   0   0   255 255 255 255 255 255 255 255 255 255 0   0   0   0   0   0   254 255 255 255 0   0   255 255 254 255 
255 255 0   0   255 255 255 255 0   0   255 255 255 255 255 255 0   0   0   0   254 255 254 255 2   0   0   0   255 255 255 255 
1   0   255 255 254 255 254 255 10  0   0   0   254 255 255 255 1   0   0   0   255 255 255 255 4   0   255 255 255 255 255 255 
0   0   255 255 255 255 254 255 1   0   255 255 255 255 255 255 255 255 254 255 255 255 254 255 255 255 254 255 255 255 254 255 
255 255 0   0   0   0   254 255 255 255 255 255 255 255 255 255 0   0   0   0   0   0   254 255 255 255 0   0   0   0   255 255 
255 255 0   0   255 255 255 255 0   0   255 255 255 255 255 255 0   0   0   0   254 255 254 255 2   0   0   0   255 255 255 255 
1   0   255 255 254 255 254 255 10  0   0   0   254 255 255 255 1   0   0   0   255 255 255 255 4   0   255 255 255 255 255 255 
0   0   255 255 255 255 254 255 1   0   255 255 255 255 255 255 255 255 254 255 255 255 254 255 255 255 254 255 255 255 254 255 
255 255 0   0   255 255 254 255 255 255 255 255 255 255 255 255 0   0   0   0   0   0   254 255 255 255 0   0   0   0   255 255 
255 255 255 255 255 255 255 255 0   0   255 255 255 255 255 255 0   0   0   0   254 255 254 255 2   0   0   0   255 255 255 255 
1   0   255 255 254 255 254 255 10  0   0   0   254 255 255 255 1   0   0   0   255 255 255 255 3   0   255 255 255 255 255 255 
0   0   255 255 255 255 254 255 1   0   255 255 255 255 255 255 255 255 254 255 255 255 254 255 255 255 254 255 255 255 254 255 
255 255 0   0   255 255 254 255 255 255 255 255 255 255 255 255 0   0   0   0   0   0   254 255 255 255 0   0   0   0   255 255 
255 255 255 255 255 255 255 255 1   0   255 255 254 255 255 255 0   0   0   0   254 255 254 255 2   0   0   0   255 255 255 255 
1   0   255 255 254 255 254 255 10  0   0   0   254 255 255 255 0   0   255 255 255 255 255 255 3   0   255 255 255 255 255 255 
0   0   255 255 255 255 254 255 1   0   255 255 255 255 255 255 255 255 254 255 255 255 254 255 255 255 254 255 255 255 254 255 
255 255 0   0   255 255 254 255 255 255 255 255 255 255 255 255 0   0   0   0   0   0   255 255 255 255 0   0   0   0   255 255 
255 255 255 255 255 255 255 255 1   0   0   0   255 255 0   0   0   0   0   0   254 255 254 255 2   0   0   0   255 255 255 255 
1   0   255 255 254 255 254 255 10  0   0   0   254 255 255 255 0   0   255 255 255 255 255 255 3   0   255 255 255 255 255 255 
0   0   255 255 255 255 254 255 1   0   255 255 255 255 255 255 255 255 254 255 255 255 254 255 255 255 254 255 255 255 254 255 
255 255 0   0   0   0   254 255 255 255 255 255 255 255 255 255 0   0   0   0   0   0   254 255 255 255 0   0   255 255 255 255 
255 255 255 255 255 255 255 255 1   0   0   0   255 255 0   0   0   0   0   0   254 255 254 255 2   0   0   0   255 255 255 255 
1   0   0   0   255 255 254 255 11  0   0   0   255 255 255 255 0   0   255 255 255 255 255 255 4   0   255 255 255 255 255 255 
0   0   255 255 255 255 255 255 1   0   255 255 255 255 255 255 255 255 255 255 255 255 254 255 255 255 255 255 255 255 254 255 
255 255 0   0   255 255 255 255 255 255 255 255 255 255 254 255 0   0   0   0   0   0   254 255 255 255 0   0   255 255 255 255 
255 255 255 255 255 255 255 255 0   0   255 255 255 255 255 255 0   0   0   0   255 255 254 255 2   0   0   0   255 255 255 255 
1   0   0   0   255 255 254 255 11  0   0   0   255 255 255 255 1   0   255 255 255 255 255 255 4   0   255 255 255 255 255 255 
0   0   255 255 255 255 255 255 1   0   255 255 255 255 255 255 255 255 255 255 255 255 254 255 255 255 255 255 255 255 254 255 
255 255 0   0   0   0   255 255 255 255 255 255 255 255 254 255 0   0   0   0   0   0   255 255 255 255 0   0   255 255 255 255 
255 255 255 255 255 255 255 255 0   0   255 255 255 255 255 255 0   0   0   0   255 255 254 255 2   0   0   0   255 255 255 255 
1   0   0   0   255 255 253 255 11  0   0   0   255 255 255 255 1   0   255 255 255 255 255 255 3   0   255 255 255 255 255 255 
0   0   255 255 255 255 255 255 1   0   255 255 255 255 255 255 255 255 255 255 255 255 255 255 0   0   255 255 255 255 254 255 
255 255 0   0   0   0   255 255 255 255 255 255 255 255 254 255 0   0   0   0   0   0   255 255 255 255 0   0   255 255 255 255 
255 255 255 255 255 255 255 255 0   0   255 255 255 255 255 255 0   0   0   0   255 255 254 255 2   0   0   0   255 255 255 255 
2   0   0   0   255 255 254 255 11  0   0   0   255 255 255 255 1   0   255 255 255 255 255 255 3   0   255 255 255 255 255 255 
1   0   0   0   255 255 255 255 1   0   255 255 255 255 255 255 255 255 255 255 255 255 254 255 0   0   255 255 255 255 254 255 
255 255 0   0   0   0   255 255 255 255 255 255 255 255 254 255 0   0   0   0   0   0   255 255 255 255 0   0   255 255 255 255 
255 255 255 255 255 255 255 255 0   0   255 255 255 255 255 255 0   0   0   0   0   0   255 255 2   0   0   0   255 255 255 255 
2   0   0   0   255 255 254 255 11  0   0   0   255 255 255 255 1   0   255 255 255 255 255 255 3   0   255 255 255 255 255 255 
1   0   0   0   255 255 255 255 1   0   255 255 255 255 255 255 255 255 255 255 255 255 254 255 0   0   255 255 255 255 254 255 
255 255 0   0   0   0   255 255 255 255 255 255 255 255 255 255 0   0   0   0   0   0   255 255 255 255 0   0   255 255 255 255 
255 255 255 255 255 255 255 255 0   0   255 255 255 255 255 255 0   0   0   0   0   0   255 255 2   0   0   0   255 255 255 255 
2   0   0   0   255 255 254 255 11  0   0   0   255 255 255 255 1   0   255 255 255 255 255 255 3   0   255 255 255 255 255 255 
0   0   255 255 255 255 255 255 0   0   255 255 255 255 255 255 255 255 255 255 255 255 254 255 255 255 255 255 254 255 254 255 
255 255 0   0   0   0   255 255 255 255 255 255 255 255 255 255 0   0   0   0   0   0   255 255 255 255 0   0   255 255 255 255 
255 255 255 255 255 255 255 255 0   0   255 255 255 255 255 255 0   0   0   0   0   0   254 255 2   0   0   0   255 255 255 255 
2   0   0   0   255 255 254 255 10  0   0   0   255 255 255 255 1   0   255 255 255 255 255 255 3   0   255 255 254 255 255 255 
0   0   255 255 255 255 255 255 0   0   255 255 255 255 255 255 255 255 255 255 255 255 254 255 255 255 255 255 254 255 254 255 
255 255 0   0   0   0   255 255 255 255 255 255 255 255 255 255 0   0   0   0   0   0   254 255 255 255 0   0   255 255 255 255 
255 255 255 255 255 255 255 255 0   0   255 255 255 255 255 255 0   0   0   0   0   0   254 255 2   0   0   0   255 255 255 255 
1   0   0   0   255 255 254 255 10  0   0   0   255 255 255 255 1   0   255 255 255 255 255 255 4   0   255 255 255 255 255 255 
0   0   255 255 255 255 255 255 1   0   255 255 255 255 255 255 255 255 255 255 255 255 254 255 255 255 255 255 254 255 254 255 
255 255 0   0   0   0   255 255 255 255 255 255 255 255 255 255 0   0   0   0   0   0   254 255 255 255 0   0   255 255 255 255 
255 255 255 255 255 255 255 255 0   0   255 255 255 255 255 255 0   0   0   0   0   0   254 255 2   0   0   0   255 255 255 255 
1   0   0   0   255 255 254 255 10  0   0   0   255 255 255 255 1   0   255 255 255 255 255 255 4   0   255 255 255 255 255 255 
0   0   255 255 255 255 255 255 1   0   255 255 255 255 255 255 255 255 255 255 255 255 254 255 255 255 255 255 254 255 254 255 
255 255 0   0   0   0   255 255 255 255 255 255 255 255 255 255 0   0   0   0   0   0   254 255 255 255 0   0   255 255 255 255 
255 255 255 255 0   0   255 255 0   0   255 255 255 255 255 255 0   0   0   0   0   0   254 255 2   0   0   0   255 255 255 255 
1   0   0   0   255 255 254 255 10  0   0   0   255 255 255 255 1   0   255 255 255 255 255 255 4   0   255 255 255 255 255 255 
0   0   255 255 255 255 255 255 1   0   255 255 255 255 255 255 0   0   255 255 255 255 254 255 255 255 255 255 254 255 254 255 
255 255 0   0   0   0   255 255 255 255 255 255 255 255 255 255 0   0   0   0   0   0   254 255 255 255 0   0   255 255 255 255 
255 255 255 255 0   0   255 255 0   0   255 255 255 255 255 255 0   0   0   0   0   0   254 255 2   0   0   0   255 255 255 255 
1   0   0   0   255 255 254 255 10  0   0   0   255 255 255 255 1   0   255 255 255 255 255 255 3   0   255 255 255 255 255 255 
0   0   255 255 255 255 255 255 1   0   255 255 255 255 255 255 0   0   255 255 255 255 254 255 255 255 255 255 254 255 254 255 
255 255 0   0   0   0   255 255 255 255 255 255 255 255 255 255 0   0   0   0   0   0   254 255 255 255 0   0   255 255 255 255 
255 255 255 255 0   0   255 255 1   0   255 255 255 255 0   0   0   0   0   0   0   0   254 255 2   0   0   0   255 255 255 255 
1   0   0   0   255 255 254 255 10  0   0   0   255 255 255 255 0   0   255 255 255 255 255 255 3   0   255 255 255 255 255 255 
0   0   255 255 255 255 255 255 1   0   255 255 255 255 255 255 0   0   255 255 255 255 254 255 0   0   255 255 254 255 255 255 
255 255 0   0   0   0   255 255 255 255 0   0   255 255 0   0   0   0   0   0   0   0   254 255 255 255 0   0   255 255 254 255 
255 255 255 255 0   0   255 255 0   0   255 255 255 255 255 255 0   0   0   0   0   0   254 255 2   0   0   0   255 255 255 255 
2   0   0   0   255 255 255 255 10  0   0   0   255 255 255 255 0   0   255 255 255 255 255 255 3   0   255 255 255 255 255 255 
0   0   255 255 255 255 255 255 1   0   255 255 255 255 255 255 0   0   255 255 0   0   254 255 0   0   255 255 254 255 255 255 
0   0   255 255 0   0   255 255 255 255 0   0   255 255 0   0   0   0   0   0   0   0   254 255 255 255 0   0   255 255 255 255 
255 255 255 255 0   0   255 255 0   0   255 255 255 255 255 255 0   0   0   0   0   0   254 255 2   0   0   0   255 255 255 255 
2   0   0   0   255 255 255 255 10  0   0   0   255 255 255 255 0   0   255 255 255 255 255 255 4   0   255 255 255 255 255 255 
0   0   255 255 255 255 255 255 1   0   255 255 255 255 255 255 0   0   255 255 0   0   254 255 0   0   254 255 254 255 255 255 
0   0   255 255 0   0   255 255 255 255 0   0   255 255 0   0   0   0   0   0   0   0   254 255 255 255 0   0   255 255 255 255 
255 255 255 255 0   0   255 255 0   0   255 255 255 255 255 255 0   0   0   0   255 255 254 255 2   0   0   0   255 255 255 255 
1   0   0   0   255 255 255 255 9   0   0   0   255 255 255 255 0   0   255 255 255 255 255 255 3   0   255 255 255 255 255 255 
0   0   255 255 255 255 255 255 1   0   255 255 255 255 255 255 0   0   255 255 0   0   254 255 0   0   255 255 254 255 255 255 
0   0   255 255 0   0   255 255 255 255 0   0   255 255 0   0   0   0   0   0   0   0   255 255 255 255 0   0   0   0   255 255 
255 255 255 255 255 255 254 255 1   0   255 255 255 255 255 255 0   0   0   0   255 255 254 255 2   0   0   0   0   0   255 255 
1   0   0   0   255 255 255 255 9   0   0   0   255 255 255 255 0   0   255 255 255 255 255 255 3   0   255 255 255 255 255 255 
0   0   255 255 255 255 255 255 1   0   255 255 255 255 255 255 0   0   255 255 0   0   254 255 0   0   255 255 254 255 255 255 
0   0   255 255 0   0   255 255 255 255 0   0   255 255 0   0   0   0   0   0   0   0   255 255 255 255 0   0   0   0   255 255 
255 255 255 255 255 255 254 255 1   0   0   0   255 255 0   0   0   0   0   0   255 255 254 255 2   0   0   0   0   0   255 255 
1   0   0   0   255 255 255 255 9   0   0   0   255 255 255 255 0   0   255 255 255 255 255 255 2   0   255 255 254 255 255 255 
0   0   255 255 255 255 255 255 1   0   255 255 255 255 255 255 0   0   255 255 0   0   254 255 0   0   255 255 254 255 255 255 
0   0   255 255 0   0   255 255 255 255 0   0   0   0   0   0   0   0   0   0   0   0   255 255 255 255 0   0   0   0   255 255 
255 255 255 255 255 255 254 255 1   0   0   0   0   0   0   0   0   0   0   0   0   0   255 255 2   0   0   0   0   0   255 255 
1   0   0   0   255 255 254 255 10  0   0   0   255 255 255 255 1   0   255 255 255 255 255 255 3   0   255 255 254 255 255 255 
0   0   0   0   255 255 255 255 1   0   255 255 255 255 255 255 0   0   255 255 0   0   254 255 0   0   255 255 254 255 255 255 
0   0   255 255 0   0   255 255 255 255 0   0   0   0   0   0   0   0   0   0   0   0   255 255 255 255 0   0   0   0   255 255 
255 255 255 255 255 255 254 255 0   0   0   0   0   0   0   0   0   0   0   0   0   0   255 255 2   0   0   0   0   0   255 255 
2   0   0   0   0   0   255 255 9   0   0   0   255 255 255 255 1   0   255 255 255 255 255 255 2   0   254 255 255 255 255 255 
0   0   0   0   255 255 254 255 1   0   255 255 255 255 255 255 0   0   255 255 0   0   254 255 0   0   255 255 254 255 255 255 
0   0   255 255 0   0   255 255 255 255 0   0   0   0   0   0   0   0   0   0   0   0   255 255 255 255 0   0   0   0   255 255 
255 255 255 255 255 255 255 255 0   0   0   0   0   0   0   0   0   0   0   0   0   0   255 255 2   0   0   0   0   0   255 255 
2   0   0   0   255 255 255 255 9   0   0   0   255 255 255 255 1   0   255 255 255 255 255 255 3   0   255 255 255 255 255 255 
0   0   0   0   255 255 254 255 1   0   255 255 255 255 255 255 0   0   255 255 0   0   254 255 0   0   254 255 255 255 255 255 
0   0   255 255 0   0   254 255 255 255 0   0   0   0   0   0   0   0   0   0   0   0   255 255 255 255 0   0   0   0   255 255 
255 255 255 255 255 255 255 255 0   0   0   0   0   0   0   0   0   0   0   0   0   0   255 255 2   0   0   0   0   0   255 255 
2   0   0   0   255 255 255 255 9   0   0   0   255 255 255 255 1   0   255 255 255 255 255 255 3   0   255 255 255 255 255 255 
0   0   255 255 255 255 254 255 1   0   255 255 255 255 255 255 0   0   255 255 0   0   254 255 0   0   255 255 255 255 255 255 
255 255 255 255 255 255 254 255 255 255 0   0   0   0   0   0   0   0   0   0   255 255 254 255 255 255 0   0   0   0   0   0   
255 255 0   0   255 255 255 255 0   0   0   0   0   0   255 255 0   0   0   0   0   0   254 255 2   0   255 255 255 255 254 255 
2   0   0   0   0   0   255 255 9   0   0   0   255 255 255 255 1   0   255 255 255 255 255 255 2   0   255 255 255 255 255 255 
0   0   255 255 255 255 254 255 1   0   255 255 255 255 255 255 0   0   255 255 0   0   254 255 0   0   255 255 255 255 255 255 
255 255 255 255 255 255 254 255 255 255 0   0   0   0   0   0   0   0   0   0   255 255 254 255 255 255 0   0   255 255 0   0   
0   0   0   0   255 255 255 255 0   0   0   0   0   0   255 255 0   0   0   0   0   0   254 255 2   0   255 255 255 255 254 255 
2   0   0   0   255 255 255 255 10  0   0   0   255 255 255 255 1   0   255 255 255 255 255 255 2   0   255 255 255 255 255 255 
0   0   255 255 255 255 254 255 1   0   255 255 255 255 255 255 0   0   255 255 0   0   254 255 0   0   255 255 255 255 255 255 
255 255 255 255 255 255 254 255 255 255 0   0   0   0   0   0   0   0   0   0   255 255 255 255 255 255 0   0   255 255 0   0   
0   0   0   0   255 255 255 255 0   0   0   0   0   0   255 255 0   0   0   0   0   0   255 255 2   0   255 255 255 255 255 255 
2   0   0   0   255 255 255 255 10  0   0   0   255 255 255 255 0   0   255 255 255 255 255 255 2   0   255 255 255 255 255 255 
0   0   255 255 255 255 254 255 1   0   255 255 255 255 255 255 0   0   255 255 0   0   254 255 0   0   255 255 255 255 255 255 
0   0   255 255 0   0   255 255 255 255 0   0   0   0   0   0   0   0   0   0   255 255 255 255 255 255 0   0   255 255 0   0   
0   0   0   0   255 255 255 255 1   0   0   0   0   0   255 255 0   0   0   0   0   0   255 255 2   0   0   0   255 255 255 255 
