1   0   2   0   4   0   1   0   1   0   1   0   2   0   2   0   2   0   3   0   3   0   0   0   1   0   3   0   2   0   2   0   
2   0   5   0   2   0   1   0   1   0   4   0   2   0   0   0   3   0   6   0   2   0   0   0   1   0   4   0   1   0   0   0   
0   0   1   0   2   0   1   0   0   0   1   0   1   0   1   0   0   0   1   0   2   0   1   0   1   0   2   0   2   0   2   0   
1   0   1   0   2   0   1   0   0   0   2   0   2   0   2   0   1   0   1   0   3   0   1   0   0   0   1   0   2   0   1   0   
1   0   2   0   3   0   1   0   1   0   1   0   2   0   1   0   2   0   3   0   2   0   0   0   1   0   3   0   2   0   2   0   
2   0   5   0   2   0   0   0   1   0   4   0   2   0   0   0   3   0   6   0   2   0   0   0   1   0   4   0   1   0   0   0   
0   0   1   0   2   0   1   0   0   0   1   0   1   0   1   0   0   0   1   0   2   0   1   0   1   0   2   0   2   0   2   0   
1   0   1   0   2   0   1   0   0   0   2   0   2   0   2   0   1   0   0   0   3   0   0   0   0   0   1   0   2   0   1   0   
1   0   2   0   3   0   0   0   1   0   1   0   2   0   1   0   2   0   3   0   2   0   0   0   1   0   3   0   1   0   1   0   
2   0   4   0   2   0   255 255 0   0   3   0   1   0   0   0   3   0   5   0   1   0   255 255 1   0   3   0   0   0   255 255 
0   0   0   0   1   0   0   0   0   0   1   0   1   0   1   0   0   0   1   0   1   0   0   0   1   0   2   0   1   0   2   0   
0   0   1   0   2   0   0   0   0   0   2   0   2   0   1   0   0   0   0   0   2   0   255 255 0   0   1   0   1   0   1   0   
1   0   1   0   1   0   255 255 1   0   1   0   1   0   0   0   1   0   2   0   1   0   255 255 1   0   3   0   1   0   1   0   
2   0   4   0   2   0   255 255 0   0   3   0   1   0   0   0   3   0   5   0   1   0   255 255 1   0   3   0   0   0   255 255 
0   0   0   0   1   0   0   0   0   0   1   0   1   0   1   0   0   0   1   0   1   0   0   0   1   0   2   0   1   0   2   0   
0   0   0   0   1   0   255 255 0   0   1   0   2   0   1   0   0   0   0   0   2   0   255 255 0   0   1   0   1   0   1   0   
1   0   1   0   1   0   255 255 1   0   1   0   1   0   0   0   1   0   2   0   1   0   255 255 0   0   3   0   1   0   1   0   
2   0   5   0   2   0   255 255 0   0   3   0   1   0   0   0   3   0   5   0   1   0   255 255 1   0   3   0   0   0   255 255 
0   0   0   0   1   0   0   0   0   0   1   0   1   0   1   0   0   0   0   0   1   0   255 255 1   0   1   0   1   0   1   0   
0   0   0   0   1   0   0   0   0   0   1   0   2   0   1   0   0   0   0   0   2   0   255 255 0   0   1   0   1   0   1   0   
1   0   1   0   1   0   255 255 1   0   1   0   1   0   0   0   1   0   3   0   1   0   255 255 0   0   3   0   1   0   1   0   
2   0   5   0   2   0   255 255 0   0   3   0   1   0   0   0   3   0   6   0   1   0   255 255 1   0   3   0   0   0   255 255 
0   0   0   0   1   0   0   0   0   0   1   0   0   0   1   0   0   0   0   0   1   0   255 255 0   0   1   0   1   0   1   0   
0   0   0   0   1   0   0   0   0   0   1   0   1   0   0   0   0   0   0   0   2   0   255 255 0   0   1   0   1   0   1   0   
1   0   1   0   1   0   255 255 1   0   1   0   1   0   0   0   1   0   3   0   1   0   255 255 0   0   3   0   1   0   1   0   
2   0   4   0   2   0   255 255 0   0   3   0   1   0   0   0   3   0   6   0   1   0   255 255 1   0   3   0   0   0   255 255 
255 255 0   0   0   0   255 255 0   0   0   0   0   0   0   0   0   0   0   0   1   0   255 255 0   0   1   0   1   0   1   0   
0   0   0   0   1   0   0   0   0   0   1   0   1   0   0   0   0   0   0   0   2   0   0   0   0   0   1   0   1   0   1   0   
1   0   1   0   1   0   255 255 1   0   1   0   1   0   0   0   1   0   3   0   1   0   255 255 0   0   3   0   1   0   1   0   
2   0   4   0   1   0   254 255 0   0   3   0   0   0   255 255 3   0   7   0   1   0   254 255 1   0   3   0   0   0   255 255 
255 255 0   0   1   0   0   0   0   0   0   0   0   0   1   0   0   0   0   0   1   0   0   0   0   0   1   0   1   0   1   0   
0   0   0   0   1   0   255 255 0   0   1   0   1   0   0   0   0   0   0   0   1   0   255 255 0   0   1   0   1   0   1   0   
1   0   1   0   1   0   255 255 1   0   1   0   1   0   0   0   1   0   3   0   2   0   255 255 0   0   3   0   1   0   1   0   
2   0   4   0   1   0   254 255 0   0   3   0   1   0   255 255 3   0   7   0   1   0   254 255 0   0   3   0   255 255 254 255 
255 255 0   0   0   0   255 255 0   0   0   0   0   0   1   0   0   0   0   0   1   0   0   0   0   0   1   0   1   0   1   0   
0   0   0   0   1   0   255 255 0   0   1   0   2   0   1   0   0   0   0   0   1   0   255 255 0   0   1   0   1   0   1   0   
1   0   1   0   1   0   255 255 1   0   1   0   1   0   0   0   1   0   3   0   2   0   255 255 0   0   3   0   1   0   1   0   
2   0   5   0   1   0   254 255 0   0   4   0   1   0   255 255 4   0   8   0   1   0   254 255 0   0   3   0   255 255 254 255 
255 255 0   0   0   0   255 255 255 255 0   0   0   0   1   0   0   0   1   0   1   0   0   0   0   0   1   0   1   0   1   0   
0   0   0   0   1   0   255 255 0   0   1   0   2   0   1   0   0   0   0   0   1   0   255 255 0   0   1   0   1   0   1   0   
1   0   1   0   2   0   255 255 1   0   1   0   1   0   0   0   2   0   4   0   2   0   255 255 0   0   3   0   1   0   1   0   
2   0   6   0   1   0   254 255 0   0   4   0   1   0   255 255 4   0   10  0   1   0   254 255 0   0   4   0   255 255 254 255 
255 255 0   0   0   0   255 255 255 255 0   0   0   0   0   0   0   0   1   0   1   0   0   0   0   0   1   0   1   0   1   0   
0   0   0   0   1   0   255 255 0   0   1   0   2   0   1   0   0   0   0   0   2   0   255 255 0   0   1   0   1   0   1   0   
1   0   1   0   2   0   255 255 1   0   1   0   1   0   0   0   2   0   4   0   2   0   255 255 0   0   2   0   1   0   1   0   
2   0   6   0   1   0   254 255 0   0   4   0   1   0   255 255 4   0   11  0   1   0   254 255 0   0   4   0   255 255 254 255 
255 255 0   0   1   0   0   0   255 255 0   0   0   0   1   0   0   0   1   0   2   0   0   0   0   0   1   0   1   0   1   0   
0   0   0   0   2   0   0   0   0   0   1   0   2   0   1   0   0   0   0   0   2   0   255 255 0   0   1   0   1   0   0   0   
1   0   1   0   2   0   255 255 1   0   1   0   1   0   0   0   2   0   4   0   2   0   255 255 0   0   2   0   1   0   1   0   
2   0   8   0   1   0   254 255 0   0   5   0   1   0   255 255 4   0   16  0   1   0   254 255 0   0   5   0   255 255 254 255 
255 255 0   0   1   0   0   0   255 255 0   0   0   0   1   0   0   0   1   0   2   0   0   0   0   0   1   0   1   0   1   0   
0   0   0   0   2   0   0   0   0   0   1   0   2   0   1   0   0   0   0   0   2   0   255 255 0   0   1   0   1   0   0   0   
1   0   2   0   2   0   255 255 1   0   1   0   2   0   0   0   2   0   5   0   2   0   255 255 0   0   2   0   0   0   0   0   
3   0   9   0   2   0   254 255 0   0   5   0   1   0   255 255 5   0   19  0   1   0   254 255 0   0   5   0   255 255 254 255 
255 255 0   0   1   0   0   0   255 255 0   0   0   0   1   0   0   0   1   0   2   0   0   0   0   0   1   0   1   0   1   0   
0   0   0   0   2   0   0   0   0   0   1   0   2   0   2   0   0   0   0   0   2   0   255 255 0   0   1   0   1   0   0   0   
1   0   2   0   2   0   255 255 1   0   1   0   2   0   0   0   2   0   6   0   3   0   255 255 0   0   2   0   0   0   0   0   
3   0   9   0   2   0   254 255 0   0   5   0   1   0   255 255 5   0   20  0   1   0   254 255 0   0   5   0   255 255 254 255 
255 255 0   0   1   0   0   0   255 255 0   0   0   0   1   0   0   0   1   0   2   0   0   0   0   0   1   0   1   0   1   0   
0   0   0   0   2   0   0   0   0   0   1   0   2   0   2   0   0   0   0   0   2   0   255 255 0   0   1   0   1   0   0   0   
1   0   2   0   2   0   255 255 1   0   1   0   2   0   1   0   2   0   6   0   3   0   255 255 0   0   3   0   0   0   0   0   
3   0   9   0   2   0   254 255 0   0   5   0   1   0   255 255 5   0   21  0   1   0   254 255 0   0   5   0   255 255 254 255 
255 255 0   0   1   0   0   0   255 255 0   0   0   0   1   0   0   0   1   0   2   0   0   0   0   0   1   0   1   0   1   0   
0   0   0   0   2   0   0   0   0   0   1   0   2   0   2   0   0   0   0   0   2   0   255 255 0   0   1   0   1   0   0   0   
1   0   2   0   2   0   255 255 1   0   1   0   2   0   1   0   2   0   5   0   2   0   255 255 0   0   3   0   0   0   0   0   
3   0   9   0   2   0   254 255 0   0   6   0   1   0   255 255 5   0   22  0   1   0   254 255 0   0   5   0   255 255 254 255 
255 255 0   0   1   0   0   0   255 255 0   0   0   0   1   0   0   0   1   0   2   0   0   0   0   0   1   0   1   0   1   0   
0   0   0   0   2   0   0   0   0   0   1   0   2   0   2   0   0   0   0   0   2   0   255 255 0   0   1   0   1   0   0   0   
1   0   2   0   2   0   255 255 1   0   1   0   2   0   1   0   2   0   5   0   2   0   255 255 0   0   3   0   0   0   0   0   
3   0   10  0   2   0   254 255 0   0   6   0   1   0   255 255 5   0   22  0   1   0   253 255 0   0   5   0   255 255 254 255 
255 255 0   0   1   0   0   0   255 255 0   0   1   0   1   0   0   0   1   0   2   0   0   0   0   0   1   0   1   0   1   0   
0   0   0   0   2   0   0   0   0   0   1   0   2   0   2   0   0   0   0   0   2   0   255 255 0   0   1   0   1   0   1   0   
1   0   2   0   2   0   255 255 1   0   1   0   2   0   1   0   2   0   5   0   2   0   255 255 0   0   3   0   1   0   0   0   
3   0   10  0   2   0   255 255 0   0   6   0   1   0   255 255 5   0   22  0   1   0   253 255 0   0   6   0   255 255 254 255 
255 255 0   0   1   0   0   0   255 255 0   0   1   0   1   0   0   0   0   0   1   0   255 255 0   0   1   0   1   0   1   0   
0   0   0   0   2   0   0   0   0   0   1   0   2   0   1   0   0   0   0   0   2   0   255 255 0   0   1   0   2   0   1   0   
1   0   2   0   2   0   255 255 1   0   1   0   2   0   1   0   2   0   5   0   2   0   255 255 0   0   3   0   1   0   0   0   
3   0   10  0   2   0   255 255 0   0   5   0   0   0   255 255 5   0   22  0   1   0   253 255 0   0   6   0   255 255 254 255 
255 255 0   0   1   0   0   0   255 255 0   0   1   0   1   0   0   0   0   0   2   0   0   0   0   0   1   0   1   0   1   0   
0   0   0   0   2   0   0   0   0   0   1   0   2   0   1   0   0   0   0   0   2   0   255 255 0   0   1   0   2   0   1   0   
1   0   2   0   2   0   255 255 1   0   1   0   2   0   0   0   2   0   5   0   2   0   255 255 0   0   3   0   1   0   0   0   
3   0   10  0   2   0   255 255 0   0   6   0   1   0   255 255 5   0   22  0   1   0   253 255 0   0   6   0   255 255 254 255 
255 255 0   0   1   0   0   0   255 255 0   0   1   0   1   0   0   0   0   0   2   0   0   0   0   0   1   0   1   0   1   0   
0   0   0   0   2   0   0   0   0   0   1   0   2   0   1   0   0   0   0   0   2   0   255 255 0   0   1   0   2   0   1   0   
1   0   2   0   2   0   255 255 1   0   1   0   2   0   0   0   2   0   5   0   3   0   255 255 0   0   3   0   1   0   0   0   
3   0   10  0   2   0   255 255 0   0   6   0   1   0   255 255 5   0   22  0   1   0   253 255 0   0   6   0   255 255 254 255 
255 255 0   0   1   0   0   0   255 255 0   0   1   0   1   0   0   0   0   0   2   0   0   0   0   0   1   0   2   0   1   0   
0   0   0   0   2   0   0   0   0   0   1   0   2   0   1   0   0   0   0   0   2   0   255 255 0   0   1   0   2   0   1   0   
1   0   2   0   2   0   255 255 1   0   1   0   2   0   0   0   2   0   5   0   3   0   255 255 0   0   3   0   1   0   0   0   
3   0   10  0   3   0   255 255 0   0   6   0   1   0   255 255 5   0   22  0   1   0   253 255 0   0   6   0   255 255 254 255 
255 255 0   0   1   0   0   0   255 255 0   0   1   0   1   0   0   0   0   0   2   0   0   0   0   0   1   0   1   0   1   0   
0   0   0   0   2   0   0   0   0   0   1   0   2   0   1   0   0   0   0   0   2   0   255 255 0   0   1   0   2   0   1   0   
1   0   2   0   2   0   255 255 1   0   1   0   2   0   1   0   2   0   5   0   3   0   255 255 0   0   3   0   1   0   0   0   
3   0   9   0   2   0   254 255 0   0   6   0   0   0   255 255 5   0   22  0   1   0   253 255 0   0   6   0   255 255 254 255 
255 255 0   0   1   0   0   0   255 255 0   0   1   0   1   0   0   0   0   0   1   0   0   0   0   0   1   0   1   0   1   0   
0   0   0   0   2   0   0   0   0   0   1   0   2   0   1   0   0   0   0   0   2   0   0   0   0   0   1   0   2   0   1   0   
1   0   2   0   2   0   255 255 1   0   1   0   2   0   0   0   2   0   5   0   3   0   255 255 0   0   3   0   1   0   0   0   
3   0   9   0   2   0   254 255 0   0   6   0   0   0   255 255 5   0   22  0   1   0   253 255 0   0   6   0   255 255 254 255 
255 255 0   0   1   0   0   0   255 255 0   0   1   0   1   0   0   0   0   0   2   0   0   0   0   0   1   0   1   0   1   0   
0   0   0   0   2   0   0   0   0   0   1   0   2   0   1   0   0   0   0   0   1   0   255 255 0   0   1   0   2   0   1   0   
1   0   2   0   2   0   255 255 1   0   1   0   2   0   0   0   2   0   5   0   3   0   255 255 0   0   3   0   1   0   0   0   
3   0   9   0   2   0   254 255 0   0   6   0   0   0   255 255 5   0   22  0   1   0   253 255 0   0   6   0   255 255 254 255 
255 255 0   0   1   0   0   0   255 255 255 255 0   0   0   0   0   0   0   0   2   0   0   0   0   0   1   0   1   0   1   0   
0   0   0   0   2   0   0   0   0   0   1   0   2   0   1   0   0   0   0   0   1   0   255 255 0   0   1   0   2   0   1   0   
1   0   2   0   2   0   255 255 1   0   1   0   2   0   0   0   2   0   5   0   3   0   255 255 0   0   3   0   1   0   0   0   
3   0   9   0   2   0   254 255 1   0   6   0   1   0   255 255 5   0   22  0   1   0   253 255 0   0   6   0   255 255 254 255 
255 255 0   0   1   0   0   0   255 255 255 255 0   0   0   0   0   0   0   0   2   0   0   0   0   0   1   0   1   0   1   0   
0   0   0   0   2   0   0   0   0   0   1   0   2   0   1   0   0   0   0   0   2   0   255 255 0   0   1   0   2   0   1   0   
1   0   2   0   2   0   255 255 0   0   1   0   2   0   0   0   2   0   5   0   3   0   255 255 0   0   3   0   1   0   0   0   
3   0   9   0   2   0   254 255 1   0   6   0   1   0   255 255 5   0   22  0   1   0   253 255 0   0   6   0   255 255 254 255 
255 255 0   0   1   0   0   0   255 255 0   0   0   0   1   0   0   0   0   0   2   0   0   0   0   0   1   0   1   0   1   0   
0   0   0   0   2   0   0   0   0   0   1   0   2   0   1   0   0   0   0   0   2   0   255 255 0   0   1   0   2   0   1   0   
1   0   2   0   2   0   255 255 0   0   1   0   2   0   0   0   2   0   5   0   3   0   255 255 0   0   3   0   1   0   0   0   
3   0   9   0   2   0   254 255 1   0   6   0   1   0   255 255 5   0   22  0   1   0   253 255 0   0   6   0   255 255 254 255 
255 255 0   0   1   0   0   0   255 255 0   0   1   0   1   0   0   0   0   0   2   0   0   0   0   0   1   0   1   0   1   0   
0   0   0   0   2   0   0   0   0   0   1   0   2   0   1   0   0   0   0   0   2   0   255 255 0   0   1   0   2   0   1   0   
1   0   2   0   2   0   255 255 0   0   1   0   1   0   0   0   2   0   5   0   3   0   255 255 0   0   3   0   1   0   0   0   
3   0   9   0   2   0   254 255 0   0   6   0   1   0   255 255 5   0   22  0   1   0   253 255 0   0   6   0   255 255 254 255 
255 255 0   0   1   0   0   0   255 255 0   0   1   0   1   0   0   0   0   0   1   0   0   0   0   0   1   0   1   0   1   0   
0   0   0   0   2   0   0   0   0   0   1   0   2   0   1   0   0   0   0   0   2   0   255 255 0   0   1   0   2   0   1   0   
0   0   2   0   2   0   255 255 0   0   1   0   1   0   0   0   2   0   5   0   3   0   255 255 0   0   3   0   1   0   0   0   
3   0   9   0   2   0   254 255 0   0   6   0   1   0   255 255 5   0   22  0   1   0   253 255 0   0   6   0   255 255 254 255 
255 255 0   0   1   0   0   0   255 255 0   0   1   0   1   0   0   0   0   0   1   0   0   0   0   0   1   0   1   0   1   0   
0   0   0   0   2   0   0   0   0   0   1   0   2   0   1   0   0   0   0   0   2   0   255 255 0   0   1   0   2   0   1   0   
0   0   2   0   2   0   255 255 0   0   1   0   1   0   0   0   2   0   5   0   3   0   255 255 0   0   3   0   1   0   0   0   
3   0   9   0   2   0   254 255 0   0   6   0   1   0   255 255 5   0   22  0   1   0   253 255 0   0   6   0   255 255 254 255 
255 255 0   0   1   0   0   0   255 255 0   0   1   0   1   0   0   0   0   0   1   0   0   0   0   0   1   0   1   0   1   0   
0   0   0   0   2   0   0   0   0   0   1   0   2   0   1   0   0   0   0   0   2   0   255 255 0   0   1   0   2   0   1   0   
0   0   2   0   2   0   255 255 0   0   1   0   1   0   0   0   2   0   5   0   3   0   255 255 0   0   3   0   1   0   1   0   
3   0   9   0   2   0   254 255 0   0   6   0   1   0   255 255 5   0   22  0   1   0   253 255 0   0   6   0   255 255 254 255 
0   0   0   0   2   0   1   0   0   0   0   0   1   0   1   0   0   0   0   0   1   0   0   0   0   0   1   0   1   0   1   0   
0   0   0   0   2   0   0   0   0   0   1   0   2   0   1   0   0   0   0   0   2   0   255 255 0   0   1   0   2   0   1   0   
1   0   2   0   2   0   255 255 0   0   1   0   1   0   0   0   2   0   5   0   3   0   255 255 0   0   3   0   1   0   1   0   
3   0   9   0   2   0   254 255 0   0   6   0   1   0   255 255 5   0   22  0   1   0   253 255 0   0   6   0   255 255 254 255 
0   0   0   0   1   0   1   0   0   0   0   0   1   0   1   0   0   0   0   0   1   0   0   0   0   0   1   0   1   0   1   0   
0   0   0   0   2   0   0   0   0   0   1   0   2   0   1   0   0   0   0   0   2   0   0   0   0   0   1   0   2   0   1   0   
1   0   2   0   2   0   255 255 0   0   1   0   1   0   0   0   2   0   5   0   3   0   255 255 0   0   3   0   1   0   1   0   
3   0   9   0   2   0   254 255 0   0   6   0   1   0   255 255 5   0   22  0   1   0   253 255 0   0   6   0   255 255 254 255 
0   0   0   0   1   0   0   0   0   0   0   0   1   0   1   0   0   0   0   0   1   0   0   0   0   0   1   0   1   0   1   0   
0   0   0   0   2   0   0   0   0   0   1   0   2   0   1   0   0   0   0   0   2   0   255 255 0   0   1   0   2   0   1   0   
1   0   2   0   2   0   255 255 0   0   1   0   1   0   0   0   2   0   5   0   3   0   255 255 0   0   3   0   1   0   1   0   
3   0   9   0   2   0   254 255 0   0   6   0   1   0   255 255 5   0   22  0   1   0   253 255 0   0   6   0   255 255 254 255 
0   0   0   0   1   0   0   0   0   0   0   0   1   0   1   0   0   0   0   0   1   0   0   0   0   0   1   0   1   0   1   0   
0   0   0   0   2   0   0   0   0   0   1   0   2   0   1   0   0   0   0   0   2   0   255 255 0   0   1   0   2   0   1   0   
1   0   2   0   2   0   255 255 0   0   1   0   2   0   0   0   2   0   5   0   3   0   255 255 0   0   3   0   1   0   1   0   
3   0   9   0   2   0   254 255 0   0   6   0   1   0   255 255 5   0   22  0   1   0   253 255 0   0   6   0   255 255 254 255 
0   0   0   0   1   0   0   0   0   0   0   0   1   0   1   0   0   0   0   0   2   0   0   0   0   0   1   0   2   0   2   0   
0   0   0   0   2   0   0   0   0   0   1   0   2   0   1   0   0   0   0   0   2   0   255 255 0   0   1   0   2   0   1   0   
1   0   2   0   2   0   255 255 0   0   1   0   2   0   0   0   1   0   4   0   2   0   254 255 0   0   3   0   1   0   1   0   
3   0   9   0   2   0   254 255 0   0   6   0   1   0   255 255 5   0   22  0   1   0   253 255 0   0   6   0   255 255 254 255 
0   0   0   0   1   0   0   0   0   0   0   0   1   0   1   0   0   0   0   0   2   0   0   0   0   0   1   0   2   0   2   0   
0   0   0   0   2   0   0   0   0   0   1   0   2   0   1   0   0   0   0   0   1   0   255 255 0   0   1   0   1   0   0   0   
1   0   2   0   2   0   255 255 0   0   1   0   2   0   0   0   1   0   5   0   2   0   255 255 0   0   3   0   1   0   1   0   
3   0   9   0   2   0   254 255 0   0   5   0   1   0   255 255 5   0   22  0   1   0   253 255 0   0   6   0   255 255 254 255 
0   0   0   0   1   0   0   0   0   0   0   0   1   0   1   0   0   0   0   0   2   0   0   0   0   0   1   0   2   0   2   0   
0   0   0   0   2   0   0   0   0   0   1   0   2   0   1   0   0   0   0   0   1   0   255 255 0   0   1   0   1   0   0   0   
1   0   2   0   2   0   255 255 0   0   1   0   2   0   0   0   1   0   5   0   2   0   255 255 0   0   3   0   1   0   1   0   
3   0   9   0   2   0   255 255 0   0   5   0   1   0   255 255 5   0   22  0   1   0   253 255 0   0   6   0   255 255 254 255 
0   0   0   0   1   0   0   0   0   0   0   0   1   0   1   0   0   0   0   0   2   0   0   0   0   0   1   0   2   0   2   0   
0   0   0   0   1   0   0   0   0   0   1   0   2   0   1   0   0   0   0   0   1   0   255 255 0   0   1   0   1   0   1   0   
1   0   2   0   2   0   255 255 0   0   1   0   1   0   0   0   1   0   5   0   2   0   255 255 0   0   3   0   1   0   1   0   
2   0   9   0   2   0   255 255 0   0   5   0   1   0   255 255 5   0   22  0   1   0   253 255 0   0   6   0   255 255 254 255 
0   0   0   0   1   0   0   0   0   0   0   0   0   0   1   0   0   0   0   0   1   0   0   0   0   0   1   0   2   0   2   0   
0   0   0   0   2   0   0   0   0   0   1   0   2   0   1   0   0   0   0   0   1   0   255 255 0   0   1   0   1   0   1   0   
1   0   2   0   2   0   255 255 0   0   1   0   1   0   0   0   1   0   5   0   2   0   255 255 0   0   3   0   1   0   1   0   
2   0   9   0   2   0   255 255 0   0   5   0   1   0   255 255 5   0   22  0   1   0   253 255 0   0   6   0   255 255 254 255 
0   0   0   0   1   0   0   0   0   0   0   0   0   0   1   0   0   0   0   0   1   0   0   0   0   0   1   0   2   0   2   0   
0   0   0   0   2   0   0   0   0   0   1   0   2   0   1   0   0   0   0   0   1   0   255 255 0   0   1   0   1   0   1   0   
1   0   2   0   2   0   255 255 0   0   1   0   1   0   0   0   1   0   5   0   2   0   255 255 0   0   3   0   1   0   1   0   
3   0   9   0   2   0   255 255 1   0   5   0   1   0   255 255 5   0   22  0   1   0   253 255 1   0   7   0   255 255 254 255 
0   0   0   0   1   0   0   0   255 255 0   0   0   0   0   0   0   0   0   0   1   0   0   0   0   0   1   0   2   0   2   0   
0   0   0   0   2   0   0   0   0   0   1   0   2   0   1   0   0   0   0   0   2   0   255 255 0   0   1   0   1   0   1   0   
1   0   2   0   2   0   255 255 0   0   1   0   1   0   0   0   2   0   5   0   2   0   255 255 0   0   3   0   1   0   1   0   
3   0   9   0   2   0   255 255 0   0   5   0   1   0   255 255 5   0   22  0   1   0   253 255 0   0   7   0   255 255 254 255 
0   0   0   0   1   0   0   0   255 255 0   0   0   0   1   0   0   0   0   0   2   0   0   0   0   0   1   0   2   0   2   0   
0   0   0   0   2   0   255 255 0   0   1   0   2   0   1   0   0   0   0   0   2   0   255 255 0   0   1   0   1   0   1   0   
1   0   2   0   2   0   255 255 0   0   1   0   1   0   0   0   2   0   5   0   2   0   255 255 0   0   3   0   1   0   1   0   
3   0   9   0   2   0   255 255 0   0   5   0   1   0   255 255 5   0   22  0   1   0   253 255 0   0   7   0   255 255 254 255 
255 255 255 255 1   0   0   0   255 255 0   0   0   0   1   0   0   0   0   0   2   0   0   0   0   0   1   0   1   0   2   0   
0   0   0   0   2   0   255 255 0   0   1   0   2   0   1   0   0   0   0   0   2   0   255 255 0   0   1   0   1   0   1   0   
0   0   2   0   1   0   255 255 0   0   1   0   1   0   0   0   2   0   5   0   2   0   255 255 0   0   2   0   1   0   1   0   
3   0   9   0   2   0   254 255 0   0   5   0   1   0   255 255 5   0   22  0   1   0   253 255 0   0   7   0   255 255 254 255 
255 255 0   0   1   0   0   0   255 255 0   0   0   0   1   0   0   0   0   0   2   0   0   0   0   0   1   0   1   0   2   0   
0   0   0   0   1   0   255 255 0   0   1   0   2   0   1   0   0   0   0   0   1   0   255 255 0   0   1   0   1   0   1   0   
0   0   2   0   2   0   255 255 0   0   1   0   1   0   0   0   2   0   5   0   2   0   255 255 0   0   3   0   1   0   1   0   
3   0   9   0   2   0   254 255 0   0   5   0   1   0   255 255 5   0   22  0   1   0   253 255 0   0   6   0   255 255 254 255 
255 255 0   0   1   0   0   0   255 255 0   0   0   0   1   0   0   0   0   0   2   0   0   0   0   0   1   0   1   0   1   0   
0   0   0   0   2   0   0   0   0   0   1   0   2   0   1   0   0   0   0   0   1   0   255 255 0   0   1   0   1   0   1   0   
0   0   2   0   2   0   255 255 0   0   1   0   1   0   0   0   2   0   5   0   2   0   255 255 0   0   2   0   1   0   1   0   
3   0   9   0   2   0   255 255 0   0   5   0   1   0   255 255 5   0   22  0   1   0   253 255 0   0   6   0   255 255 254 255 
255 255 0   0   1   0   0   0   255 255 0   0   0   0   1   0   0   0   0   0   2   0   0   0   0   0   1   0   1   0   1   0   
0   0   0   0   2   0   0   0   0   0   1   0   2   0   1   0   0   0   0   0   1   0   255 255 0   0   1   0   1   0   1   0   
0   0   2   0   2   0   255 255 0   0   1   0   2   0   0   0   2   0   5   0   3   0   255 255 0   0   2   0   0   0   0   0   
3   0   9   0   2   0   255 255 0   0   5   0   1   0   255 255 5   0   22  0   1   0   253 255 0   0   6   0   255 255 254 255 
255 255 0   0   1   0   0   0   255 255 0   0   0   0   1   0   0   0   0   0   2   0   0   0   0   0   1   0   1   0   1   0   
0   0   0   0   2   0   0   0   0   0   1   0   2   0   1   0   0   0   0   0   1   0   255 255 0   0   1   0   1   0   1   0   
0   0   2   0   2   0   255 255 0   0   1   0   2   0   0   0   2   0   5   0   3   0   255 255 0   0   2   0   0   0   0   0   
3   0   8   0   2   0   254 255 0   0   5   0   1   0   255 255 5   0   22  0   1   0   253 255 0   0   6   0   255 255 254 255 
255 255 0   0   1   0   0   0   255 255 0   0   0   0   1   0   0   0   0   0   2   0   0   0   0   0   1   0   1   0   1   0   
0   0   0   0   2   0   0   0   0   0   1   0   2   0   1   0   0   0   0   0   1   0   255 255 0   0   1   0   1   0   1   0   
0   0   2   0   2   0   255 255 0   0   1   0   2   0   0   0   2   0   5   0   3   0   255 255 0   0   2   0   0   0   0   0   
3   0   8   0   2   0   254 255 0   0   5   0   1   0   255 255 5   0   22  0   1   0   253 255 0   0   6   0   255 255 254 255 
255 255 0   0   1   0   0   0   255 255 0   0   0   0   1   0   0   0   0   0   2   0   0   0   0   0   1   0   1   0   1   0   
0   0   0   0   2   0   0   0   0   0   1   0   2   0   1   0   0   0   0   0   1   0   255 255 0   0   1   0   1   0   1   0   
0   0   2   0   2   0   255 255 0   0   1   0   2   0   0   0   2   0   5   0   3   0   255 255 0   0   2   0   0   0   0   0   
3   0   9   0   2   0   254 255 0   0   5   0   1   0   255 255 5   0   22  0   1   0   253 255 0   0   7   0   255 255 254 255 
255 255 0   0   1   0   0   0   255 255 0   0   0   0   1   0   0   0   0   0   2   0   0   0   0   0   1   0   1   0   1   0   
0   0   0   0   2   0   0   0   0   0   1   0   2   0   1   0   0   0   0   0   1   0   255 255 0   0   1   0   1   0   0   0   
0   0   2   0   2   0   255 255 0   0   1   0   2   0   0   0   2   0   5   0   3   0   255 255 0   0   2   0   0   0   0   0   
3   0   9   0   2   0   254 255 1   0   6   0   1   0   255 255 5   0   22  0   1   0   253 255 0   0   7   0   255 255 254 255 
255 255 0   0   1   0   0   0   255 255 0   0   0   0   1   0   0   0   0   0   1   0   255 255 0   0   1   0   1   0   1   0   
0   0   0   0   2   0   0   0   0   0   1   0   2   0   1   0   0   0   0   0   1   0   255 255 0   0   1   0   1   0   0   0   
1   0   2   0   2   0   255 255 0   0   1   0   2   0   0   0   2   0   5   0   3   0   255 255 0   0   2   0   0   0   0   0   
3   0   9   0   2   0   254 255 0   0   6   0   1   0   255 255 5   0   22  0   1   0   253 255 0   0   7   0   255 255 254 255 
255 255 0   0   1   0   0   0   255 255 0   0   0   0   1   0   0   0   0   0   2   0   0   0   0   0   1   0   2   0   1   0   
0   0   0   0   2   0   0   0   0   0   1   0   2   0   1   0   0   0   0   0   1   0   255 255 0   0   1   0   1   0   0   0   
1   0   2   0   2   0   255 255 0   0   1   0   2   0   0   0   2   0   5   0   3   0   255 255 0   0   2   0   0   0   0   0   
3   0   9   0   2   0   254 255 0   0   6   0   1   0   255 255 5   0   22  0   1   0   253 255 0   0   7   0   255 255 254 255 
255 255 0   0   1   0   0   0   255 255 0   0   0   0   1   0   0   0   0   0   1   0   255 255 0   0   1   0   1   0   1   0   
0   0   0   0   2   0   0   0   0   0   1   0   2   0   1   0   0   0   0   0   1   0   255 255 0   0   1   0   1   0   0   0   
1   0   2   0   2   0   255 255 0   0   1   0   2   0   0   0   2   0   5   0   3   0   255 255 0   0   2   0   0   0   0   0   
3   0   9   0   2   0   255 255 0   0   6   0   1   0   255 255 5   0   22  0   1   0   253 255 0   0   7   0   255 255 254 255 
255 255 0   0   1   0   0   0   255 255 0   0   1   0   1   0   0   0   0   0   1   0   255 255 0   0   1   0   1   0   1   0   
0   0   0   0   2   0   0   0   0   0   1   0   2   0   1   0   0   0   0   0   1   0   255 255 0   0   1   0   1   0   1   0   
1   0   2   0   2   0   255 255 0   0   1   0   2   0   0   0   2   0   5   0   2   0   255 255 0   0   3   0   1   0   1   0   
3   0   9   0   2   0   255 255 0   0   6   0   1   0   255 255 5   0   22  0   1   0   253 255 0   0   7   0   255 255 254 255 
255 255 0   0   1   0   0   0   255 255 0   0   1   0   1   0   0   0   0   0   1   0   0   0   0   0   1   0   1   0   1   0   
0   0   0   0   2   0   0   0   0   0   1   0   2   0   1   0   0   0   0   0   1   0   255 255 0   0   1   0   1   0   1   0   
1   0   2   0   2   0   0   0   0   0   1   0   2   0   0   0   2   0   5   0   2   0   255 255 0   0   3   0   1   0   1   0   
3   0   9   0   2   0   255 255 0   0   6   0   0   0   255 255 5   0   21  0   1   0   253 255 0   0   7   0   255 255 254 255 
255 255 0   0   1   0   0   0   255 255 0   0   1   0   1   0   0   0   0   0   1   0   0   0   0   0   1   0   1   0   1   0   
0   0   0   0   2   0   0   0   0   0   1   0   2   0   1   0   0   0   0   0   1   0   255 255 0   0   1   0   1   0   1   0   
1   0   2   0   2   0   0   0   0   0   1   0   2   0   0   0   2   0   5   0   2   0   255 255 0   0   3   0   1   0   1   0   
3   0   9   0   2   0   255 255 0   0   6   0   0   0   255 255 5   0   22  0   1   0   253 255 0   0   7   0   255 255 254 255 
255 255 0   0   1   0   0   0   255 255 0   0   1   0   1   0   0   0   0   0   1   0   255 255 0   0   1   0   1   0   1   0   
0   0   0   0   2   0   0   0   0   0   1   0   2   0   1   0   0   0   0   0   1   0   255 255 0   0   1   0   1   0   1   0   
1   0   2   0   2   0   0   0   0   0   1   0   1   0   0   0   2   0   5   0   3   0   255 255 0   0   3   0   1   0   1   0   
3   0   9   0   2   0   255 255 0   0   5   0   0   0   255 255 5   0   22  0   1   0   253 255 0   0   7   0   255 255 254 255 
255 255 0   0   1   0   0   0   255 255 0   0   1   0   1   0   0   0   0   0   1   0   255 255 0   0   1   0   1   0   1   0   
0   0   0   0   2   0   0   0   0   0   1   0   2   0   1   0   0   0   0   0   2   0   255 255 0   0   1   0   1   0   1   0   
1   0   2   0   2   0   0   0   0   0   1   0   1   0   0   0   2   0   5   0   3   0   255 255 0   0   3   0   1   0   1   0   
3   0   9   0   3   0   255 255 0   0   5   0   0   0   255 255 5   0   22  0   1   0   253 255 0   0   7   0   255 255 254 255 
255 255 0   0   1   0   0   0   255 255 0   0   1   0   1   0   0   0   0   0   1   0   0   0   0   0   1   0   1   0   1   0   
0   0   0   0   2   0   0   0   0   0   1   0   2   0   1   0   0   0   0   0   2   0   255 255 0   0   1   0   1   0   1   0   
1   0   2   0   2   0   0   0   0   0   1   0   2   0   1   0   2   0   5   0   3   0   255 255 0   0   3   0   1   0   1   0   
3   0   8   0   2   0   254 255 0   0   5   0   0   0   255 255 5   0   22  0   1   0   253 255 0   0   7   0   255 255 254 255 
255 255 0   0   1   0   0   0   255 255 0   0   1   0   1   0   0   0   0   0   1   0   0   0   0   0   1   0   1   0   1   0   
0   0   0   0   2   0   0   0   0   0   1   0   2   0   1   0   0   0   0   0   1   0   255 255 0   0   1   0   1   0   1   0   
1   0   2   0   2   0   255 255 0   0   1   0   2   0   0   0   2   0   5   0   3   0   255 255 255 255 2   0   0   0   0   0   
3   0   8   0   2   0   254 255 0   0   5   0   0   0   255 255 5   0   22  0   1   0   253 255 1   0   8   0   0   0   255 255 
255 255 0   0   1   0   0   0   255 255 0   0   1   0   1   0   0   0   0   0   1   0   0   0   0   0   1   0   1   0   1   0   
0   0   0   0   1   0   0   0   0   0   1   0   2   0   1   0   0   0   0   0   1   0   255 255 0   0   1   0   1   0   1   0   
1   0   2   0   2   0   255 255 1   0   1   0   2   0   0   0   2   0   5   0   3   0   255 255 255 255 2   0   0   0   0   0   
3   0   8   0   2   0   254 255 0   0   5   0   0   0   255 255 5   0   22  0   1   0   253 255 1   0   8   0   0   0   255 255 
255 255 0   0   1   0   255 255 255 255 0   0   1   0   1   0   0   0   0   0   1   0   0   0   0   0   1   0   1   0   1   0   
0   0   0   0   1   0   0   0   0   0   1   0   2   0   1   0   0   0   0   0   1   0   255 255 0   0   1   0   1   0   1   0   
1   0   2   0   2   0   255 255 1   0   1   0   2   0   0   0   2   0   5   0   3   0   255 255 255 255 2   0   0   0   0   0   
3   0   8   0   2   0   254 255 0   0   5   0   0   0   255 255 5   0   22  0   1   0   253 255 1   0   8   0   0   0   255 255 
255 255 0   0   1   0   255 255 255 255 0   0   1   0   1   0   0   0   0   0   1   0   0   0   0   0   1   0   1   0   1   0   
0   0   0   0   1   0   255 255 0   0   1   0   2   0   1   0   0   0   0   0   1   0   255 255 0   0   1   0   1   0   1   0   
1   0   2   0   2   0   255 255 1   0   1   0   2   0   0   0   2   0   5   0   3   0   255 255 255 255 2   0   0   0   0   0   
3   0   8   0   2   0   254 255 0   0   6   0   1   0   255 255 5   0   22  0   1   0   253 255 0   0   7   0   255 255 254 255 
255 255 0   0   1   0   255 255 255 255 0   0   1   0   1   0   0   0   1   0   1   0   0   0   0   0   1   0   1   0   1   0   
0   0   0   0   1   0   0   0   0   0   1   0   2   0   1   0   0   0   0   0   1   0   255 255 0   0   1   0   1   0   1   0   
1   0   2   0   2   0   255 255 0   0   1   0   2   0   0   0   2   0   5   0   3   0   255 255 0   0   2   0   0   0   0   0   
2   0   8   0   2   0   254 255 0   0   6   0   1   0   255 255 5   0   22  0   1   0   253 255 0   0   7   0   255 255 254 255 
255 255 0   0   1   0   0   0   255 255 0   0   1   0   1   0   0   0   1   0   1   0   0   0   0   0   0   0   0   0   1   0   
0   0   0   0   1   0   255 255 0   0   1   0   2   0   1   0   0   0   0   0   1   0   255 255 0   0   1   0   1   0   1   0   
1   0   2   0   2   0   255 255 0   0   1   0   2   0   0   0   2   0   5   0   3   0   255 255 0   0   2   0   0   0   0   0   
2   0   8   0   2   0   254 255 0   0   6   0   1   0   255 255 5   0   22  0   1   0   254 255 0   0   7   0   255 255 254 255 
255 255 0   0   0   0   255 255 255 255 0   0   1   0   1   0   0   0   1   0   1   0   0   0   0   0   1   0   1   0   1   0   
0   0   0   0   1   0   0   0   0   0   1   0   2   0   1   0   0   0   0   0   1   0   0   0   0   0   1   0   1   0   1   0   
1   0   2   0   2   0   255 255 0   0   1   0   2   0   0   0   2   0   5   0   2   0   255 255 0   0   2   0   0   0   0   0   
2   0   8   0   2   0   254 255 0   0   6   0   1   0   255 255 5   0   22  0   1   0   254 255 0   0   7   0   255 255 254 255 
255 255 0   0   0   0   255 255 255 255 0   0   1   0   1   0   0   0   1   0   1   0   0   0   0   0   1   0   1   0   1   0   
0   0   0   0   1   0   0   0   0   0   1   0   2   0   1   0   0   0   0   0   1   0   255 255 0   0   1   0   1   0   1   0   
1   0   2   0   2   0   255 255 0   0   1   0   2   0   0   0   2   0   5   0   2   0   255 255 0   0   2   0   0   0   0   0   
2   0   8   0   2   0   254 255 0   0   5   0   1   0   255 255 5   0   22  0   1   0   253 255 0   0   6   0   255 255 254 255 
255 255 0   0   0   0   255 255 255 255 0   0   1   0   1   0   0   0   1   0   1   0   0   0   0   0   1   0   1   0   1   0   
0   0   0   0   1   0   0   0   0   0   1   0   2   0   1   0   0   0   0   0   1   0   255 255 0   0   1   0   1   0   1   0   
1   0   2   0   2   0   255 255 0   0   1   0   2   0   0   0   2   0   5   0   2   0   255 255 0   0   2   0   0   0   0   0   
2   0   8   0   2   0   254 255 0   0   5   0   1   0   255 255 5   0   22  0   1   0   253 255 0   0   6   0   255 255 254 255 
255 255 0   0   1   0   0   0   255 255 0   0   1   0   1   0   0   0   1   0   1   0   0   0   0   0   1   0   1   0   1   0   
0   0   0   0   1   0   0   0   0   0   1   0   2   0   1   0   0   0   0   0   1   0   255 255 0   0   1   0   1   0   1   0   
1   0   2   0   2   0   255 255 0   0   1   0   2   0   0   0   2   0   5   0   2   0   255 255 0   0   2   0   0   0   0   0   
2   0   8   0   2   0   254 255 0   0   5   0   1   0   255 255 5   0   22  0   1   0   253 255 0   0   6   0   255 255 254 255 
255 255 0   0   1   0   0   0   0   0   0   0   1   0   1   0   0   0   0   0   1   0   0   0   0   0   1   0   1   0   1   0   
0   0   0   0   1   0   0   0   0   0   1   0   2   0   1   0   0   0   0   0   1   0   255 255 0   0   1   0   1   0   1   0   
1   0   2   0   2   0   255 255 0   0   1   0   1   0   0   0   2   0   5   0   2   0   255 255 0   0   2   0   0   0   0   0   
3   0   9   0   2   0   255 255 0   0   6   0   1   0   255 255 5   0   22  0   1   0   253 255 0   0   7   0   255 255 254 255 
255 255 0   0   1   0   0   0   0   0   0   0   1   0   1   0   0   0   0   0   1   0   0   0   0   0   1   0   1   0   1   0   
0   0   0   0   1   0   0   0   0   0   1   0   2   0   1   0   0   0   0   0   1   0   255 255 0   0   1   0   1   0   1   0   
1   0   2   0   2   0   255 255 0   0   1   0   1   0   0   0   2   0   5   0   2   0   255 255 0   0   2   0   0   0   0   0   
3   0   9   0   2   0   255 255 0   0   6   0   1   0   255 255 5   0   22  0   1   0   253 255 0   0   7   0   255 255 254 255 
255 255 0   0   1   0   0   0   0   0   0   0   1   0   1   0   0   0   0   0   1   0   255 255 0   0   1   0   1   0   1   0   
0   0   0   0   1   0   0   0   0   0   1   0   2   0   1   0   0   0   0   0   1   0   255 255 0   0   1   0   1   0   1   0   
1   0   2   0   2   0   255 255 0   0   1   0   1   0   0   0   2   0   5   0   2   0   255 255 0   0   2   0   0   0   0   0   
3   0   9   0   2   0   255 255 0   0   6   0   1   0   255 255 5   0   22  0   1   0   253 255 0   0   7   0   255 255 254 255 
255 255 0   0   1   0   0   0   0   0   0   0   1   0   1   0   0   0   0   0   2   0   0   0   0   0   1   0   1   0   1   0   
0   0   0   0   1   0   0   0   0   0   1   0   2   0   1   0   0   0   0   0   1   0   255 255 0   0   1   0   1   0   1   0   
0   0   2   0   2   0   255 255 1   0   1   0   2   0   0   0   2   0   5   0   2   0   255 255 0   0   2   0   0   0   0   0   
3   0   9   0   2   0   255 255 0   0   6   0   1   0   255 255 5   0   23  0   2   0   254 255 0   0   7   0   255 255 254 255 
255 255 0   0   1   0   0   0   0   0   0   0   1   0   1   0   0   0   0   0   2   0   0   0   0   0   1   0   1   0   1   0   
0   0   0   0   2   0   0   0   0   0   1   0   2   0   1   0   0   0   0   0   1   0   255 255 0   0   1   0   1   0   0   0   
0   0   2   0   2   0   255 255 1   0   1   0   2   0   0   0   2   0   5   0   2   0   255 255 0   0   2   0   1   0   1   0   
3   0   9   0   2   0   255 255 0   0   6   0   1   0   255 255 5   0   23  0   2   0   254 255 1   0   8   0   0   0   255 255 
255 255 0   0   1   0   0   0   0   0   0   0   1   0   1   0   0   0   0   0   2   0   0   0   0   0   1   0   1   0   1   0   
0   0   0   0   2   0   0   0   0   0   1   0   2   0   1   0   0   0   0   0   1   0   255 255 0   0   1   0   1   0   0   0   
1   0   2   0   2   0   255 255 1   0   1   0   1   0   0   0   2   0   5   0   2   0   255 255 0   0   3   0   1   0   1   0   
3   0   9   0   2   0   255 255 0   0   6   0   1   0   255 255 5   0   23  0   2   0   254 255 1   0   8   0   0   0   255 255 
255 255 0   0   1   0   0   0   0   0   0   0   1   0   1   0   0   0   0   0   2   0   0   0   0   0   1   0   1   0   1   0   
0   0   0   0   2   0   0   0   0   0   1   0   2   0   1   0   0   0   0   0   1   0   255 255 0   0   1   0   1   0   0   0   
1   0   2   0   2   0   255 255 1   0   1   0   2   0   1   0   2   0   5   0   2   0   255 255 0   0   3   0   1   0   1   0   
3   0   9   0   2   0   254 255 0   0   6   0   1   0   255 255 5   0   23  0   2   0   254 255 1   0   8   0   0   0   255 255 
255 255 0   0   1   0   0   0   0   0   0   0   1   0   1   0   0   0   0   0   2   0   0   0   0   0   1   0   1   0   1   0   
0   0   0   0   2   0   0   0   0   0   1   0   2   0   1   0   0   0   0   0   1   0   0   0   0   0   1   0   1   0   0   0   
1   0   2   0   2   0   255 255 0   0   1   0   1   0   0   0   2   0   5   0   2   0   255 255 0   0   3   0   1   0   1   0   
3   0   9   0   2   0   254 255 0   0   6   0   1   0   255 255 5   0   23  0   2   0   253 255 0   0   7   0   0   0   255 255 
255 255 0   0   1   0   0   0   0   0   0   0   1   0   1   0   0   0   0   0   2   0   0   0   0   0   1   0   1   0   1   0   
0   0   0   0   2   0   255 255 0   0   1   0   1   0   1   0   0   0   0   0   1   0   0   0   0   0   1   0   1   0   0   0   
1   0   2   0   2   0   255 255 1   0   1   0   2   0   0   0   2   0   5   0   2   0   255 255 0   0   3   0   1   0   1   0   
3   0   9   0   2   0   254 255 0   0   5   0   1   0   255 255 5   0   23  0   2   0   253 255 0   0   7   0   255 255 254 255 
255 255 0   0   1   0   0   0   0   0   0   0   0   0   1   0   0   0   0   0   2   0   0   0   0   0   1   0   1   0   1   0   
0   0   0   0   2   0   0   0   0   0   1   0   2   0   1   0   0   0   0   0   1   0   0   0   0   0   1   0   1   0   1   0   
1   0   2   0   2   0   255 255 1   0   1   0   2   0   0   0   2   0   5   0   3   0   255 255 0   0   3   0   1   0   1   0   
3   0   9   0   2   0   254 255 0   0   5   0   1   0   255 255 5   0   23  0   2   0   253 255 0   0   7   0   255 255 254 255 
255 255 0   0   1   0   0   0   0   0   0   0   0   0   1   0   0   0   0   0   2   0   0   0   0   0   1   0   1   0   1   0   
0   0   0   0   2   0   0   0   0   0   1   0   2   0   1   0   0   0   0   0   1   0   0   0   0   0   1   0   1   0   1   0   
1   0   2   0   2   0   255 255 1   0   1   0   2   0   0   0   2   0   5   0   3   0   255 255 0   0   2   0   0   0   0   0   
3   0   9   0   2   0   254 255 0   0   5   0   1   0   255 255 5   0   22  0   2   0   253 255 0   0   7   0   255 255 254 255 
255 255 0   0   1   0   0   0   0   0   0   0   0   0   1   0   0   0   0   0   1   0   0   0   0   0   1   0   1   0   1   0   
0   0   0   0   2   0   0   0   0   0   1   0   2   0   1   0   0   0   0   0   1   0   0   0   0   0   1   0   1   0   1   0   
1   0   2   0   2   0   255 255 1   0   1   0   1   0   0   0   2   0   5   0   3   0   255 255 0   0   2   0   0   0   0   0   
3   0   9   0   2   0   254 255 0   0   5   0   1   0   255 255 5   0   23  0   2   0   254 255 0   0   7   0   255 255 254 255 
255 255 0   0   1   0   0   0   0   0   0   0   0   0   1   0   0   0   1   0   2   0   0   0   0   0   1   0   1   0   1   0   
0   0   0   0   2   0   255 255 0   0   1   0   2   0   1   0   0   0   0   0   1   0   0   0   0   0   1   0   1   0   0   0   
1   0   2   0   2   0   255 255 1   0   1   0   1   0   0   0   2   0   5   0   3   0   255 255 0   0   2   0   0   0   0   0   
3   0   9   0   2   0   254 255 0   0   5   0   1   0   255 255 5   0   22  0   2   0   253 255 0   0   6   0   255 255 254 255 
255 255 255 255 0   0   255 255 0   0   0   0   0   0   1   0   0   0   1   0   2   0   0   0   0   0   1   0   1   0   1   0   
0   0   0   0   2   0   0   0   0   0   1   0   2   0   1   0   0   0   0   0   1   0   0   0   0   0   1   0   1   0   0   0   
1   0   2   0   2   0   255 255 1   0   1   0   1   0   0   0   2   0   5   0   3   0   255 255 0   0   2   0   0   0   0   0   
3   0   9   0   2   0   254 255 0   0   5   0   1   0   255 255 5   0   22  0   2   0   253 255 0   0   7   0   255 255 254 255 
255 255 0   0   0   0   255 255 0   0   0   0   0   0   1   0   0   0   0   0   1   0   0   0   0   0   1   0   1   0   1   0   
0   0   0   0   2   0   0   0   0   0   1   0   2   0   1   0   0   0   0   0   1   0   0   0   0   0   1   0   1   0   0   0   
1   0   2   0   2   0   255 255 1   0   1   0   2   0   0   0   2   0   5   0   3   0   255 255 0   0   2   0   0   0   0   0   
3   0   9   0   2   0   254 255 0   0   5   0   1   0   255 255 5   0   22  0   1   0   253 255 0   0   7   0   255 255 254 255 
255 255 0   0   0   0   255 255 0   0   0   0   1   0   1   0   0   0   0   0   1   0   0   0   0   0   1   0   1   0   1   0   
0   0   0   0   2   0   0   0   0   0   1   0   2   0   1   0   0   0   0   0   1   0   0   0   0   0   1   0   1   0   0   0   
1   0   2   0   2   0   255 255 1   0   1   0   2   0   0   0   2   0   5   0   2   0   255 255 0   0   2   0   0   0   0   0   
3   0   9   0   2   0   254 255 0   0   5   0   1   0   255 255 5   0   22  0   1   0   253 255 0   0   7   0   255 255 254 255 
255 255 0   0   1   0   255 255 0   0   0   0   1   0   1   0   0   0   0   0   1   0   0   0   0   0   1   0   1   0   1   0   
0   0   0   0   2   0   0   0   0   0   1   0   2   0   1   0   0   0   0   0   1   0   255 255 0   0   1   0   1   0   0   0   
1   0   2   0   2   0   255 255 0   0   1   0   2   0   0   0   2   0   5   0   2   0   255 255 0   0   2   0   0   0   0   0   
3   0   9   0   2   0   254 255 0   0   6   0   1   0   255 255 5   0   22  0   1   0   253 255 0   0   7   0   255 255 254 255 
255 255 0   0   1   0   255 255 0   0   0   0   1   0   1   0   0   0   0   0   1   0   0   0   0   0   1   0   1   0   1   0   
0   0   0   0   2   0   0   0   0   0   1   0   2   0   1   0   0   0   0   0   1   0   255 255 0   0   1   0   1   0   0   0   
1   0   2   0   2   0   255 255 0   0   1   0   2   0   0   0   2   0   5   0   2   0   255 255 0   0   2   0   0   0   0   0   
3   0   9   0   2   0   255 255 0   0   6   0   1   0   255 255 5   0   22  0   1   0   253 255 0   0   7   0   255 255 254 255 
255 255 0   0   1   0   255 255 0   0   0   0   1   0   1   0   0   0   0   0   1   0   0   0   0   0   1   0   1   0   1   0   
0   0   0   0   2   0   0   0   0   0   1   0   2   0   1   0   0   0   0   0   1   0   255 255 0   0   1   0   1   0   0   0   
1   0   2   0   2   0   255 255 0   0   1   0   2   0   0   0   2   0   5   0   2   0   255 255 0   0   2   0   0   0   0   0   
3   0   9   0   2   0   255 255 0   0   6   0   1   0   255 255 5   0   22  0   1   0   253 255 0   0   7   0   255 255 254 255 
255 255 0   0   1   0   255 255 0   0   0   0   1   0   1   0   0   0   0   0   1   0   0   0   0   0   1   0   1   0   1   0   
0   0   0   0   2   0   0   0   0   0   1   0   2   0   1   0   0   0   0   0   1   0   255 255 0   0   1   0   1   0   0   0   
1   0   2   0   2   0   255 255 0   0   1   0   1   0   255 255 2   0   5   0   2   0   255 255 0   0   3   0   1   0   0   0   
3   0   8   0   2   0   255 255 0   0   5   0   0   0   255 255 5   0   21  0   1   0   253 255 0   0   7   0   255 255 254 255 
255 255 0   0   1   0   0   0   0   0   0   0   1   0   1   0   0   0   0   0   1   0   0   0   0   0   1   0   1   0   1   0   
0   0   0   0   2   0   0   0   0   0   1   0   2   0   1   0   0   0   0   0   1   0   255 255 0   0   1   0   1   0   0   0   
1   0   2   0   2   0   255 255 0   0   1   0   1   0   255 255 2   0   5   0   2   0   255 255 0   0   3   0   1   0   0   0   
3   0   9   0   2   0   255 255 0   0   6   0   1   0   255 255 5   0   22  0   1   0   253 255 0   0   7   0   255 255 254 255 
255 255 0   0   1   0   0   0   255 255 0   0   0   0   0   0   0   0   0   0   1   0   255 255 0   0   1   0   1   0   1   0   
0   0   0   0   2   0   0   0   0   0   1   0   2   0   1   0   0   0   0   0   1   0   255 255 0   0   1   0   1   0   0   0   
1   0   2   0   2   0   255 255 0   0   1   0   2   0   0   0   2   0   5   0   3   0   255 255 0   0   3   0   1   0   0   0   
3   0   9   0   2   0   255 255 0   0   6   0   1   0   255 255 5   0   22  0   1   0   253 255 0   0   7   0   255 255 254 255 
255 255 0   0   1   0   0   0   255 255 0   0   0   0   0   0   0   0   0   0   1   0   0   0   0   0   1   0   1   0   1   0   
0   0   0   0   2   0   0   0   0   0   1   0   2   0   1   0   0   0   0   0   1   0   255 255 0   0   1   0   1   0   0   0   
1   0   2   0   2   0   255 255 0   0   1   0   1   0   0   0   2   0   5   0   3   0   255 255 0   0   3   0   1   0   0   0   
3   0   9   0   3   0   255 255 0   0   6   0   1   0   255 255 5   0   22  0   1   0   253 255 0   0   7   0   255 255 254 255 
255 255 0   0   0   0   255 255 255 255 0   0   0   0   0   0   0   0   0   0   1   0   0   0   0   0   1   0   1   0   1   0   
0   0   0   0   2   0   0   0   0   0   1   0   2   0   1   0   0   0   0   0   1   0   255 255 0   0   1   0   1   0   0   0   
1   0   2   0   2   0   255 255 0   0   1   0   1   0   0   0   2   0   5   0   3   0   255 255 0   0   3   0   1   0   0   0   
2   0   8   0   2   0   254 255 0   0   5   0   1   0   255 255 5   0   22  0   1   0   253 255 0   0   7   0   255 255 254 255 
255 255 0   0   1   0   0   0   255 255 0   0   1   0   1   0   0   0   0   0   1   0   0   0   0   0   1   0   1   0   1   0   
0   0   0   0   2   0   0   0   0   0   1   0   2   0   1   0   0   0   0   0   2   0   255 255 0   0   1   0   1   0   0   0   
0   0   2   0   1   0   255 255 0   0   1   0   1   0   0   0   2   0   5   0   3   0   255 255 0   0   3   0   1   0   0   0   
2   0   8   0   2   0   254 255 0   0   5   0   1   0   255 255 4   0   22  0   1   0   253 255 0   0   7   0   255 255 254 255 
255 255 0   0   1   0   0   0   255 255 0   0   1   0   1   0   0   0   0   0   1   0   0   0   0   0   1   0   1   0   1   0   
0   0   0   0   1   0   0   0   0   0   1   0   2   0   1   0   0   0   0   0   2   0   255 255 0   0   1   0   1   0   0   0   
0   0   2   0   1   0   255 255 0   0   1   0   1   0   0   0   2   0   5   0   3   0   255 255 0   0   3   0   1   0   0   0   
2   0   8   0   2   0   254 255 0   0   5   0   1   0   255 255 4   0   22  0   2   0   253 255 0   0   7   0   255 255 254 255 
255 255 0   0   1   0   0   0   255 255 0   0   1   0   1   0   0   0   0   0   1   0   0   0   0   0   1   0   1   0   1   0   
0   0   0   0   2   0   0   0   0   0   1   0   2   0   1   0   0   0   0   0   2   0   255 255 0   0   1   0   1   0   1   0   
0   0   2   0   1   0   255 255 0   0   1   0   1   0   0   0   2   0   5   0   3   0   255 255 0   0   3   0   1   0   0   0   
2   0   8   0   2   0   254 255 0   0   5   0   1   0   255 255 4   0   22  0   2   0   253 255 0   0   8   0   255 255 254 255 
255 255 0   0   1   0   0   0   255 255 0   0   1   0   1   0   0   0   0   0   1   0   0   0   0   0   1   0   1   0   1   0   
0   0   0   0   2   0   0   0   0   0   1   0   2   0   1   0   0   0   0   0   2   0   255 255 0   0   1   0   1   0   1   0   
0   0   2   0   2   0   255 255 0   0   1   0   1   0   0   0   2   0   5   0   3   0   255 255 0   0   3   0   1   0   0   0   
2   0   8   0   2   0   254 255 0   0   5   0   1   0   255 255 4   0   21  0   2   0   253 255 0   0   7   0   255 255 254 255 
255 255 0   0   1   0   0   0   255 255 0   0   1   0   1   0   0   0   0   0   1   0   0   0   0   0   1   0   1   0   1   0   
0   0   0   0   2   0   0   0   0   0   1   0   2   0   1   0   0   0   0   0   2   0   255 255 0   0   1   0   1   0   0   0   
0   0   2   0   2   0   255 255 0   0   1   0   1   0   0   0   2   0   5   0   3   0   255 255 255 255 2   0   0   0   0   0   
2   0   8   0   2   0   255 255 0   0   5   0   1   0   255 255 5   0   22  0   2   0   253 255 0   0   7   0   255 255 254 255 
255 255 255 255 1   0   0   0   255 255 0   0   1   0   1   0   0   0   0   0   1   0   0   0   0   0   1   0   1   0   1   0   
0   0   0   0   1   0   255 255 0   0   1   0   2   0   1   0   0   0   0   0   2   0   255 255 0   0   1   0   1   0   0   0   
0   0   2   0   2   0   255 255 1   0   1   0   2   0   0   0   2   0   5   0   3   0   255 255 255 255 2   0   0   0   0   0   
2   0   8   0   2   0   255 255 0   0   5   0   1   0   255 255 5   0   22  0   2   0   253 255 0   0   7   0   255 255 254 255 
255 255 255 255 1   0   0   0   255 255 0   0   0   0   1   0   0   0   0   0   1   0   0   0   0   0   1   0   1   0   1   0   
0   0   0   0   1   0   255 255 0   0   1   0   2   0   1   0   0   0   0   0   2   0   255 255 0   0   1   0   1   0   0   0   
0   0   2   0   2   0   255 255 1   0   1   0   2   0   0   0   2   0   5   0   3   0   255 255 255 255 2   0   0   0   0   0   
2   0   8   0   2   0   255 255 0   0   5   0   1   0   255 255 5   0   22  0   2   0   253 255 0   0   8   0   255 255 255 255 
255 255 255 255 1   0   0   0   255 255 0   0   0   0   1   0   0   0   0   0   1   0   0   0   0   0   1   0   1   0   1   0   
0   0   0   0   2   0   0   0   0   0   1   0   2   0   1   0   0   0   0   0   2   0   255 255 0   0   1   0   1   0   0   0   
0   0   2   0   2   0   255 255 0   0   1   0   2   0   0   0   2   0   5   0   3   0   255 255 255 255 2   0   0   0   0   0   
2   0   8   0   2   0   255 255 0   0   5   0   1   0   255 255 4   0   21  0   1   0   253 255 0   0   8   0   255 255 255 255 
255 255 0   0   1   0   0   0   255 255 0   0   0   0   1   0   0   0   0   0   1   0   0   0   0   0   1   0   1   0   1   0   
0   0   0   0   2   0   0   0   0   0   1   0   2   0   1   0   0   0   0   0   2   0   255 255 0   0   1   0   1   0   1   0   
0   0   2   0   2   0   255 255 0   0   1   0   2   0   0   0   1   0   4   0   2   0   255 255 0   0   2   0   0   0   0   0   
2   0   8   0   2   0   255 255 0   0   6   0   1   0   255 255 5   0   22  0   2   0   253 255 0   0   8   0   255 255 254 255 
255 255 0   0   1   0   0   0   255 255 0   0   0   0   1   0   0   0   0   0   1   0   0   0   0   0   1   0   1   0   1   0   
0   0   0   0   2   0   0   0   0   0   1   0   2   0   1   0   0   0   0   0   2   0   255 255 0   0   1   0   1   0   0   0   
0   0   2   0   2   0   255 255 0   0   1   0   2   0   0   0   1   0   4   0   2   0   255 255 0   0   2   0   0   0   0   0   
2   0   8   0   2   0   255 255 0   0   6   0   1   0   255 255 5   0   22  0   2   0   253 255 0   0   8   0   255 255 254 255 
255 255 0   0   1   0   0   0   255 255 0   0   1   0   1   0   0   0   0   0   1   0   0   0   0   0   1   0   1   0   1   0   
0   0   0   0   2   0   0   0   0   0   1   0   2   0   1   0   0   0   0   0   2   0   255 255 0   0   1   0   1   0   0   0   
0   0   2   0   2   0   255 255 0   0   1   0   2   0   0   0   2   0   5   0   3   0   255 255 0   0   3   0   1   0   0   0   
3   0   9   0   3   0   255 255 0   0   6   0   1   0   255 255 5   0   22  0   2   0   253 255 0   0   8   0   255 255 254 255 
255 255 0   0   1   0   0   0   255 255 0   0   1   0   1   0   0   0   0   0   1   0   0   0   0   0   1   0   1   0   1   0   
0   0   0   0   2   0   0   0   0   0   1   0   2   0   1   0   0   0   0   0   2   0   255 255 0   0   1   0   1   0   1   0   
0   0   2   0   2   0   255 255 0   0   1   0   2   0   0   0   2   0   5   0   3   0   255 255 0   0   3   0   1   0   1   0   
3   0   9   0   3   0   255 255 0   0   6   0   1   0   255 255 5   0   22  0   2   0   253 255 0   0   8   0   255 255 254 255 
255 255 0   0   1   0   0   0   255 255 0   0   1   0   1   0   0   0   0   0   1   0   0   0   0   0   1   0   1   0   1   0   
0   0   0   0   2   0   0   0   0   0   1   0   2   0   1   0   0   0   0   0   2   0   255 255 0   0   1   0   1   0   1   0   
0   0   2   0   2   0   255 255 0   0   1   0   2   0   0   0   2   0   5   0   3   0   255 255 0   0   3   0   1   0   1   0   
3   0   9   0   3   0   255 255 0   0   6   0   1   0   255 255 5   0   22  0   2   0   253 255 0   0   8   0   255 255 254 255 
255 255 0   0   1   0   0   0   255 255 0   0   1   0   1   0   0   0   0   0   1   0   0   0   0   0   1   0   1   0   1   0   
0   0   0   0   2   0   0   0   0   0   1   0   2   0   1   0   0   0   0   0   2   0   255 255 0   0   1   0   1   0   0   0   
0   0   2   0   2   0   255 255 0   0   1   0   2   0   0   0   2   0   5   0   3   0   255 255 0   0   3   0   1   0   1   0   
3   0   9   0   3   0   255 255 0   0   6   0   1   0   255 255 5   0   23  0   2   0   253 255 0   0   8   0   255 255 254 255 
255 255 0   0   1   0   0   0   255 255 0   0   1   0   1   0   0   0   0   0   1   0   0   0   0   0   1   0   1   0   1   0   
0   0   0   0   2   0   0   0   0   0   1   0   2   0   1   0   0   0   0   0   2   0   255 255 0   0   1   0   1   0   0   0   
0   0   2   0   2   0   255 255 0   0   1   0   1   0   0   0   2   0   5   0   3   0   255 255 0   0   3   0   1   0   1   0   
3   0   9   0   3   0   255 255 0   0   7   0   1   0   255 255 5   0   23  0   2   0   253 255 0   0   8   0   255 255 254 255 
255 255 0   0   1   0   0   0   255 255 0   0   1   0   1   0   0   0   0   0   1   0   0   0   0   0   1   0   1   0   1   0   
0   0   0   0   2   0   0   0   0   0   1   0   2   0   1   0   0   0   0   0   2   0   0   0   0   0   1   0   1   0   0   0   
0   0   2   0   2   0   255 255 1   0   2   0   2   0   1   0   2   0   5   0   3   0   255 255 0   0   3   0   1   0   1   0   
3   0   9   0   3   0   255 255 0   0   7   0   1   0   255 255 5   0   23  0   2   0   253 255 0   0   8   0   255 255 254 255 
255 255 0   0   1   0   0   0   255 255 0   0   1   0   1   0   0   0   0   0   1   0   0   0   0   0   1   0   1   0   1   0   
0   0   0   0   2   0   0   0   0   0   1   0   2   0   1   0   0   0   0   0   2   0   0   0   0   0   1   0   1   0   0   0   
0   0   2   0   2   0   255 255 1   0   2   0   2   0   1   0   2   0   5   0   3   0   255 255 0   0   3   0   1   0   1   0   
2   0   9   0   3   0   255 255 0   0   6   0   1   0   255 255 5   0   23  0   2   0   253 255 0   0   8   0   255 255 254 255 
255 255 0   0   1   0   0   0   255 255 0   0   1   0   1   0   0   0   0   0   1   0   0   0   0   0   1   0   1   0   1   0   
0   0   0   0   2   0   0   0   0   0   1   0   2   0   1   0   0   0   0   0   2   0   0   0   0   0   1   0   1   0   0   0   
0   0   2   0   2   0   255 255 1   0   2   0   2   0   1   0   2   0   5   0   3   0   255 255 0   0   3   0   1   0   1   0   
2   0   9   0   3   0   255 255 0   0   6   0   1   0   255 255 5   0   23  0   2   0   253 255 0   0   9   0   255 255 254 255 
255 255 255 255 1   0   255 255 255 255 0   0   1   0   1   0   0   0   0   0   1   0   0   0   0   0   1   0   1   0   1   0   
0   0   0   0   2   0   0   0   0   0   1   0   2   0   1   0   0   0   0   0   2   0   0   0   0   0   1   0   1   0   1   0   
0   0   2   0   2   0   255 255 1   0   2   0   2   0   1   0   2   0   5   0   3   0   255 255 0   0   3   0   1   0   1   0   
2   0   8   0   3   0   254 255 0   0   6   0   1   0   255 255 5   0   23  0   2   0   253 255 0   0   9   0   255 255 254 255 
255 255 0   0   1   0   0   0   255 255 0   0   1   0   1   0   0   0   0   0   1   0   0   0   0   0   1   0   1   0   1   0   
0   0   0   0   2   0   0   0   0   0   2   0   2   0   1   0   0   0   0   0   1   0   255 255 0   0   1   0   1   0   1   0   
0   0   2   0   2   0   255 255 1   0   2   0   2   0   1   0   2   0   5   0   3   0   255 255 0   0   3   0   1   0   1   0   
2   0   9   0   3   0   254 255 0   0   7   0   1   0   255 255 5   0   23  0   2   0   253 255 0   0   8   0   255 255 254 255 
255 255 0   0   1   0   0   0   255 255 0   0   1   0   1   0   0   0   0   0   1   0   0   0   0   0   1   0   1   0   1   0   
0   0   0   0   2   0   0   0   0   0   1   0   2   0   1   0   0   0   0   0   1   0   255 255 0   0   1   0   1   0   1   0   
0   0   2   0   2   0   255 255 1   0   2   0   2   0   1   0   2   0   5   0   3   0   255 255 0   0   3   0   1   0   1   0   
2   0   8   0   2   0   254 255 0   0   6   0   1   0   255 255 5   0   22  0   2   0   253 255 0   0   8   0   255 255 254 255 
255 255 0   0   1   0   0   0   0   0   0   0   1   0   1   0   0   0   0   0   1   0   0   0   0   0   1   0   1   0   1   0   
0   0   0   0   2   0   0   0   0   0   1   0   2   0   1   0   0   0   0   0   1   0   255 255 0   0   1   0   1   0   1   0   
0   0   2   0   2   0   255 255 1   0   2   0   2   0   0   0   2   0   5   0   3   0   255 255 0   0   3   0   1   0   1   0   
2   0   8   0   2   0   254 255 0   0   6   0   1   0   255 255 5   0   22  0   2   0   253 255 0   0   8   0   255 255 254 255 
255 255 0   0   1   0   0   0   0   0   0   0   1   0   1   0   0   0   0   0   1   0   0   0   0   0   1   0   1   0   1   0   
0   0   0   0   1   0   255 255 0   0   1   0   2   0   1   0   0   0   0   0   1   0   255 255 0   0   1   0   1   0   1   0   
0   0   2   0   2   0   255 255 1   0   2   0   2   0   0   0   2   0   5   0   3   0   255 255 0   0   3   0   1   0   1   0   
2   0   9   0   3   0   255 255 0   0   6   0   1   0   255 255 5   0   23  0   2   0   253 255 0   0   8   0   255 255 254 255 
255 255 0   0   0   0   255 255 0   0   0   0   1   0   1   0   0   0   0   0   1   0   255 255 0   0   1   0   1   0   1   0   
0   0   0   0   2   0   0   0   0   0   1   0   2   0   1   0   0   0   0   0   1   0   255 255 0   0   1   0   1   0   1   0   
0   0   2   0   2   0   255 255 1   0   2   0   2   0   0   0   2   0   5   0   3   0   255 255 0   0   3   0   1   0   1   0   
2   0   9   0   3   0   255 255 0   0   6   0   1   0   255 255 5   0   23  0   2   0   253 255 0   0   8   0   255 255 254 255 
255 255 0   0   0   0   255 255 0   0   0   0   1   0   1   0   0   0   0   0   1   0   255 255 0   0   1   0   1   0   1   0   
0   0   0   0   2   0   0   0   0   0   1   0   2   0   1   0   0   0   0   0   1   0   255 255 0   0   1   0   1   0   1   0   
0   0   2   0   2   0   255 255 1   0   2   0   2   0   0   0   2   0   5   0   3   0   255 255 0   0   3   0   1   0   1   0   
2   0   8   0   3   0   254 255 0   0   6   0   1   0   255 255 5   0   22  0   2   0   253 255 0   0   8   0   255 255 254 255 
255 255 0   0   1   0   0   0   0   0   0   0   1   0   1   0   0   0   0   0   1   0   255 255 0   0   1   0   1   0   1   0   
0   0   0   0   2   0   0   0   0   0   1   0   2   0   1   0   0   0   0   0   1   0   0   0   0   0   1   0   1   0   1   0   
0   0   2   0   2   0   255 255 1   0   2   0   2   0   0   0   2   0   5   0   3   0   255 255 0   0   3   0   1   0   0   0   
3   0   9   0   3   0   254 255 0   0   6   0   1   0   255 255 5   0   23  0   2   0   253 255 0   0   8   0   255 255 254 255 
255 255 0   0   1   0   0   0   0   0   0   0   1   0   1   0   0   0   1   0   2   0   0   0   0   0   1   0   1   0   1   0   
0   0   0   0   2   0   0   0   0   0   1   0   2   0   1   0   0   0   0   0   1   0   255 255 0   0   1   0   1   0   1   0   
0   0   2   0   2   0   255 255 1   0   2   0   2   0   0   0   2   0   5   0   3   0   255 255 0   0   3   0   1   0   0   0   
3   0   9   0   3   0   254 255 0   0   6   0   1   0   255 255 5   0   22  0   2   0   253 255 0   0   8   0   255 255 254 255 
255 255 0   0   1   0   0   0   0   0   0   0   1   0   1   0   0   0   1   0   2   0   0   0   0   0   1   0   1   0   1   0   
0   0   0   0   2   0   0   0   0   0   1   0   2   0   1   0   0   0   0   0   1   0   255 255 0   0   1   0   1   0   1   0   
0   0   2   0   2   0   255 255 1   0   2   0   2   0   0   0   2   0   5   0   3   0   255 255 0   0   3   0   1   0   0   0   
2   0   9   0   3   0   254 255 0   0   6   0   1   0   255 255 5   0   23  0   2   0   254 255 0   0   8   0   255 255 254 255 
255 255 0   0   1   0   0   0   0   0   0   0   1   0   1   0   0   0   1   0   2   0   0   0   0   0   1   0   1   0   1   0   
0   0   0   0   2   0   0   0   0   0   1   0   2   0   1   0   0   0   0   0   1   0   255 255 0   0   1   0   1   0   0   0   
0   0   2   0   2   0   255 255 1   0   2   0   2   0   1   0   2   0   5   0   3   0   255 255 0   0   3   0   1   0   0   0   
2   0   9   0   3   0   254 255 0   0   6   0   1   0   255 255 5   0   22  0   2   0   253 255 0   0   8   0   255 255 254 255 
255 255 0   0   1   0   0   0   0   0   0   0   1   0   1   0   0   0   1   0   2   0   0   0   0   0   1   0   1   0   1   0   
0   0   0   0   2   0   0   0   0   0   1   0   2   0   1   0   0   0   0   0   1   0   255 255 0   0   1   0   1   0   0   0   
0   0   2   0   2   0   255 255 0   0   1   0   1   0   0   0   2   0   5   0   2   0   255 255 0   0   3   0   1   0   0   0   
2   0   9   0   3   0   254 255 0   0   6   0   1   0   255 255 5   0   22  0   2   0   253 255 0   0   8   0   255 255 254 255 
255 255 0   0   1   0   0   0   0   0   0   0   1   0   1   0   0   0   1   0   2   0   0   0   0   0   1   0   1   0   1   0   
0   0   0   0   2   0   0   0   0   0   1   0   2   0   1   0   0   0   0   0   1   0   255 255 0   0   1   0   1   0   0   0   
0   0   2   0   2   0   255 255 1   0   2   0   2   0   1   0   2   0   5   0   2   0   255 255 0   0   3   0   1   0   0   0   
2   0   9   0   3   0   254 255 0   0   5   0   0   0   255 255 5   0   22  0   2   0   253 255 0   0   8   0   255 255 254 255 
255 255 0   0   1   0   0   0   0   0   0   0   1   0   1   0   0   0   0   0   2   0   0   0   0   0   1   0   1   0   1   0   
0   0   0   0   2   0   0   0   255 255 1   0   2   0   1   0   0   0   0   0   1   0   255 255 0   0   1   0   1   0   0   0   
0   0   2   0   2   0   255 255 1   0   2   0   2   0   1   0   2   0   5   0   2   0   255 255 0   0   3   0   1   0   0   0   
2   0   9   0   3   0   254 255 0   0   6   0   1   0   255 255 5   0   22  0   2   0   253 255 0   0   8   0   255 255 254 255 
255 255 0   0   1   0   0   0   0   0   0   0   1   0   1   0   0   0   0   0   2   0   0   0   0   0   1   0   1   0   1   0   
0   0   0   0   2   0   0   0   255 255 1   0   2   0   1   0   0   0   0   0   1   0   255 255 0   0   1   0   1   0   0   0   
0   0   2   0   2   0   255 255 1   0   2   0   2   0   1   0   2   0   5   0   2   0   255 255 0   0   3   0   1   0   0   0   
2   0   8   0   2   0   254 255 0   0   6   0   1   0   255 255 5   0   22  0   2   0   253 255 0   0   8   0   255 255 254 255 
255 255 0   0   1   0   0   0   0   0   0   0   1   0   1   0   0   0   0   0   2   0   0   0   0   0   1   0   1   0   1   0   
0   0   0   0   2   0   0   0   0   0   2   0   2   0   1   0   0   0   0   0   1   0   0   0   0   0   1   0   1   0   0   0   
0   0   2   0   2   0   255 255 1   0   2   0   1   0   0   0   2   0   5   0   2   0   255 255 0   0   3   0   1   0   0   0   
2   0   8   0   2   0   254 255 0   0   7   0   1   0   255 255 5   0   22  0   2   0   253 255 0   0   8   0   255 255 254 255 
255 255 0   0   1   0   0   0   0   0   0   0   1   0   1   0   0   0   0   0   2   0   0   0   0   0   1   0   1   0   1   0   
0   0   0   0   2   0   0   0   0   0   1   0   1   0   0   0   0   0   0   0   1   0   255 255 0   0   1   0   1   0   0   0   
0   0   2   0   2   0   255 255 1   0   2   0   1   0   0   0   2   0   5   0   2   0   255 255 0   0   3   0   1   0   0   0   
2   0   8   0   2   0   254 255 0   0   6   0   1   0   255 255 5   0   23  0   2   0   253 255 0   0   8   0   255 255 254 255 
255 255 0   0   1   0   0   0   0   0   0   0   1   0   1   0   0   0   0   0   2   0   0   0   0   0   1   0   1   0   1   0   
0   0   0   0   2   0   0   0   0   0   1   0   2   0   1   0   0   0   0   0   1   0   255 255 0   0   1   0   1   0   0   0   
0   0   2   0   2   0   255 255 1   0   2   0   2   0   0   0   2   0   5   0   3   0   255 255 0   0   3   0   1   0   0   0   
2   0   8   0   2   0   254 255 0   0   7   0   1   0   255 255 5   0   23  0   2   0   253 255 0   0   8   0   255 255 254 255 
255 255 0   0   1   0   0   0   0   0   0   0   1   0   1   0   0   0   0   0   2   0   0   0   0   0   1   0   1   0   1   0   
0   0   0   0   2   0   0   0   0   0   1   0   2   0   1   0   0   0   0   0   1   0   255 255 0   0   1   0   1   0   0   0   
0   0   2   0   2   0   255 255 1   0   2   0   2   0   0   0   2   0   5   0   3   0   255 255 0   0   3   0   1   0   1   0   
3   0   9   0   2   0   255 255 0   0   7   0   1   0   255 255 5   0   23  0   2   0   253 255 0   0   8   0   255 255 255 255 
255 255 0   0   1   0   0   0   0   0   0   0   1   0   1   0   0   0   0   0   2   0   0   0   0   0   1   0   1   0   1   0   
0   0   0   0   2   0   0   0   0   0   1   0   2   0   2   0   0   0   0   0   1   0   255 255 0   0   1   0   1   0   0   0   
0   0   2   0   2   0   255 255 0   0   2   0   2   0   0   0   2   0   5   0   3   0   255 255 0   0   3   0   1   0   1   0   
3   0   9   0   2   0   254 255 0   0   6   0   0   0   255 255 5   0   23  0   2   0   253 255 0   0   8   0   255 255 255 255 
255 255 0   0   1   0   1   0   0   0   0   0   1   0   1   0   0   0   0   0   2   0   0   0   0   0   1   0   1   0   1   0   
0   0   0   0   2   0   0   0   0   0   1   0   2   0   1   0   0   0   0   0   2   0   0   0   0   0   1   0   1   0   0   0   
0   0   2   0   2   0   255 255 0   0   2   0   2   0   0   0   2   0   5   0   3   0   255 255 0   0   3   0   1   0   1   0   
3   0   9   0   2   0   254 255 0   0   6   0   1   0   255 255 5   0   23  0   2   0   253 255 0   0   8   0   255 255 255 255 
255 255 0   0   1   0   0   0   0   0   0   0   1   0   1   0   0   0   0   0   2   0   0   0   0   0   1   0   1   0   1   0   
0   0   0   0   1   0   255 255 0   0   1   0   2   0   1   0   0   0   0   0   2   0   0   0   0   0   1   0   1   0   1   0   
0   0   2   0   2   0   255 255 0   0   2   0   2   0   0   0   2   0   5   0   3   0   255 255 0   0   3   0   1   0   1   0   
3   0   9   0   2   0   254 255 0   0   6   0   1   0   255 255 5   0   23  0   2   0   253 255 0   0   8   0   255 255 254 255 
255 255 0   0   1   0   0   0   255 255 0   0   1   0   1   0   0   0   1   0   2   0   0   0   0   0   1   0   1   0   1   0   
0   0   0   0   2   0   0   0   0   0   1   0   2   0   1   0   0   0   0   0   1   0   255 255 0   0   1   0   1   0   1   0   
0   0   2   0   2   0   255 255 0   0   2   0   2   0   0   0   2   0   5   0   3   0   255 255 0   0   3   0   1   0   1   0   
3   0   9   0   2   0   255 255 0   0   6   0   1   0   255 255 5   0   23  0   2   0   253 255 0   0   8   0   255 255 254 255 
255 255 0   0   1   0   0   0   255 255 0   0   1   0   1   0   0   0   1   0   2   0   0   0   0   0   1   0   1   0   1   0   
0   0   0   0   2   0   0   0   0   0   1   0   2   0   1   0   0   0   0   0   1   0   255 255 0   0   1   0   1   0   1   0   
0   0   2   0   2   0   255 255 0   0   2   0   2   0   0   0   1   0   5   0   3   0   255 255 0   0   3   0   0   0   0   0   
2   0   8   0   2   0   254 255 0   0   6   0   1   0   255 255 5   0   23  0   2   0   253 255 0   0   8   0   255 255 254 255 
255 255 0   0   0   0   255 255 255 255 0   0   1   0   1   0   0   0   1   0   2   0   0   0   0   0   1   0   1   0   1   0   
0   0   0   0   2   0   0   0   0   0   1   0   2   0   1   0   0   0   0   0   1   0   255 255 0   0   1   0   1   0   0   0   
0   0   2   0   2   0   255 255 0   0   2   0   2   0   0   0   2   0   5   0   3   0   255 255 0   0   3   0   1   0   1   0   
2   0   8   0   2   0   254 255 0   0   6   0   1   0   255 255 5   0   22  0   2   0   253 255 1   0   9   0   0   0   255 255 
255 255 0   0   1   0   0   0   0   0   1   0   1   0   1   0   0   0   1   0   1   0   0   0   0   0   1   0   0   0   0   0   
0   0   0   0   2   0   0   0   0   0   1   0   2   0   1   0   1   0   0   0   2   0   0   0   0   0   1   0   1   0   0   0   
0   0   2   0   2   0   255 255 0   0   2   0   2   0   0   0   2   0   5   0   3   0   255 255 0   0   3   0   1   0   1   0   
2   0   8   0   2   0   254 255 0   0   6   0   1   0   255 255 4   0   22  0   2   0   253 255 1   0   8   0   255 255 255 255 
255 255 0   0   1   0   0   0   0   0   1   0   1   0   1   0   0   0   1   0   1   0   0   0   0   0   1   0   0   0   0   0   
0   0   0   0   2   0   0   0   0   0   1   0   2   0   1   0   0   0   0   0   2   0   255 255 0   0   1   0   1   0   0   0   
0   0   2   0   2   0   255 255 0   0   2   0   2   0   0   0   2   0   5   0   3   0   255 255 0   0   3   0   1   0   0   0   
2   0   9   0   2   0   254 255 0   0   6   0   1   0   255 255 5   0   22  0   2   0   253 255 0   0   8   0   255 255 255 255 
255 255 0   0   1   0   0   0   0   0   1   0   1   0   1   0   0   0   1   0   1   0   0   0   0   0   1   0   0   0   0   0   
0   0   0   0   2   0   0   0   0   0   1   0   2   0   1   0   0   0   0   0   2   0   255 255 0   0   1   0   1   0   0   0   
1   0   2   0   2   0   0   0   0   0   2   0   2   0   0   0   2   0   5   0   3   0   255 255 0   0   3   0   0   0   0   0   
2   0   9   0   2   0   254 255 0   0   6   0   1   0   255 255 5   0   22  0   2   0   253 255 0   0   8   0   255 255 254 255 
255 255 0   0   1   0   0   0   0   0   1   0   1   0   1   0   0   0   1   0   1   0   0   0   0   0   1   0   1   0   1   0   
0   0   0   0   2   0   0   0   0   0   1   0   2   0   1   0   0   0   0   0   2   0   255 255 0   0   1   0   1   0   0   0   
1   0   2   0   2   0   0   0   0   0   1   0   1   0   0   0   2   0   5   0   2   0   255 255 0   0   3   0   0   0   0   0   
2   0   9   0   2   0   254 255 0   0   6   0   1   0   255 255 5   0   22  0   2   0   253 255 0   0   8   0   255 255 254 255 
255 255 0   0   1   0   0   0   0   0   1   0   1   0   1   0   0   0   1   0   1   0   0   0   0   0   1   0   1   0   1   0   
0   0   0   0   2   0   0   0   0   0   1   0   2   0   1   0   0   0   0   0   2   0   255 255 0   0   1   0   1   0   0   0   
1   0   2   0   2   0   0   0   0   0   1   0   1   0   0   0   2   0   5   0   2   0   255 255 0   0   3   0   0   0   0   0   
2   0   9   0   2   0   255 255 0   0   6   0   1   0   255 255 5   0   22  0   2   0   253 255 0   0   8   0   255 255 254 255 
255 255 0   0   1   0   0   0   0   0   1   0   1   0   1   0   0   0   0   0   1   0   255 255 0   0   1   0   1   0   1   0   
0   0   0   0   2   0   0   0   0   0   1   0   2   0   1   0   0   0   0   0   2   0   255 255 0   0   1   0   1   0   0   0   
1   0   2   0   2   0   0   0   1   0   1   0   1   0   0   0   2   0   5   0   2   0   255 255 0   0   3   0   1   0   1   0   
3   0   9   0   2   0   255 255 0   0   6   0   1   0   255 255 5   0   22  0   2   0   253 255 0   0   8   0   255 255 254 255 
255 255 0   0   1   0   0   0   255 255 0   0   1   0   1   0   0   0   0   0   1   0   255 255 0   0   1   0   1   0   1   0   
0   0   0   0   2   0   0   0   0   0   1   0   2   0   1   0   0   0   0   0   1   0   255 255 0   0   1   0   1   0   0   0   
1   0   2   0   2   0   0   0   1   0   1   0   1   0   0   0   2   0   5   0   2   0   255 255 0   0   3   0   1   0   1   0   
3   0   9   0   2   0   255 255 0   0   5   0   1   0   255 255 5   0   22  0   1   0   253 255 0   0   8   0   255 255 254 255 
255 255 0   0   1   0   0   0   255 255 0   0   1   0   1   0   0   0   0   0   1   0   255 255 0   0   1   0   1   0   1   0   
0   0   0   0   2   0   0   0   0   0   1   0   2   0   1   0   0   0   0   0   2   0   255 255 0   0   1   0   1   0   0   0   
1   0   2   0   2   0   255 255 1   0   1   0   1   0   0   0   1   0   5   0   2   0   255 255 0   0   3   0   1   0   1   0   
3   0   9   0   2   0   255 255 0   0   5   0   1   0   255 255 5   0   22  0   1   0   253 255 0   0   8   0   255 255 254 255 
255 255 0   0   1   0   0   0   255 255 0   0   1   0   1   0   0   0   0   0   1   0   255 255 0   0   1   0   1   0   1   0   
0   0   0   0   1   0   255 255 0   0   1   0   2   0   1   0   0   0   0   0   2   0   255 255 0   0   1   0   1   0   0   0   
1   0   2   0   2   0   255 255 1   0   1   0   1   0   0   0   1   0   5   0   2   0   255 255 0   0   3   0   1   0   1   0   
3   0   8   0   2   0   255 255 0   0   5   0   1   0   255 255 5   0   22  0   1   0   253 255 0   0   8   0   255 255 254 255 
255 255 0   0   1   0   0   0   255 255 0   0   1   0   1   0   0   0   0   0   1   0   255 255 0   0   1   0   1   0   1   0   
0   0   0   0   1   0   255 255 0   0   1   0   2   0   1   0   0   0   0   0   2   0   255 255 0   0   1   0   1   0   0   0   
1   0   2   0   2   0   255 255 1   0   1   0   1   0   0   0   2   0   5   0   3   0   255 255 0   0   3   0   1   0   1   0   
3   0   9   0   3   0   255 255 0   0   5   0   1   0   255 255 5   0   22  0   1   0   253 255 0   0   8   0   255 255 254 255 
255 255 0   0   1   0   0   0   255 255 0   0   1   0   1   0   0   0   0   0   1   0   255 255 0   0   1   0   1   0   1   0   
0   0   0   0   1   0   255 255 0   0   1   0   2   0   1   0   0   0   0   0   2   0   0   0   0   0   1   0   1   0   1   0   
1   0   2   0   2   0   255 255 1   0   1   0   1   0   0   0   2   0   5   0   3   0   255 255 0   0   3   0   1   0   1   0   
3   0   9   0   2   0   255 255 0   0   5   0   1   0   255 255 5   0   22  0   1   0   253 255 0   0   8   0   255 255 254 255 
255 255 0   0   1   0   0   0   255 255 0   0   0   0   1   0   0   0   0   0   1   0   255 255 0   0   1   0   1   0   1   0   
0   0   0   0   1   0   0   0   0   0   1   0   2   0   1   0   0   0   0   0   2   0   0   0   0   0   1   0   1   0   1   0   
1   0   2   0   2   0   0   0   1   0   1   0   1   0   0   0   2   0   5   0   3   0   255 255 0   0   3   0   1   0   1   0   
2   0   8   0   2   0   254 255 0   0   5   0   1   0   255 255 5   0   23  0   1   0   253 255 0   0   8   0   255 255 254 255 
255 255 0   0   1   0   0   0   255 255 0   0   0   0   1   0   0   0   0   0   1   0   255 255 0   0   1   0   1   0   1   0   
0   0   0   0   1   0   255 255 0   0   1   0   2   0   1   0   0   0   0   0   2   0   0   0   0   0   1   0   1   0   1   0   
1   0   2   0   2   0   255 255 1   0   1   0   1   0   0   0   2   0   5   0   2   0   255 255 0   0   3   0   1   0   1   0   
3   0   9   0   3   0   255 255 0   0   5   0   1   0   255 255 5   0   23  0   1   0   253 255 0   0   8   0   255 255 254 255 
255 255 0   0   1   0   255 255 255 255 0   0   0   0   1   0   0   0   0   0   1   0   255 255 0   0   1   0   1   0   1   0   
0   0   0   0   1   0   255 255 0   0   1   0   2   0   1   0   0   0   0   0   2   0   0   0   0   0   1   0   1   0   1   0   
1   0   2   0   2   0   255 255 1   0   1   0   1   0   0   0   2   0   5   0   2   0   255 255 0   0   3   0   1   0   1   0   
3   0   9   0   2   0   255 255 0   0   5   0   1   0   255 255 5   0   23  0   1   0   253 255 0   0   8   0   255 255 254 255 
255 255 0   0   1   0   0   0   255 255 0   0   0   0   1   0   0   0   0   0   1   0   0   0   0   0   1   0   1   0   1   0   
0   0   0   0   1   0   255 255 0   0   1   0   2   0   1   0   1   0   0   0   2   0   0   0   0   0   1   0   1   0   0   0   
1   0   2   0   2   0   0   0   1   0   1   0   1   0   0   0   2   0   5   0   2   0   255 255 0   0   3   0   1   0   1   0   
3   0   9   0   2   0   255 255 0   0   6   0   1   0   255 255 5   0   23  0   1   0   253 255 0   0   8   0   255 255 254 255 
255 255 0   0   0   0   0   0   255 255 0   0   0   0   1   0   0   0   0   0   1   0   0   0   0   0   1   0   1   0   1   0   
0   0   0   0   1   0   0   0   0   0   1   0   2   0   1   0   1   0   0   0   2   0   0   0   0   0   1   0   1   0   0   0   
0   0   2   0   1   0   255 255 1   0   1   0   1   0   0   0   2   0   5   0   2   0   255 255 0   0   3   0   0   0   0   0   
3   0   9   0   2   0   255 255 0   0   6   0   1   0   255 255 5   0   23  0   1   0   253 255 0   0   8   0   255 255 254 255 
0   0   0   0   1   0   1   0   255 255 0   0   0   0   1   0   0   0   0   0   1   0   0   0   0   0   1   0   1   0   1   0   
0   0   0   0   1   0   0   0   0   0   1   0   2   0   1   0   1   0   0   0   2   0   0   0   0   0   1   0   1   0   0   0   
0   0   2   0   1   0   255 255 1   0   1   0   1   0   0   0   2   0   5   0   3   0   255 255 0   0   3   0   0   0   0   0   
3   0   9   0   2   0   255 255 0   0   6   0   1   0   255 255 5   0   23  0   1   0   253 255 0   0   8   0   255 255 254 255 
0   0   0   0   1   0   0   0   255 255 0   0   0   0   1   0   0   0   0   0   1   0   0   0   0   0   1   0   1   0   1   0   
0   0   0   0   1   0   0   0   0   0   1   0   2   0   1   0   1   0   0   0   2   0   0   0   0   0   1   0   1   0   0   0   
0   0   2   0   1   0   255 255 1   0   1   0   1   0   0   0   2   0   5   0   3   0   255 255 0   0   3   0   0   0   0   0   
3   0   9   0   2   0   255 255 0   0   6   0   1   0   255 255 5   0   23  0   2   0   254 255 0   0   8   0   255 255 254 255 
0   0   0   0   0   0   0   0   255 255 0   0   0   0   1   0   0   0   1   0   2   0   0   0   0   0   1   0   1   0   1   0   
0   0   0   0   1   0   0   0   0   0   1   0   2   0   1   0   1   0   0   0   2   0   255 255 0   0   1   0   1   0   0   0   
0   0   2   0   2   0   255 255 1   0   1   0   2   0   0   0   2   0   5   0   3   0   255 255 0   0   3   0   1   0   1   0   
3   0   9   0   2   0   255 255 0   0   6   0   1   0   255 255 5   0   23  0   2   0   254 255 0   0   8   0   255 255 254 255 
0   0   0   0   0   0   0   0   255 255 0   0   0   0   1   0   0   0   1   0   2   0   0   0   0   0   1   0   1   0   1   0   
0   0   0   0   1   0   0   0   0   0   1   0   2   0   1   0   1   0   0   0   2   0   0   0   0   0   1   0   1   0   0   0   
0   0   2   0   2   0   255 255 1   0   1   0   2   0   0   0   2   0   5   0   3   0   255 255 0   0   3   0   1   0   1   0   
3   0   9   0   2   0   255 255 0   0   6   0   1   0   255 255 5   0   23  0   1   0   253 255 0   0   8   0   255 255 254 255 
0   0   0   0   1   0   0   0   255 255 0   0   1   0   1   0   0   0   1   0   2   0   0   0   0   0   1   0   1   0   1   0   
0   0   0   0   1   0   0   0   0   0   1   0   2   0   1   0   0   0   0   0   1   0   255 255 0   0   1   0   1   0   0   0   
0   0   2   0   2   0   255 255 0   0   1   0   1   0   0   0   2   0   5   0   2   0   255 255 0   0   2   0   0   0   0   0   
3   0   9   0   2   0   255 255 0   0   6   0   1   0   255 255 5   0   23  0   1   0   253 255 0   0   8   0   255 255 254 255 
0   0   0   0   1   0   0   0   255 255 0   0   1   0   1   0   0   0   1   0   1   0   0   0   0   0   1   0   1   0   1   0   
0   0   0   0   1   0   0   0   0   0   1   0   2   0   1   0   0   0   0   0   1   0   0   0   0   0   1   0   1   0   0   0   
1   0   2   0   2   0   255 255 0   0   1   0   2   0   0   0   2   0   5   0   2   0   255 255 0   0   2   0   0   0   1   0   
3   0   9   0   2   0   255 255 0   0   6   0   1   0   255 255 5   0   23  0   1   0   253 255 0   0   8   0   255 255 254 255 
0   0   0   0   1   0   0   0   255 255 0   0   1   0   1   0   0   0   1   0   1   0   0   0   0   0   1   0   1   0   1   0   
0   0   0   0   2   0   0   0   0   0   1   0   2   0   1   0   0   0   0   0   1   0   0   0   0   0   1   0   1   0   0   0   
1   0   2   0   2   0   255 255 0   0   1   0   2   0   0   0   2   0   5   0   2   0   255 255 0   0   2   0   0   0   1   0   
3   0   9   0   2   0   255 255 0   0   6   0   1   0   255 255 5   0   23  0   1   0   253 255 0   0   8   0   255 255 254 255 
0   0   0   0   1   0   0   0   255 255 0   0   0   0   1   0   0   0   1   0   1   0   0   0   0   0   1   0   1   0   1   0   
0   0   0   0   2   0   0   0   0   0   1   0   2   0   1   0   0   0   0   0   1   0   255 255 0   0   1   0   1   0   0   0   
1   0   2   0   2   0   255 255 0   0   1   0   2   0   0   0   2   0   5   0   2   0   255 255 0   0   2   0   0   0   1   0   
3   0   9   0   2   0   255 255 0   0   6   0   1   0   255 255 4   0   22  0   1   0   253 255 0   0   8   0   255 255 254 255 
0   0   0   0   1   0   0   0   255 255 0   0   0   0   1   0   0   0   1   0   1   0   0   0   0   0   1   0   1   0   1   0   
0   0   0   0   2   0   0   0   0   0   1   0   2   0   1   0   0   0   0   0   1   0   255 255 0   0   1   0   1   0   0   0   
1   0   2   0   2   0   255 255 0   0   1   0   1   0   0   0   2   0   5   0   2   0   255 255 0   0   2   0   0   0   1   0   
3   0   9   0   2   0   255 255 0   0   6   0   1   0   255 255 4   0   22  0   1   0   253 255 0   0   8   0   255 255 254 255 
0   0   0   0   1   0   0   0   255 255 0   0   0   0   1   0   0   0   1   0   1   0   0   0   0   0   1   0   1   0   1   0   
0   0   0   0   2   0   0   0   0   0   1   0   2   0   1   0   0   0   0   0   1   0   255 255 0   0   1   0   1   0   0   0   
1   0   2   0   2   0   255 255 0   0   1   0   1   0   0   0   2   0   5   0   2   0   255 255 0   0   2   0   1   0   1   0   
3   0   9   0   2   0   255 255 0   0   5   0   1   0   255 255 4   0   22  0   1   0   253 255 0   0   8   0   255 255 254 255 
0   0   0   0   1   0   0   0   255 255 0   0   0   0   1   0   0   0   1   0   1   0   0   0   0   0   1   0   1   0   1   0   
0   0   0   0   2   0   0   0   0   0   1   0   2   0   1   0   0   0   0   0   1   0   255 255 0   0   1   0   1   0   0   0   
1   0   2   0   2   0   255 255 0   0   1   0   1   0   0   0   2   0   5   0   3   0   255 255 0   0   2   0   1   0   1   0   
3   0   9   0   2   0   255 255 0   0   6   0   1   0   255 255 4   0   22  0   1   0   253 255 0   0   8   0   255 255 254 255 
0   0   0   0   1   0   0   0   255 255 0   0   0   0   1   0   0   0   1   0   1   0   0   0   0   0   1   0   1   0   1   0   
0   0   0   0   2   0   0   0   0   0   1   0   2   0   1   0   0   0   0   0   1   0   255 255 0   0   1   0   1   0   0   0   
1   0   2   0   2   0   255 255 0   0   1   0   1   0   0   0   2   0   5   0   3   0   255 255 0   0   2   0   1   0   1   0   
3   0   9   0   2   0   254 255 0   0   6   0   1   0   255 255 4   0   22  0   1   0   253 255 0   0   8   0   255 255 254 255 
0   0   0   0   1   0   0   0   255 255 0   0   0   0   1   0   0   0   1   0   1   0   0   0   0   0   1   0   1   0   1   0   
0   0   0   0   2   0   0   0   0   0   1   0   2   0   1   0   0   0   0   0   1   0   255 255 0   0   1   0   1   0   0   0   
1   0   2   0   2   0   255 255 0   0   1   0   1   0   0   0   2   0   5   0   3   0   255 255 0   0   2   0   1   0   1   0   
3   0   9   0   2   0   254 255 0   0   6   0   1   0   255 255 4   0   22  0   1   0   253 255 0   0   8   0   255 255 254 255 
0   0   0   0   1   0   0   0   255 255 0   0   0   0   1   0   0   0   1   0   1   0   0   0   0   0   1   0   1   0   1   0   
0   0   0   0   2   0   0   0   0   0   1   0   2   0   1   0   0   0   0   0   1   0   255 255 0   0   1   0   1   0   0   0   
1   0   2   0   2   0   255 255 0   0   1   0   1   0   0   0   2   0   5   0   3   0   255 255 0   0   2   0   1   0   1   0   
3   0   9   0   3   0   254 255 0   0   6   0   1   0   255 255 4   0   22  0   1   0   253 255 0   0   8   0   255 255 254 255 
255 255 0   0   1   0   0   0   255 255 0   0   0   0   1   0   0   0   1   0   2   0   0   0   0   0   1   0   1   0   1   0   
0   0   0   0   2   0   0   0   0   0   1   0   2   0   1   0   0   0   0   0   2   0   0   0   0   0   1   0   1   0   1   0   
1   0   3   0   3   0   0   0   0   0   1   0   2   0   0   0   2   0   5   0   3   0   255 255 0   0   2   0   0   0   0   0   
3   0   9   0   3   0   254 255 0   0   6   0   1   0   255 255 5   0   23  0   2   0   253 255 0   0   8   0   255 255 254 255 
255 255 0   0   1   0   0   0   255 255 0   0   0   0   1   0   0   0   1   0   2   0   0   0   0   0   1   0   1   0   1   0   
0   0   1   0   2   0   0   0   0   0   1   0   2   0   1   0   0   0   0   0   2   0   0   0   0   0   1   0   2   0   1   0   
1   0   2   0   2   0   255 255 0   0   1   0   2   0   0   0   2   0   5   0   3   0   255 255 0   0   2   0   0   0   0   0   
3   0   9   0   3   0   254 255 0   0   6   0   1   0   255 255 5   0   23  0   2   0   253 255 0   0   8   0   255 255 254 255 
255 255 0   0   1   0   0   0   0   0   0   0   1   0   1   0   0   0   1   0   2   0   0   0   0   0   1   0   1   0   1   0   
0   0   1   0   2   0   0   0   0   0   1   0   2   0   1   0   0   0   0   0   2   0   0   0   0   0   1   0   2   0   1   0   
1   0   2   0   2   0   255 255 0   0   1   0   2   0   0   0   2   0   5   0   3   0   255 255 0   0   2   0   0   0   0   0   
3   0   9   0   3   0   254 255 0   0   6   0   1   0   255 255 5   0   23  0   2   0   253 255 0   0   8   0   255 255 254 255 
255 255 0   0   1   0   0   0   0   0   0   0   1   0   1   0   0   0   1   0   2   0   0   0   0   0   1   0   1   0   1   0   
0   0   1   0   2   0   0   0   0   0   1   0   2   0   1   0   0   0   0   0   2   0   0   0   0   0   1   0   1   0   1   0   
1   0   2   0   2   0   255 255 0   0   1   0   1   0   0   0   2   0   5   0   3   0   255 255 0   0   2   0   0   0   0   0   
3   0   9   0   3   0   255 255 0   0   6   0   1   0   255 255 5   0   23  0   2   0   253 255 0   0   8   0   255 255 254 255 
255 255 0   0   1   0   0   0   0   0   0   0   1   0   1   0   0   0   1   0   2   0   0   0   0   0   1   0   1   0   1   0   
0   0   0   0   2   0   0   0   0   0   1   0   2   0   1   0   0   0   0   0   2   0   255 255 0   0   1   0   1   0   1   0   
1   0   2   0   2   0   255 255 0   0   1   0   2   0   0   0   2   0   5   0   3   0   255 255 0   0   3   0   1   0   1   0   
3   0   9   0   3   0   255 255 0   0   6   0   1   0   255 255 5   0   23  0   2   0   253 255 0   0   8   0   0   0   254 255 
255 255 0   0   1   0   0   0   0   0   0   0   1   0   1   0   0   0   1   0   2   0   0   0   0   0   1   0   1   0   1   0   
0   0   0   0   2   0   0   0   0   0   1   0   2   0   1   0   0   0   0   0   2   0   255 255 0   0   1   0   1   0   0   0   
1   0   2   0   2   0   255 255 0   0   1   0   2   0   0   0   2   0   5   0   3   0   255 255 0   0   3   0   1   0   1   0   
3   0   9   0   3   0   255 255 0   0   6   0   1   0   255 255 5   0   23  0   2   0   253 255 0   0   8   0   0   0   254 255 
255 255 0   0   1   0   0   0   0   0   0   0   1   0   1   0   0   0   1   0   2   0   0   0   0   0   1   0   1   0   1   0   
0   0   0   0   2   0   0   0   0   0   1   0   2   0   1   0   0   0   0   0   2   0   255 255 0   0   1   0   2   0   1   0   
1   0   2   0   2   0   255 255 0   0   1   0   2   0   0   0   2   0   5   0   3   0   255 255 0   0   3   0   1   0   1   0   
3   0   8   0   2   0   255 255 0   0   6   0   1   0   255 255 5   0   23  0   2   0   253 255 1   0   8   0   255 255 254 255 
255 255 0   0   1   0   0   0   0   0   0   0   1   0   1   0   0   0   1   0   2   0   0   0   0   0   1   0   1   0   1   0   
0   0   0   0   2   0   0   0   0   0   1   0   2   0   1   0   0   0   0   0   2   0   255 255 0   0   1   0   1   0   0   0   
1   0   2   0   2   0   255 255 0   0   1   0   2   0   0   0   2   0   5   0   3   0   255 255 255 255 2   0   0   0   0   0   
3   0   8   0   2   0   255 255 0   0   6   0   1   0   255 255 5   0   22  0   2   0   253 255 1   0   8   0   255 255 254 255 
255 255 0   0   1   0   0   0   0   0   0   0   1   0   1   0   0   0   1   0   2   0   0   0   0   0   1   0   1   0   1   0   
0   0   0   0   2   0   0   0   0   0   1   0   2   0   1   0   0   0   0   0   2   0   255 255 0   0   1   0   1   0   1   0   
1   0   2   0   2   0   255 255 0   0   1   0   2   0   0   0   2   0   5   0   3   0   255 255 255 255 2   0   0   0   0   0   
3   0   9   0   2   0   255 255 0   0   6   0   1   0   255 255 5   0   22  0   2   0   253 255 1   0   8   0   255 255 254 255 
255 255 0   0   1   0   0   0   0   0   0   0   1   0   1   0   0   0   1   0   2   0   0   0   0   0   1   0   1   0   1   0   
0   0   0   0   2   0   0   0   0   0   1   0   2   0   1   0   0   0   0   0   2   0   255 255 0   0   1   0   1   0   1   0   
1   0   2   0   2   0   255 255 0   0   1   0   2   0   0   0   2   0   5   0   3   0   255 255 255 255 2   0   0   0   0   0   
3   0   9   0   3   0   255 255 0   0   6   0   1   0   255 255 5   0   22  0   2   0   253 255 1   0   8   0   255 255 254 255 
255 255 0   0   1   0   0   0   255 255 0   0   1   0   1   0   0   0   1   0   2   0   0   0   0   0   1   0   1   0   1   0   
0   0   0   0   2   0   0   0   0   0   1   0   2   0   1   0   0   0   0   0   2   0   0   0   0   0   1   0   1   0   1   0   
1   0   2   0   2   0   255 255 0   0   1   0   2   0   0   0   2   0   5   0   3   0   255 255 255 255 2   0   0   0   0   0   
3   0   9   0   3   0   255 255 0   0   6   0   0   0   255 255 4   0   22  0   2   0   253 255 1   0   8   0   255 255 254 255 
255 255 0   0   1   0   0   0   255 255 0   0   1   0   1   0   0   0   1   0   2   0   0   0   0   0   1   0   1   0   1   0   
0   0   0   0   2   0   0   0   0   0   1   0   2   0   1   0   0   0   0   0   2   0   0   0   0   0   1   0   1   0   1   0   
1   0   2   0   2   0   255 255 0   0   1   0   1   0   0   0   1   0   4   0   2   0   255 255 0   0   2   0   0   0   0   0   
3   0   9   0   3   0   255 255 0   0   6   0   0   0   255 255 4   0   22  0   2   0   253 255 0   0   8   0   255 255 254 255 
255 255 0   0   1   0   0   0   255 255 0   0   1   0   1   0   0   0   1   0   2   0   0   0   0   0   1   0   1   0   1   0   
0   0   0   0   2   0   0   0   0   0   1   0   2   0   1   0   0   0   0   0   1   0   255 255 0   0   1   0   1   0   1   0   
1   0   2   0   2   0   255 255 0   0   1   0   2   0   0   0   1   0   5   0   3   0   255 255 0   0   3   0   1   0   0   0   
3   0   9   0   3   0   255 255 0   0   6   0   0   0   255 255 4   0   22  0   2   0   253 255 0   0   8   0   255 255 254 255 
255 255 0   0   1   0   255 255 255 255 0   0   1   0   1   0   0   0   1   0   2   0   0   0   0   0   1   0   1   0   1   0   
0   0   0   0   2   0   0   0   0   0   1   0   2   0   1   0   0   0   0   0   2   0   255 255 0   0   1   0   1   0   1   0   
1   0   2   0   2   0   255 255 0   0   1   0   2   0   0   0   1   0   5   0   3   0   255 255 0   0   3   0   1   0   0   0   
3   0   9   0   3   0   255 255 0   0   6   0   0   0   255 255 4   0   22  0   2   0   253 255 0   0   8   0   255 255 254 255 
255 255 0   0   1   0   255 255 255 255 0   0   1   0   1   0   0   0   1   0   2   0   0   0   0   0   1   0   1   0   1   0   
0   0   0   0   2   0   0   0   0   0   1   0   2   0   1   0   0   0   0   0   2   0   0   0   0   0   1   0   1   0   1   0   
1   0   2   0   2   0   255 255 0   0   1   0   2   0   0   0   2   0   5   0   3   0   255 255 0   0   3   0   1   0   0   0   
3   0   9   0   3   0   255 255 0   0   6   0   0   0   255 255 4   0   22  0   2   0   253 255 0   0   8   0   255 255 254 255 
255 255 0   0   1   0   255 255 255 255 0   0   0   0   1   0   0   0   1   0   2   0   0   0   0   0   1   0   1   0   1   0   
0   0   0   0   2   0   0   0   0   0   1   0   2   0   1   0   0   0   0   0   2   0   0   0   0   0   1   0   1   0   1   0   
1   0   2   0   2   0   255 255 0   0   1   0   1   0   0   0   2   0   5   0   3   0   255 255 0   0   3   0   1   0   0   0   
3   0   9   0   3   0   255 255 0   0   6   0   0   0   255 255 4   0   22  0   2   0   253 255 0   0   8   0   255 255 254 255 
255 255 0   0   1   0   0   0   255 255 0   0   0   0   1   0   0   0   1   0   2   0   0   0   0   0   1   0   1   0   2   0   
0   0   0   0   2   0   255 255 0   0   1   0   2   0   1   0   0   0   0   0   2   0   0   0   0   0   1   0   1   0   1   0   
1   0   2   0   2   0   255 255 0   0   1   0   1   0   0   0   2   0   5   0   3   0   255 255 0   0   3   0   1   0   0   0   
3   0   9   0   3   0   255 255 0   0   6   0   1   0   255 255 4   0   22  0   2   0   253 255 0   0   8   0   255 255 254 255 
255 255 0   0   1   0   0   0   255 255 0   0   0   0   1   0   0   0   1   0   2   0   0   0   0   0   1   0   1   0   1   0   
0   0   0   0   2   0   255 255 0   0   1   0   2   0   1   0   0   0   0   0   2   0   255 255 0   0   1   0   1   0   1   0   
1   0   2   0   2   0   255 255 0   0   1   0   1   0   0   0   2   0   5   0   3   0   255 255 0   0   3   0   1   0   1   0   
3   0   8   0   2   0   255 255 0   0   6   0   1   0   0   0   4   0   23  0   2   0   254 255 0   0   8   0   255 255 254 255 
255 255 0   0   1   0   0   0   255 255 0   0   0   0   1   0   0   0   1   0   2   0   0   0   0   0   1   0   1   0   1   0   
0   0   0   0   2   0   255 255 0   0   1   0   2   0   1   0   0   0   0   0   1   0   255 255 0   0   1   0   1   0   1   0   
1   0   2   0   2   0   255 255 0   0   1   0   1   0   0   0   2   0   5   0   3   0   255 255 0   0   3   0   1   0   1   0   
3   0   8   0   2   0   255 255 0   0   5   0   1   0   255 255 4   0   22  0   2   0   254 255 0   0   8   0   255 255 254 255 
255 255 0   0   1   0   0   0   255 255 0   0   0   0   1   0   0   0   1   0   2   0   0   0   0   0   1   0   1   0   1   0   
0   0   0   0   2   0   0   0   0   0   1   0   2   0   1   0   0   0   0   0   1   0   0   0   0   0   1   0   1   0   1   0   
1   0   2   0   2   0   255 255 0   0   1   0   1   0   0   0   2   0   5   0   2   0   255 255 0   0   2   0   0   0   0   0   
3   0   8   0   2   0   255 255 0   0   5   0   1   0   255 255 4   0   22  0   2   0   254 255 0   0   8   0   255 255 254 255 
255 255 0   0   1   0   0   0
