   1      0   
1   0   2   0   2   0   2   0   2   0   2   0   3   0   1   0   2   0   2   0   1   0   3   0   2   0   1   0   1   0   2   0   
1   0   1   0   2   0   3   0   1   0   1   0   1   0   2   0   1   0   1   0   1   0   3   0   1   0   1   0   2   0   2   0   
1   0   1   0   2   0   3   0   1   0   1   0   3   0   3   0   1   0   1   0   3   0   3   0   0   0   1   0   3   0   3   0   
1   0   1   0   2   0   2   0   1   0   1   0   3   0   3   0   1   0   1   0   2   0   1   0   1   0   2   0   2   0   2   0   
1   0   2   0   2   0   2   0   1   0   1   0   2   0   1   0   2   0   2   0   1   0   3   0   1   0   1   0   1   0   2   0   
1   0   1   0   1   0   2   0   1   0   1   0   1   0   2   0   1   0   1   0   1   0   2   0   0   0   1   0   2   0   1   0   
1   0   1   0   2   0   3   0   1   0   1   0   3   0   3   0   1   0   1   0   3   0   3   0   0   0   1   0   3   0   3   0   
1   0   1   0   2   0   0   0   1   0   1   0   2   0   2   0   1   0   1   0   2   0   1   0   1   0   2   0   2   0   2   0   
1   0   1   0   2   0   1   0   1   0   1   0   1   0   0   0   1   0   1   0   0   0   1   0   0   0   0   0   0   0   1   0   
0   0   0   0   0   0   1   0   1   0   1   0   0   0   1   0   1   0   1   0   1   0   2   0   0   0   1   0   2   0   1   0   
0   0   1   0   1   0   2   0   0   0   1   0   2   0   2   0   0   0   1   0   3   0   2   0   0   0   1   0   3   0   2   0   
1   0   0   0   2   0   0   0   1   0   1   0   2   0   2   0   1   0   1   0   1   0   0   0   0   0   1   0   1   0   1   0   
0   0   1   0   1   0   0   0   0   0   0   0   1   0   0   0   1   0   0   0   0   0   0   0   0   0   0   0   0   0   0   0   
0   0   0   0   0   0   1   0   0   0   0   0   255 255 0   0   1   0   1   0   0   0   1   0   0   0   1   0   2   0   1   0   
0   0   1   0   1   0   2   0   0   0   1   0   2   0   2   0   0   0   1   0   3   0   2   0   0   0   1   0   3   0   2   0   
1   0   0   0   2   0   0   0   0   0   1   0   2   0   2   0   1   0   1   0   1   0   0   0   0   0   1   0   1   0   1   0   
0   0   0   0   1   0   0   0   0   0   0   0   1   0   0   0   1   0   0   0   0   0   0   0   0   0   0   0   0   0   0   0   
0   0   0   0   0   0   1   0   0   0   0   0   0   0   0   0   1   0   0   0   0   0   1   0   0   0   1   0   2   0   1   0   
0   0   1   0   2   0   2   0   0   0   1   0   2   0   2   0   0   0   1   0   3   0   2   0   0   0   1   0   3   0   2   0   
1   0   0   0   2   0   0   0   0   0   1   0   2   0   1   0   1   0   0   0   1   0   0   0   0   0   0   0   1   0   0   0   
0   0   0   0   1   0   0   0   0   0   0   0   1   0   0   0   1   0   0   0   0   0   0   0   0   0   0   0   0   0   0   0   
0   0   0   0   0   0   1   0   0   0   0   0   255 255 0   0   1   0   0   0   0   0   1   0   0   0   1   0   2   0   1   0   
0   0   1   0   1   0   1   0   0   0   1   0   3   0   2   0   0   0   1   0   3   0   1   0   0   0   1   0   4   0   2   0   
1   0   0   0   2   0   0   0   0   0   1   0   3   0   2   0   1   0   0   0   1   0   0   0   0   0   0   0   1   0   0   0   
0   0   0   0   1   0   0   0   0   0   0   0   1   0   0   0   1   0   0   0   0   0   0   0   0   0   0   0   0   0   0   0   
0   0   0   0   0   0   1   0   0   0   0   0   255 255 0   0   1   0   0   0   0   0   1   0   0   0   0   0   1   0   1   0   
0   0   1   0   1   0   1   0   0   0   1   0   3   0   3   0   0   0   1   0   4   0   1   0   0   0   1   0   4   0   2   0   
1   0   0   0   2   0   0   0   0   0   1   0   3   0   1   0   1   0   0   0   1   0   0   0   0   0   0   0   1   0   0   0   
0   0   0   0   1   0   0   0   0   0   0   0   0   0   0   0   1   0   0   0   0   0   0   0   0   0   0   0   0   0   0   0   
0   0   0   0   0   0   1   0   0   0   0   0   255 255 0   0   1   0   0   0   0   0   1   0   0   0   0   0   1   0   1   0   
0   0   0   0   1   0   1   0   0   0   1   0   3   0   3   0   0   0   1   0   4   0   1   0   0   0   1   0   5   0   2   0   
0   0   0   0   3   0   0   0   0   0   1   0   3   0   1   0   0   0   0   0   1   0   0   0   0   0   0   0   1   0   0   0   
0   0   0   0   1   0   255 255 0   0   0   0   0   0   0   0   1   0   0   0   0   0   0   0   0   0   0   0   0   0   0   0   
0   0   0   0   0   0   1   0   0   0   0   0   255 255 1   0   1   0   0   0   0   0   2   0   0   0   0   0   1   0   1   0   
0   0   0   0   2   0   2   0   0   0   1   0   3   0   3   0   0   0   1   0   5   0   1   0   0   0   1   0   5   0   2   0   
0   0   0   0   3   0   0   0   0   0   1   0   3   0   1   0   0   0   0   0   1   0   0   0   0   0   0   0   1   0   0   0   
0   0   0   0   1   0   255 255 255 255 0   0   0   0   0   0   1   0   0   0   0   0   0   0   0   0   0   0   0   0   0   0   
0   0   0   0   0   0   1   0   0   0   0   0   255 255 1   0   1   0   0   0   255 255 1   0   0   0   0   0   1   0   1   0   
0   0   0   0   2   0   2   0   0   0   1   0   3   0   3   0   0   0   1   0   6   0   1   0   0   0   2   0   5   0   2   0   
0   0   0   0   3   0   0   0   0   0   1   0   3   0   1   0   0   0   0   0   1   0   0   0   0   0   0   0   1   0   0   0   
0   0   0   0   1   0   255 255 0   0   0   0   0   0   0   0   1   0   0   0   0   0   0   0   0   0   0   0   0   0   0   0   
0   0   0   0   0   0   1   0   0   0   0   0   255 255 0   0   1   0   0   0   255 255 1   0   0   0   0   0   1   0   1   0   
0   0   0   0   2   0   2   0   0   0   1   0   4   0   3   0   0   0   1   0   7   0   1   0   0   0   2   0   5   0   2   0   
0   0   0   0   4   0   0   0   0   0   1   0   3   0   1   0   0   0   0   0   1   0   0   0   0   0   0   0   1   0   0   0   
0   0   0   0   1   0   255 255 0   0   0   0   0   0   0   0   1   0   0   0   0   0   0   0   0   0   0   0   0   0   0   0   
0   0   0   0   255 255 1   0   0   0   0   0   255 255 0   0   1   0   0   0   255 255 1   0   0   0   0   0   1   0   1   0   
0   0   0   0   2   0   2   0   0   0   1   0   4   0   3   0   0   0   1   0   7   0   1   0   0   0   2   0   5   0   2   0   
0   0   0   0   4   0   0   0   0   0   1   0   4   0   2   0   0   0   0   0   1   0   0   0   0   0   0   0   1   0   0   0   
0   0   0   0   1   0   255 255 0   0   0   0   0   0   0   0   1   0   0   0   0   0   0   0   0   0   0   0   0   0   0   0   
0   0   0   0   255 255 1   0   0   0   0   0   255 255 0   0   1   0   0   0   255 255 1   0   0   0   0   0   1   0   1   0   
0   0   0   0   3   0   2   0   0   0   1   0   4   0   3   0   0   0   1   0   8   0   1   0   0   0   2   0   5   0   2   0   
0   0   0   0   4   0   0   0   0   0   1   0   3   0   2   0   0   0   0   0   1   0   0   0   0   0   0   0   1   0   0   0   
0   0   0   0   1   0   255 255 0   0   0   0   0   0   0   0   1   0   0   0   0   0   0   0   0   0   255 255 255 255 0   0   
0   0   0   0   255 255 1   0   0   0   0   0   255 255 1   0   1   0   0   0   0   0   2   0   0   0   0   0   1   0   1   0   
0   0   0   0   4   0   2   0   0   0   0   0   4   0   4   0   0   0   1   0   9   0   1   0   0   0   2   0   5   0   2   0   
0   0   0   0   4   0   0   0   0   0   1   0   3   0   2   0   0   0   0   0   1   0   0   0   0   0   0   0   1   0   0   0   
0   0   0   0   1   0   255 255 0   0   0   0   0   0   0   0   1   0   0   0   0   0   0   0   0   0   255 255 255 255 0   0   
0   0   0   0   255 255 1   0   0   0   0   0   255 255 1   0   1   0   0   0   0   0   2   0   0   0   0   0   1   0   2   0   
0   0   0   0   4   0   2   0   0   0   0   0   4   0   4   0   0   0   1   0   9   0   1   0   0   0   2   0   5   0   2   0   
0   0   0   0   3   0   0   0   0   0   1   0   2   0   2   0   0   0   0   0   1   0   0   0   0   0   0   0   1   0   0   0   
0   0   0   0   1   0   255 255 0   0   0   0   0   0   0   0   1   0   0   0   0   0   0   0   0   0   255 255 255 255 0   0   
0   0   0   0   255 255 1   0   0   0   0   0   255 255 1   0   1   0   0   0   0   0   2   0   0   0   0   0   1   0   2   0   
0   0   0   0   4   0   2   0   0   0   0   0   4   0   4   0   0   0   1   0   9   0   1   0   0   0   2   0   5   0   2   0   
0   0   0   0   3   0   0   0   0   0   1   0   2   0   2   0   0   0   0   0   1   0   0   0   1   0   0   0   1   0   0   0   
0   0   0   0   0   0   255 255 0   0   0   0   0   0   0   0   1   0   0   0   0   0   255 255 0   0   255 255 255 255 0   0   
0   0   0   0   255 255 2   0   0   0   0   0   255 255 1   0   0   0   0   0   0   0   2   0   0   0   0   0   2   0   2   0   
0   0   0   0   4   0   2   0   0   0   0   0   5   0   4   0   0   0   1   0   9   0   0   0   0   0   2   0   5   0   2   0   
0   0   0   0   3   0   0   0   0   0   1   0   2   0   2   0   0   0   0   0   1   0   255 255 0   0   0   0   1   0   0   0   
0   0   0   0   0   0   255 255 0   0   0   0   0   0   0   0   1   0   0   0   0   0   0   0   0   0   255 255 255 255 0   0   
0   0   0   0   255 255 2   0   0   0   0   0   255 255 1   0   0   0   0   0   0   0   2   0   0   0   0   0   1   0   2   0   
0   0   0   0   5   0   2   0   0   0   0   0   5   0   4   0   0   0   1   0   11  0   0   0   0   0   2   0   5   0   2   0   
0   0   0   0   3   0   0   0   0   0   1   0   2   0   2   0   0   0   0   0   1   0   255 255 0   0   0   0   1   0   0   0   
0   0   0   0   0   0   255 255 0   0   0   0   0   0   0   0   1   0   0   0   0   0   0   0   0   0   255 255 255 255 0   0   
0   0   0   0   255 255 2   0   0   0   0   0   255 255 1   0   0   0   0   0   0   0   2   0   0   0   0   0   1   0   2   0   
0   0   0   0   5   0   2   0   0   0   0   0   5   0   4   0   0   0   1   0   13  0   0   0   0   0   2   0   6   0   2   0   
0   0   0   0   4   0   0   0   0   0   1   0   2   0   2   0   0   0   0   0   1   0   255 255 0   0   0   0   1   0   0   0   
0   0   0   0   0   0   255 255 0   0   0   0   0   0   0   0   1   0   0   0   0   0   0   0   0   0   255 255 255 255 0   0   
0   0   0   0   255 255 2   0   0   0   0   0   255 255 1   0   0   0   0   0   0   0   2   0   0   0   0   0   1   0   2   0   
0   0   0   0   5   0   2   0   0   0   0   0   5   0   4   0   0   0   1   0   14  0   0   0   0   0   2   0   6   0   2   0   
0   0   0   0   4   0   0   0   0   0   1   0   2   0   2   0   0   0   0   0   1   0   255 255 0   0   0   0   1   0   0   0   
0   0   0   0   0   0   255 255 0   0   0   0   0   0   0   0   1   0   0   0   0   0   0   0   0   0   255 255 255 255 0   0   
0   0   0   0   255 255 2   0   0   0   0   0   255 255 1   0   0   0   0   0   0   0   2   0   0   0   0   0   1   0   2   0   
0   0   0   0   6   0   2   0   0   0   0   0   5   0   4   0   0   0   0   0   14  0   0   0   0   0   2   0   6   0   2   0   
0   0   0   0   4   0   0   0   0   0   1   0   2   0   2   0   0   0   0   0   1   0   255 255 0   0   0   0   1   0   0   0   
0   0   0   0   0   0   255 255 0   0   0   0   0   0   0   0   1   0   0   0   0   0   0   0   0   0   255 255 255 255 0   0   
0   0   0   0   255 255 2   0   0   0   0   0   255 255 1   0   0   0   0   0   0   0   2   0   0   0   0   0   1   0   2   0   
0   0   0   0   6   0   2   0   0   0   0   0   5   0   4   0   0   0   0   0   15  0   0   0   0   0   2   0   7   0   2   0   
0   0   0   0   4   0   0   0   0   0   1   0   2   0   1   0   0   0   0   0   1   0   255 255 0   0   0   0   1   0   0   0   
0   0   0   0   0   0   255 255 0   0   0   0   0   0   0   0   1   0   0   0   0   0   0   0   0   0   255 255 255 255 0   0   
0   0   0   0   255 255 1   0   0   0   255 255 255 255 0   0   0   0   0   0   0   0   2   0   0   0   0   0   1   0   2   0   
0   0   0   0   6   0   2   0   0   0   0   0   5   0   4   0   0   0   0   0   15  0   0   0   0   0   2   0   7   0   2   0   
0   0   0   0   4   0   0   0   0   0   1   0   2   0   1   0   0   0   0   0   1   0   255 255 0   0   0   0   1   0   0   0   
0   0   0   0   0   0   255 255 0   0   0   0   0   0   0   0   1   0   0   0   0   0   0   0   0   0   255 255 255 255 0   0   
0   0   0   0   255 255 1   0   0   0   255 255 255 255 0   0   0   0   0   0   0   0   2   0   0   0   0   0   1   0   2   0   
0   0   0   0   6   0   2   0   0   0   0   0   5   0   4   0   0   0   0   0   15  0   0   0   0   0   2   0   7   0   2   0   
0   0   0   0   4   0   0   0   0   0   1   0   2   0   1   0   0   0   0   0   1   0   0   0   0   0   0   0   1   0   0   0   
0   0   0   0   0   0   255 255 0   0   0   0   0   0   0   0   0   0   0   0   0   0   0   0   0   0   255 255 255 255 0   0   
0   0   0   0   255 255 1   0   0   0   255 255 255 255 0   0   0   0   0   0   0   0   2   0   0   0   0   0   1   0   2   0   
0   0   0   0   6   0   2   0   0   0   0   0   5   0   4   0   0   0   0   0   15  0   0   0   0   0   2   0   7   0   2   0   
0   0   0   0   4   0   0   0   0   0   1   0   2   0   1   0   0   0   0   0   1   0   0   0   255 255 255 255 0   0   255 255 
0   0   0   0   0   0   255 255 0   0   0   0   0   0   0   0   0   0   0   0   0   0   0   0   0   0   255 255 255 255 0   0   
0   0   0   0   255 255 1   0   0   0   0   0   255 255 0   0   0   0   0   0   0   0   2   0   0   0   0   0   1   0   2   0   
0   0   0   0   6   0   2   0   0   0   0   0   5   0   4   0   0   0   0   0   15  0   0   0   0   0   2   0   7   0   2   0   
0   0   0   0   4   0   0   0   0   0   1   0   2   0   1   0   0   0   0   0   1   0   0   0   255 255 255 255 0   0   255 255 
0   0   0   0   0   0   255 255 0   0   0   0   0   0   0   0   0   0   0   0   0   0   0   0   0   0   255 255 255 255 0   0   
0   0   0   0   255 255 1   0   0   0   0   0   255 255 0   0   0   0   0   0   0   0   2   0   0   0   0   0   1   0   2   0   
0   0   0   0   6   0   1   0   0   0   0   0   5   0   4   0   0   0   0   0   15  0   0   0   0   0   2   0   7   0   2   0   
0   0   0   0   4   0   0   0   0   0   1   0   2   0   1   0   0   0   0   0   1   0   0   0   0   0   0   0   1   0   0   0   
0   0   0   0   0   0   255 255 0   0   0   0   0   0   0   0   0   0   0   0   0   0   0   0   0   0   255 255 255 255 0   0   
0   0   0   0   255 255 1   0   0   0   0   0   255 255 0   0   0   0   0   0   0   0   2   0   0   0   0   0   1   0   2   0   
0   0   0   0   6   0   2   0   0   0   0   0   5   0   4   0   0   0   0   0   16  0   0   0   0   0   2   0   6   0   2   0   
0   0   0   0   4   0   0   0   0   0   1   0   2   0   1   0   0   0   0   0   1   0   0   0   0   0   0   0   1   0   0   0   
0   0   0   0   0   0   255 255 0   0   0   0   0   0   0   0   0   0   0   0   0   0   0   0   0   0   255 255 255 255 0   0   
0   0   0   0   255 255 1   0   0   0   0   0   255 255 0   0   1   0   0   0   1   0   2   0   0   0   0   0   1   0   2   0   
0   0   0   0   6   0   1   0   0   0   0   0   5   0   4   0   0   0   0   0   16  0   0   0   0   0   2   0   7   0   2   0   
0   0   0   0   4   0   0   0   0   0   1   0   2   0   1   0   0   0   0   0   1   0   0   0   0   0   0   0   1   0   0   0   
0   0   0   0   0   0   255 255 255 255 255 255 0   0   0   0   0   0   0   0   0   0   0   0   0   0   255 255 255 255 0   0   
0   0   0   0   255 255 1   0   0   0   0   0   255 255 0   0   1   0   0   0   1   0   2   0   0   0   0   0   1   0   2   0   
0   0   0   0   6   0   1   0   0   0   0   0   5   0   4   0   0   0   0   0   16  0   0   0   0   0   2   0   6   0   2   0   
0   0   0   0   4   0   255 255 0   0   1   0   2   0   1   0   0   0   0   0   1   0   0   0   0   0   0   0   1   0   0   0   
0   0   0   0   0   0   255 255 255 255 255 255 0   0   0   0   0   0   0   0   0   0   0   0   0   0   255 255 255 255 0   0   
0   0   0   0   255 255 1   0   0   0   0   0   255 255 0   0   1   0   0   0   1   0   2   0   0   0   0   0   1   0   2   0   
0   0   0   0   6   0   1   0   0   0   0   0   5   0   4   0   0   0   0   0   16  0   0   0   0   0   2   0   7   0   2   0   
0   0   0   0   4   0   255 255 0   0   1   0   2   0   1   0   0   0   0   0   1   0   0   0   0   0   0   0   1   0   0   0   
0   0   0   0   0   0   255 255 255 255 255 255 0   0   0   0   0   0   0   0   0   0   0   0   0   0   255 255 255 255 0   0   
0   0   0   0   255 255 0   0   0   0   0   0   255 255 0   0   1   0   0   0   1   0   2   0   0   0   0   0   1   0   2   0   
0   0   0   0   6   0   1   0   0   0   0   0   5   0   4   0   0   0   0   0   16  0   0   0   0   0   2   0   7   0   2   0   
0   0   0   0   4   0   255 255 0   0   1   0   2   0   1   0   0   0   0   0   1   0   0   0   0   0   0   0   1   0   0   0   
0   0   0   0   0   0   255 255 255 255 255 255 0   0   0   0   0   0   0   0   0   0   0   0   0   0   255 255 255 255 0   0   
0   0   0   0   255 255 0   0   0   0   0   0   255 255 0   0   1   0   0   0   1   0   1   0   0   0   0   0   1   0   2   0   
0   0   0   0   6   0   1   0   0   0   0   0   4   0   4   0   0   0   0   0   16  0   0   0   0   0   2   0   6   0   2   0   
0   0   0   0   4   0   255 255 0   0   1   0   2   0   1   0   0   0   0   0   1   0   0   0   0   0   0   0   1   0   0   0   
0   0   0   0   0   0   255 255 255 255 255 255 0   0   0   0   0   0   0   0   0   0   0   0   0   0   255 255 255 255 0   0   
0   0   0   0   255 255 0   0   0   0   0   0   255 255 0   0   1   0   0   0   1   0   1   0   0   0   0   0   1   0   1   0   
0   0   0   0   6   0   1   0   0   0   0   0   4   0   3   0   0   0   0   0   16  0   0   0   0   0   2   0   6   0   2   0   
0   0   0   0   4   0   255 255 0   0   1   0   2   0   1   0   0   0   0   0   1   0   0   0   0   0   0   0   0   0   0   0   
0   0   0   0   0   0   255 255 0   0   255 255 0   0   0   0   0   0   0   0   0   0   0   0   0   0   255 255 255 255 0   0   
0   0   0   0   255 255 0   0   0   0   0   0   255 255 0   0   0   0   0   0   0   0   1   0   0   0   0   0   1   0   1   0   
0   0   0   0   6   0   1   0   0   0   0   0   4   0   3   0   0   0   0   0   16  0   255 255 0   0   2   0   6   0   2   0   
0   0   0   0   4   0   255 255 0   0   1   0   2   0   1   0   0   0   0   0   1   0   0   0   0   0   0   0   0   0   0   0   
0   0   0   0   0   0   255 255 0   0   255 255 0   0   0   0   1   0   0   0   0   0   0   0   0   0   255 255 255 255 0   0   
0   0   0   0   255 255 0   0   0   0   0   0   255 255 0   0   0   0   0   0   0   0   0   0   0   0   0   0   1   0   1   0   
0   0   0   0   6   0   1   0   0   0   0   0   4   0   3   0   0   0   0   0   16  0   255 255 0   0   2   0   6   0   2   0   
0   0   0   0   4   0   255 255 0   0   1   0   2   0   1   0   0   0   0   0   1   0   0   0   0   0   0   0   1   0   0   0   
0   0   0   0   0   0   255 255 0   0   255 255 0   0   0   0   1   0   0   0   0   0   0   0   0   0   255 255 255 255 0   0   
0   0   0   0   255 255 0   0   0   0   0   0   255 255 0   0   0   0   0   0   0   0   1   0   0   0   0   0   1   0   1   0   
0   0   0   0   6   0   1   0   0   0   0   0   4   0   3   0   0   0   0   0   16  0   255 255 0   0   2   0   6   0   2   0   
0   0   0   0   5   0   255 255 0   0   1   0   2   0   1   0   0   0   0   0   1   0   0   0   0   0   0   0   1   0   0   0   
0   0   0   0   0   0   255 255 0   0   255 255 0   0   0   0   0   0   0   0   0   0   0   0   0   0   255 255 255 255 0   0   
0   0   0   0   255 255 0   0   0   0   0   0   255 255 0   0   0   0   0   0   0   0   1   0   0   0   0   0   1   0   1   0   
0   0   0   0   6   0   1   0   0   0   0   0   4   0   3   0   0   0   0   0   16  0   255 255 0   0   2   0   6   0   2   0   
0   0   0   0   5   0   255 255 0   0   1   0   2   0   1   0   0   0   0   0   1   0   0   0   0   0   0   0   1   0   0   0   
0   0   0   0   0   0   255 255 0   0   255 255 0   0   0   0   0   0   0   0   0   0   0   0   0   0   255 255 255 255 0   0   
0   0   0   0   0   0   1   0   0   0   0   0   0   0   0   0   0   0   0   0   0   0   1   0   0   0   0   0   1   0   1   0   
0   0   0   0   6   0   1   0   0   0   0   0   4   0   3   0   0   0   0   0   16  0   255 255 0   0   2   0   6   0   2   0   
0   0   0   0   4   0   255 255 0   0   1   0   2   0   1   0   0   0   0   0   1   0   0   0   0   0   0   0   1   0   0   0   
0   0   0   0   0   0   255 255 0   0   255 255 0   0   0   0   0   0   0   0   0   0   0   0   0   0   255 255 255 255 0   0   
0   0   0   0   0   0   1   0   0   0   0   0   255 255 0   0   0   0   0   0   0   0   0   0   0   0   0   0   1   0   1   0   
0   0   0   0   6   0   1   0   0   0   0   0   4   0   3   0   0   0   0   0   16  0   255 255 0   0   2   0   6   0   2   0   
0   0   0   0   4   0   255 255 0   0   1   0   2   0   1   0   0   0   0   0   1   0   0   0   0   0   0   0   1   0   0   0   
0   0   0   0   0   0   255 255 0   0   255 255 0   0   0   0   0   0   0   0   0   0   0   0   0   0   255 255 255 255 0   0   
0   0   0   0   0   0   1   0   0   0   0   0   255 255 0   0   0   0   0   0   0   0   0   0   0   0   0   0   1   0   1   0   
0   0   0   0   6   0   1   0   0   0   0   0   4   0   3   0   0   0   0   0   16  0   255 255 0   0   3   0   6   0   2   0   
0   0   0   0   4   0   255 255 0   0   1   0   2   0   1   0   0   0   0   0   1   0   0   0   0   0   0   0   1   0   0   0   
0   0   0   0   0   0   255 255 0   0   255 255 0   0   0   0   0   0   0   0   0   0   0   0   0   0   255 255 255 255 0   0   
0   0   255 255 255 255 0   0   0   0   0   0   255 255 0   0   0   0   0   0   0   0   0   0   0   0   0   0   1   0   1   0   
0   0   0   0   6   0   1   0   0   0   0   0   4   0   3   0   0   0   0   0   16  0   0   0   0   0   3   0   6   0   2   0   
0   0   0   0   4   0   255 255 0   0   1   0   2   0   1   0   0   0   0   0   1   0   0   0   0   0   0   0   0   0   0   0   
0   0   0   0   0   0   255 255 0   0   255 255 0   0   0   0   0   0   0   0   0   0   0   0   0   0   255 255 255 255 0   0   
0   0   0   0   0   0   0   0   0   0   0   0   255 255 0   0   0   0   0   0   0   0   0   0   0   0   0   0   1   0   1   0   
0   0   0   0   6   0   1   0   0   0   0   0   4   0   3   0   0   0   0   0   16  0   255 255 0   0   3   0   6   0   2   0   
0   0   0   0   4   0   255 255 0   0   1   0   2   0   1   0   0   0   0   0   1   0   0   0   0   0   0   0   0   0   0   0   
0   0   0   0   0   0   255 255 0   0   255 255 0   0   0   0   0   0   0   0   0   0   0   0   0   0   255 255 255 255 0   0   
0   0   0   0   255 255 0   0   0   0   0   0   255 255 0   0   0   0   0   0   0   0   0   0   0   0   0   0   1   0   1   0   
0   0   0   0   6   0   1   0   0   0   0   0   4   0   3   0   0   0   0   0   16  0   255 255 0   0   3   0   6   0   2   0   
0   0   0   0   4   0   255 255 0   0   1   0   2   0   1   0   0   0   0   0   1   0   0   0   0   0   0   0   0   0   0   0   
0   0   0   0   0   0   255 255 0   0   255 255 0   0   0   0   0   0   0   0   0   0   0   0   0   0   255 255 255 255 0   0   
0   0   0   0   255 255 0   0   255 255 0   0   255 255 0   0   0   0   0   0   0   0   0   0   0   0   0   0   1   0   1   0   
0   0   0   0   6   0   1   0   0   0   0   0   4   0   3   0   0   0   0   0   16  0   255 255 0   0   3   0   6   0   2   0   
0   0   0   0   4   0   255 255 0   0   1   0   2   0   1   0   0   0   0   0   1   0   0   0   0   0   0   0   0   0   0   0   
0   0   0   0   0   0   255 255 0   0   255 255 0   0   0   0   0   0   0   0   0   0   0   0   0   0   255 255 255 255 0   0   
0   0   0   0   255 255 0   0   255 255 0   0   255 255 0   0   0   0   0   0   0   0   0   0   0   0   0   0   1   0   1   0   
0   0   0   0   6   0   1   0   0   0   0   0   4   0   3   0   0   0   0   0   16  0   255 255 0   0   3   0   6   0   2   0   
0   0   0   0   4   0   255 255 0   0   1   0   2   0   1   0   0   0   0   0   1   0   0   0   0   0   0   0   0   0   0   0   
0   0   0   0   0   0   255 255 0   0   255 255 0   0   0   0   0   0   0   0   0   0   0   0   0   0   255 255 255 255 0   0   
0   0   0   0   255 255 0   0   255 255 0   0   255 255 0   0   0   0   0   0   0   0   0   0   0   0   0   0   1   0   1   0   
0   0   0   0   6   0   1   0   0   0   1   0   4   0   3   0   0   0   0   0   16  0   255 255 0   0   3   0   6   0   2   0   
0   0   0   0   4   0   255 255 0   0   1   0   2   0   1   0   0   0   0   0   1   0   0   0   0   0   0   0   0   0   0   0   
0   0   0   0   0   0   255 255 0   0   255 255 0   0   0   0   0   0   0   0   0   0   0   0   0   0   255 255 255 255 0   0   
0   0   0   0   255 255 0   0   255 255 0   0   255 255 0   0   0   0   0   0   0   0   0   0   0   0   0   0   1   0   1   0   
0   0   0   0   6   0   0   0   0   0   1   0   4   0   3   0   0   0   0   0   16  0   255 255 0   0   3   0   6   0   2   0   
0   0   0   0   4   0   255 255 0   0   1   0   2   0   1   0   0   0   0   0   1   0   0   0   0   0   0   0   0   0   0   0   
0   0   0   0   0   0   255 255 0   0   255 255 0   0   0   0   0   0   0   0   0   0   0   0   0   0   255 255 255 255 0   0   
0   0   0   0   255 255 255 255 255 255 0   0   255 255 0   0   0   0   0   0   0   0   0   0   0   0   0   0   1   0   1   0   
0   0   0   0   6   0   0   0   0   0   1   0   4   0   3   0   0   0   0   0   16  0   255 255 0   0   3   0   6   0   2   0   
0   0   0   0   4   0   255 255 0   0   1   0   2   0   1   0   0   0   0   0   1   0   0   0   0   0   0   0   1   0   0   0   
0   0   0   0   0   0   255 255 0   0   255 255 0   0   0   0   0   0   0   0   0   0   0   0   0   0   255 255 255 255 0   0   
0   0   0   0   255 255 255 255 255 255 0   0   255 255 0   0   0   0   0   0   0   0   0   0   0   0   0   0   1   0   1   0   
0   0   0   0   6   0   0   0   0   0   1   0   4   0   2   0   0   0   0   0   16  0   255 255 0   0   3   0   6   0   1   0   
0   0   0   0   4   0   255 255 0   0   1   0   2   0   1   0   0   0   0   0   1   0   0   0   0   0   0   0   1   0   0   0   
0   0   0   0   0   0   255 255 0   0   255 255 0   0   0   0   0   0   0   0   0   0   0   0   0   0   255 255 255 255 0   0   
0   0   0   0   0   0   0   0   255 255 0   0   255 255 0   0   0   0   0   0   0   0   0   0   0   0   0   0   1   0   1   0   
0   0   0   0   6   0   0   0   0   0   1   0   4   0   2   0   0   0   0   0   16  0   255 255 0   0   3   0   6   0   1   0   
0   0   0   0   4   0   255 255 0   0   1   0   2   0   1   0   0   0   0   0   1   0   255 255 0   0   0   0   0   0   0   0   
0   0   0   0   0   0   255 255 0   0   255 255 0   0   0   0   0   0   0   0   0   0   0   0   0   0   255 255 255 255 0   0   
0   0   0   0   0   0   0   0   255 255 0   0   255 255 0   0   0   0   0   0   1   0   0   0   0   0   0   0   1   0   1   0   
0   0   0   0   6   0   0   0   0   0   1   0   4   0   2   0   0   0   0   0   16  0   255 255 0   0   3   0   6   0   1   0   
0   0   0   0   4   0   255 255 0   0   1   0   2   0   1   0   0   0   0   0   1   0   255 255 0   0   0   0   0   0   0   0   
0   0   0   0   0   0   255 255 0   0   255 255 0   0   0   0   0   0   0   0   0   0   0   0   0   0   255 255 255 255 0   0   
0   0   0   0   0   0   0   0   255 255 0   0   255 255 0   0   0   0   0   0   1   0   0   0   0   0   0   0   1   0   1   0   
0   0   0   0   6   0   1   0   0   0   1   0   4   0   2   0   0   0   0   0   16  0   255 255 0   0   3   0   6   0   1   0   
0   0   0   0   4   0   255 255 0   0   1   0   2   0   1   0   0   0   0   0   1   0   255 255 0   0   0   0   0   0   0   0   
0   0   0   0   0   0   255 255 0   0   255 255 0   0   0   0   0   0   0   0   0   0   0   0   0   0   255 255 255 255 0   0   
0   0   0   0   0   0   0   0   255 255 0   0   255 255 0   0   0   0   0   0   1   0   0   0   0   0   0   0   1   0   1   0   
0   0   0   0   6   0   0   0   0   0   1   0   4   0   2   0   0   0   0   0   16  0   255 255 0   0   3   0   6   0   1   0   
0   0   0   0   4   0   255 255 0   0   1   0   2   0   1   0   0   0   0   0   1   0   255 255 0   0   0   0   0   0   0   0   
0   0   0   0   0   0   255 255 255 255 255 255 0   0   0   0   0   0   0   0   0   0   0   0   0   0   255 255 255 255 0   0   
0   0   0   0   0   0   0   0   255 255 0   0   255 255 0   0   0   0   0   0   1   0   0   0   0   0   0   0   1   0   1   0   
0   0   0   0   6   0   0   0   0   0   1   0   4   0   2   0   0   0   0   0   16  0   255 255 0   0   3   0   6   0   1   0   
0   0   0   0   4   0   255 255 0   0   1   0   1   0   0   0   0   0   0   0   1   0   255 255 0   0   0   0   0   0   0   0   
0   0   0   0   0   0   255 255 255 255 255 255 0   0   0   0   0   0   0   0   0   0   0   0   0   0   255 255 255 255 0   0   
0   0   0   0   0   0   0   0   255 255 0   0   255 255 0   0   0   0   0   0   1   0   1   0   0   0   0   0   1   0   1   0   
0   0   0   0   6   0   0   0   0   0   1   0   4   0   2   0   0   0   0   0   16  0   255 255 0   0   3   0   6   0   1   0   
0   0   0   0   4   0   255 255 0   0   1   0   1   0   0   0   0   0   0   0   1   0   255 255 0   0   0   0   0   0   0   0   
0   0   0   0   0   0   255 255 255 255 255 255 0   0   0   0   0   0   0   0   0   0   0   0   0   0   255 255 255 255 0   0   
0   0   0   0   0   0   0   0   255 255 0   0   254 255 0   0   0   0   0   0   1   0   0   0   0   0   0   0   1   0   1   0   
0   0   0   0   6   0   0   0   0   0   1   0   4   0   2   0   0   0   0   0   16  0   255 255 0   0   3   0   6   0   1   0   
0   0   0   0   4   0   255 255 0   0   1   0   2   0   1   0   0   0   0   0   1   0   255 255 0   0   0   0   1   0   0   0   
0   0   0   0   0   0   255 255 0   0   255 255 0   0   0   0   0   0   0   0   0   0   0   0   0   0   255 255 255 255 0   0   
0   0   0   0   255 255 0   0   255 255 0   0   255 255 0   0   0   0   0   0   0   0   0   0   0   0   0   0   1   0   1   0   
0   0   0   0   6   0   0   0   0   0   1   0   4   0   2   0   0   0   0   0   16  0   255 255 0   0   3   0   6   0   1   0   
0   0   0   0   4   0   255 255 0   0   1   0   2   0   1   0   0   0   0   0   1   0   255 255 0   0   0   0   1   0   0   0   
0   0   0   0   0   0   255 255 0   0   255 255 0   0   0   0   0   0   0   0   0   0   0   0   0   0   255 255 255 255 0   0   
0   0   0   0   255 255 0   0   255 255 0   0   255 255 0   0   0   0   0   0   0   0   0   0   0   0   0   0   1   0   1   0   
255 255 0   0   6   0   0   0   0   0   1   0   4   0   2   0   0   0   0   0   16  0   255 255 0   0   3   0   6   0   1   0   
0   0   0   0   4   0   255 255 0   0   1   0   2   0   1   0   0   0   0   0   1   0   255 255 0   0   0   0   1   0   0   0   
0   0   0   0   0   0   255 255 0   0   255 255 0   0   0   0   0   0   0   0   0   0   255 255 0   0   255 255 255 255 0   0   
0   0   0   0   255 255 0   0   255 255 0   0   255 255 0   0   0   0   0   0   0   0   0   0   0   0   0   0   1   0   1   0   
255 255 0   0   6   0   0   0   0   0   1   0   4   0   2   0   0   0   0   0   16  0   255 255 0   0   3   0   6   0   1   0   
0   0   0   0   4   0   255 255 0   0   1   0   2   0   1   0   0   0   0   0   1   0   255 255 0   0   0   0   1   0   0   0   
0   0   0   0   0   0   255 255 255 255 255 255 0   0   0   0   0   0   0   0   0   0   255 255 0   0   255 255 255 255 0   0   
0   0   0   0   255 255 0   0   255 255 0   0   255 255 0   0   0   0   0   0   0   0   0   0   0   0   0   0   1   0   1   0   
255 255 0   0   6   0   0   0   0   0   1   0   4   0   2   0   0   0   0   0   16  0   255 255 0   0   3   0   6   0   1   0   
0   0   0   0   4   0   255 255 0   0   1   0   2   0   1   0   0   0   0   0   1   0   255 255 0   0   0   0   1   0   0   0   
0   0   0   0   0   0   255 255 0   0   255 255 0   0   0   0   0   0   0   0   0   0   255 255 0   0   255 255 255 255 0   0   
0   0   0   0   255 255 0   0   255 255 0   0   255 255 0   0   0   0   0   0   0   0   0   0   0   0   0   0   1   0   1   0   
255 255 0   0   6   0   0   0   0   0   1   0   4   0   2   0   255 255 0   0   16  0   255 255 0   0   3   0   6   0   1   0   
0   0   0   0   4   0   255 255 0   0   1   0   2   0   1   0   0   0   0   0   1   0   255 255 0   0   0   0   1   0   0   0   
0   0   0   0   0   0   255 255 0   0   255 255 0   0   0   0   0   0   0   0   0   0   255 255 0   0   255 255 255 255 255 255 
0   0   0   0   255 255 0   0   255 255 0   0   255 255 0   0   0   0   0   0   0   0   0   0   0   0   0   0   1   0   1   0   
255 255 0   0   6   0   0   0   0   0   1   0   4   0   2   0   0   0   0   0   16  0   255 255 0   0   3   0   6   0   1   0   
0   0   0   0   4   0   255 255 0   0   1   0   2   0   1   0   0   0   0   0   1   0   255 255 0   0   0   0   0   0   255 255 
0   0   0   0   0   0   255 255 0   0   255 255 0   0   0   0   0   0   0   0   0   0   255 255 0   0   255 255 255 255 255 255 
0   0   0   0   255 255 0   0   255 255 0   0   255 255 0   0   0   0   0   0   0   0   0   0   0   0   0   0   1   0   1   0   
255 255 0   0   6   0   0   0   0   0   1   0   4   0   2   0   0   0   0   0   16  0   255 255 0   0   3   0   6   0   1   0   
0   0   0   0   4   0   255 255 0   0   1   0   2   0   1   0   0   0   0   0   1   0   255 255 0   0   0   0   0   0   255 255 
0   0   0   0   0   0   255 255 0   0   255 255 0   0   0   0   0   0   0   0   0   0   255 255 0   0   255 255 255 255 255 255 
0   0   0   0   255 255 0   0   255 255 0   0   255 255 0   0   0   0   0   0   0   0   0   0   0   0   0   0   1   0   1   0   
255 255 0   0   6   0   0   0   0   0   1   0   4   0   2   0   0   0   0   0   16  0   255 255 0   0   3   0   6   0   1   0   
0   0   0   0   4   0   255 255 0   0   1   0   2   0   1   0   0   0   0   0   1   0   255 255 0   0   0   0   0   0   255 255 
0   0   0   0   0   0   255 255 0   0   255 255 0   0   0   0   0   0   0   0   0   0   255 255 0   0   255 255 255 255 255 255 
0   0   0   0   255 255 255 255 255 255 0   0   255 255 0   0   0   0   0   0   0   0   0   0   0   0   0   0   1   0   1   0   
255 255 0   0   6   0   0   0   0   0   1   0   4   0   2   0   0   0   0   0   16  0   255 255 0   0   3   0   6   0   1   0   
0   0   0   0   4   0   255 255 0   0   1   0   2   0   1   0   0   0   0   0   1   0   255 255 0   0   0   0   0   0   255 255 
0   0   0   0   0   0   255 255 0   0   255 255 0   0   0   0   0   0   0   0   0   0   255 255 0   0   255 255 255 255 255 255 
0   0   255 255 255 255 255 255 255 255 0   0   255 255 0   0   0   0   0   0   0   0   0   0   0   0   0   0   1   0   1   0   
255 255 0   0   6   0   0   0   0   0   1   0   4   0   2   0   0   0   0   0   16  0   255 255 0   0   3   0   6   0   1   0   
0   0   0   0   4   0   255 255 0   0   1   0   2   0   1   0   0   0   0   0   1   0   255 255 0   0   0   0   0   0   255 255 
0   0   0   0   0   0   255 255 0   0   255 255 0   0   0   0   0   0   0   0   0   0   255 255 0   0   255 255 255 255 255 255 
0   0   255 255 255 255 0   0   255 255 0   0   255 255 0   0   0   0   0   0   0   0   0   0   0   0   0   0   1   0   1   0   
255 255 0   0   6   0   0   0   0   0   1   0   4   0   2   0   0   0   0   0   16  0   255 255 0   0   3   0   6   0   1   0   
0   0   0   0   4   0   255 255 0   0   1   0   2   0   1   0   0   0   0   0   1   0   255 255 0   0   0   0   0   0   0   0   
0   0   0   0   0   0   255 255 0   0   255 255 0   0   0   0   0   0   0   0   0   0   255 255 0   0   255 255 255 255 255 255 
0   0   255 255 255 255 0   0   255 255 0   0   255 255 0   0   0   0   0   0   0   0   0   0   0   0   0   0   1   0   1   0   
0   0   0   0   6   0   0   0   0   0   1   0   4   0   2   0   0   0   0   0   16  0   255 255 0   0   3   0   6   0   1   0   
0   0   0   0   4   0   255 255 0   0   1   0   2   0   1   0   0   0   0   0   1   0   255 255 0   0   0   0   0   0   0   0   
0   0   0   0   0   0   255 255 0   0   255 255 0   0   0   0   0   0   0   0   0   0   255 255 0   0   255 255 255 255 255 255 
0   0   255 255 255 255 0   0   255 255 0   0   255 255 0   0   0   0   0   0   0   0   0   0   0   0   0   0   1   0   1   0   
0   0   0   0   6   0   0   0   0   0   1   0   4   0   2   0   0   0   0   0   16  0   255 255 0   0   3   0   6   0   1   0   
0   0   0   0   4   0   255 255 0   0   1   0   2   0   1   0   0   0   0   0   1   0   255 255 0   0   0   0   0   0   0   0   
0   0   0   0   0   0   255 255 0   0   255 255 0   0   0   0   0   0   0   0   0   0   255 255 0   0   255 255 255 255 255 255 
0   0   255 255 255 255 0   0   255 255 0   0   255 255 0   0   0   0   0   0   1   0   0   0   0   0   0   0   1   0   1   0   
0   0   0   0   6   0   1   0   0   0   1   0   4   0   2   0   0   0   0   0   16  0   255 255 0   0   3   0   6   0   1   0   
0   0   0   0   4   0   0   0   0   0   1   0   2   0   1   0   0   0   0   0   1   0   0   0   0   0   0   0   0   0   0   0   
0   0   0   0   0   0   255 255 0   0   255 255 0   0   0   0   0   0   0   0   0   0   255 255 0   0   255 255 255 255 255 255 
0   0   0   0   0   0   1   0   0   0   0   0   255 255 0   0   0   0   0   0   0   0   0   0   0   0   0   0   1   0   1   0   
0   0   0   0   6   0   0   0   0   0   1   0   4   0   2   0   0   0   0   0   16  0   255 255 0   0   3   0   6   0   1   0   
0   0   0   0   4   0   0   0   0   0   1   0   2   0   0   0   0   0   0   0   1   0   0   0   255 255 0   0   0   0   255 255 
0   0   0   0   0   0   255 255 0   0   255 255 0   0   0   0   0   0   0   0   0   0   0   0   0   0   255 255 255 255 255 255 
0   0   0   0   0   0   1   0   0   0   0   0   255 255 0   0   0   0   0   0   0   0   0   0   0   0   0   0   1   0   1   0   
0   0   0   0   6   0   0   0   0   0   1   0   4   0   2   0   255 255 0   0   15  0   254 255 0   0   3   0   6   0   1   0   
0   0   0   0   4   0   0   0   0   0   1   0   2   0   0   0   0   0   0   0   1   0   0   0   255 255 0   0   0   0   255 255 
0   0   0   0   0   0   255 255 0   0   255 255 0   0   0   0   0   0   0   0   0   0   0   0   0   0   255 255 255 255 255 255 
0   0   0   0   0   0   0   0   0   0   0   0   255 255 0   0   0   0   0   0   0   0   0   0   0   0   0   0   1   0   1   0   
0   0   0   0   6   0   0   0   0   0   1   0   4   0   2   0   255 255 0   0   16  0   255 255 0   0   3   0   6   0   1   0   
0   0   0   0   4   0   0   0   0   0   1   0   2   0   0   0   0   0   0   0   1   0   0   0   0   0   0   0   1   0   0   0   
0   0   0   0   0   0   255 255 0   0   255 255 0   0   0   0   0   0   0   0   0   0   255 255 0   0   255 255 255 255 0   0   
0   0   0   0   0   0   0   0   0   0   0   0   255 255 0   0   0   0   0   0   0   0   0   0   255 255 0   0   1   0   1   0   
0   0   0   0   6   0   0   0   0   0   1   0   3   0   2   0   255 255 0   0   16  0   255 255 0   0   3   0   6   0   1   0   
0   0   0   0   4   0   0   0   0   0   1   0   2   0   1   0   0   0   0   0   1   0   0   0   0   0   0   0   0   0   0   0   
0   0   0   0   0   0   255 255 0   0   255 255 0   0   0   0   0   0   0   0   0   0   255 255 0   0   255 255 255 255 0   0   
0   0   0   0   0   0   0   0   0   0   0   0   255 255 0   0   0   0   0   0   0   0   0   0   0   0   0   0   1   0   1   0   
0   0   0   0   6   0   1   0   0   0   1   0   3   0   2   0   255 255 0   0   16  0   255 255 0   0   3   0   6   0   1   0   
0   0   0   0   4   0   255 255 0   0   1   0   1   0   1   0   0   0   0   0   1   0   0   0   0   0   0   0   0   0   0   0   
0   0   0   0   0   0   255 255 0   0   255 255 0   0   0   0   0   0   0   0   0   0   255 255 0   0   255 255 255 255 0   0   
0   0   0   0   0   0   0   0   0   0   0   0   255 255 0   0   0   0   0   0   0   0   0   0   0   0   0   0   1   0   1   0   
0   0   0   0   6   0   0   0   0   0   1   0   3   0   2   0   255 255 0   0   15  0   255 255 0   0   2   0   5   0   1   0   
0   0   0   0   3   0   255 255 0   0   1   0   1   0   1   0   0   0   0   0   1   0   0   0   0   0   0   0   0   0   0   0   
0   0   0   0   0   0   255 255 0   0   255 255 0   0   0   0   0   0   0   0   0   0   255 255 0   0   255 255 255 255 0   0   
0   0   0   0   0   0   0   0   0   0   0   0   255 255 0   0   0   0   0   0   0   0   0   0   0   0   0   0   1   0   1   0   
0   0   0   0   6   0   0   0   0   0   1   0   4   0   2   0   255 255 0   0   15  0   255 255 0   0   2   0   5   0   1   0   
0   0   0   0   3   0   255 255 0   0   1   0   1   0   1   0   0   0   0   0   1   0   0   0   0   0   0   0   0   0   0   0   
0   0   0   0   0   0   255 255 0   0   255 255 0   0   0   0   0   0   0   0   0   0   255 255 0   0   255 255 255 255 0   0   
0   0   0   0   0   0   0   0   0   0   0   0   255 255 0   0   0   0   0   0   0   0   0   0   0   0   0   0   1   0   1   0   
0   0   0   0   6   0   0   0   0   0   1   0   4   0   2   0   255 255 0   0   15  0   255 255 0   0   2   0   5   0   1   0   
0   0   0   0   3   0   255 255 0   0   1   0   2   0   1   0   0   0   0   0   1   0   0   0   0   0   0   0   0   0   0   0   
0   0   0   0   0   0   255 255 0   0   255 255 0   0   0   0   0   0   0   0   0   0   255 255 0   0   255 255 255 255 0   0   
0   0   0   0   255 255 255 255 0   0   0   0   255 255 0   0   0   0   0   0   0   0   0   0   0   0   0   0   1   0   1   0   
0   0   0   0   6   0   0   0   0   0   1   0   4   0   2   0   255 255 0   0   15  0   255 255 0   0   2   0   5   0   1   0   
0   0   0   0   4   0   255 255 0   0   1   0   2   0   1   0   0   0   0   0   1   0   0   0   0   0   0   0   0   0   0   0   
0   0   0   0   0   0   255 255 0   0   255 255 0   0   0   0   0   0   0   0   0   0   255 255 0   0   255 255 255 255 0   0   
0   0   0   0   255 255 0   0   0   0   0   0   255 255 0   0   0   0   0   0   0   0   0   0   0   0   0   0   1   0   1   0   
0   0   0   0   6   0   0   0   0   0   1   0   4   0   2   0   255 255 0   0   15  0   255 255 0   0   2   0   5   0   1   0   
0   0   0   0   4   0   255 255 0   0   1   0   2   0   1   0   0   0   0   0   1   0   0   0   0   0   0   0   0   0   0   0   
0   0   0   0   0   0   255 255 0   0   255 255 0   0   0   0   0   0   0   0   0   0   0   0   0   0   255 255 255 255 0   0   
0   0   0   0   255 255 0   0   0   0   0   0   255 255 0   0   0   0   0   0   0   0   0   0   0   0   0   0   1   0   1   0   
0   0   0   0   6   0   0   0   0   0   1   0   4   0   2   0   255 255 0   0   15  0   255 255 0   0   3   0   5   0   1   0   
0   0   0   0   4   0   255 255 0   0   1   0   2   0   1   0   0   0   0   0   1   0   0   0   0   0   0   0   0   0   0   0   
0   0   0   0   0   0   255 255 0   0   255 255 0   0   0   0   0   0   0   0   0   0   0   0   1   0   255 255 255 255 0   0   
0   0   0   0   255 255 0   0   0   0   0   0   255 255 0   0   0   0   0   0   0   0   0   0   0   0   0   0   1   0   1   0   
0   0   0   0   6   0   0   0   0   0   1   0   4   0   2   0   255 255 0   0   15  0   255 255 0   0   3   0   5   0   1   0   
0   0   0   0   4   0   255 255 0   0   1   0   2   0   1   0   0   0   0   0   1   0   0   0   0   0   0   0   1   0   0   0   
0   0   0   0   0   0   255 255 0   0   255 255 0   0   0   0   0   0   0   0   0   0   0   0   1   0   255 255 255 255 0   0   
0   0   0   0   255 255 0   0   0   0   0   0   255 255 0   0   0   0   0   0   0   0   0   0   0   0   0   0   0   0   0   0   
0   0   0   0   6   0   0   0   0   0   1   0   4   0   2   0   255 255 0   0   15  0   255 255 0   0   3   0   5   0   1   0   
0   0   0   0   4   0   255 255 0   0   1   0   2   0   1   0   0   0   0   0   1   0   0   0   0   0   0   0   1   0   0   0   
0   0   0   0   0   0   255 255 0   0   255 255 0   0   0   0   0   0   0   0   0   0   0   0   1   0   255 255 255 255 0   0   
0   0   0   0   255 255 0   0   0   0   0   0   255 255 0   0   0   0   0   0   0   0   0   0   0   0   0   0   0   0   0   0   
0   0   0   0   6   0   0   0   0   0   1   0   4   0   2   0   255 255 0   0   15  0   255 255 0   0   3   0   5   0   1   0   
0   0   0   0   4   0   255 255 0   0   1   0   2   0   1   0   0   0   0   0   1   0   0   0   0   0   0   0   1   0   0   0   
0   0   0   0   0   0   255 255 0   0   255 255 0   0   0   0   0   0   0   0   0   0   0   0   1   0   255 255 255 255 0   0   
0   0   0   0   255 255 0   0   0   0   0   0   255 255 0   0   0   0   0   0   0   0   0   0   0   0   0   0   1   0   1   0   
0   0   0   0   6   0   0   0   0   0   1   0   4   0   2   0   255 255 0   0   15  0   255 255 0   0   3   0   6   0   1   0   
0   0   0   0   4   0   255 255 0   0   1   0   2   0   1   0   0   0   0   0   1   0   0   0   0   0   0   0   1   0   0   0   
0   0   0   0   0   0   255 255 0   0   255 255 0   0   0   0   0   0   0   0   0   0   0   0   1   0   255 255 255 255 0   0   
0   0   0   0   255 255 0   0   0   0   0   0   255 255 0   0   0   0   0   0   0   0   0   0   0   0   0   0   1   0   1   0   
0   0   0   0   6   0   0   0   0   0   1   0   4   0   2   0   255 255 0   0   15  0   255 255 0   0   3   0   6   0   1   0   
0   0   0   0   4   0   0   0   0   0   0   0   2   0   1   0   0   0   0   0   1   0   0   0   0   0   0   0   1   0   0   0   
0   0   0   0   1   0   255 255 0   0   255 255 0   0   0   0   0   0   0   0   0   0   0   0   0   0   255 255 255 255 0   0   
0   0   255 255 255 255 0   0   0   0   0   0   255 255 0   0   0   0   0   0   0   0   0   0   0   0   0   0   1   0   1   0   
0   0   0   0   6   0   0   0   0   0   1   0   4   0   2   0   255 255 0   0   15  0   255 255 0   0   3   0   6   0   1   0   
0   0   0   0   4   0   0   0   0   0   0   0   2   0   1   0   0   0   0   0   1   0   0   0   0   0   0   0   1   0   0   0   
0   0   0   0   1   0   255 255 0   0   255 255 0   0   0   0   0   0   0   0   0   0   0   0   0   0   255 255 255 255 0   0   
0   0   255 255 255 255 0   0   0   0   0   0   255 255 0   0   0   0   0   0   0   0   0   0   0   0   0   0   1   0   1   0   
0   0   0   0   6   0   0   0   0   0   1   0   4   0   2   0   255 255 0   0   15  0   255 255 0   0   3   0   6   0   1   0   
0   0   0   0   4   0   255 255 0   0   0   0   2   0   1   0   0   0   0   0   1   0   0   0   0   0   0   0   1   0   0   0   
0   0   0   0   1   0   255 255 0   0   255 255 0   0   0   0   0   0   0   0   0   0   0   0   0   0   255 255 255 255 0   0   
0   0   255 255 255 255 0   0   0   0   0   0   255 255 0   0   0   0   0   0   1   0   1   0   0   0   0   0   1   0   1   0   
0   0   0   0   6   0   0   0   0   0   1   0   4   0   2   0   255 255 0   0   15  0   255 255 0   0   3   0   6   0   1   0   
0   0   0   0   4   0   255 255 0   0   0   0   2   0   1   0   0   0   0   0   1   0   0   0   0   0   0   0   1   0   0   0   
0   0   0   0   1   0   255 255 0   0   255 255 0   0   0   0   0   0   0   0   0   0   0   0   0   0   255 255 255 255 0   0   
0   0   255 255 255 255 0   0   0   0   0   0   255 255 0   0   0   0   0   0   1   0   0   0   0   0   0   0   1   0   1   0   
0   0   0   0   6   0   0   0   0   0   1   0   4   0   2   0   255 255 0   0   16  0   255 255 0   0   3   0   6   0   1   0   
0   0   0   0   4   0   255 255 0   0   0   0   2   0   1   0   0   0   0   0   1   0   0   0   0   0   0   0   1   0   0   0   
0   0   0   0   1   0   255 255 0   0   255 255 0   0   0   0   0   0   0   0   0   0   0   0   0   0   255 255 255 255 0   0   
0   0   255 255 255 255 0   0   0   0   0   0   255 255 0   0   0   0   0   0   0   0   0   0   0   0   0   0   1   0   1   0   
0   0   0   0   6   0   0   0   0   0   1   0   4   0   2   0   255 255 0   0   16  0   255 255 0   0   3   0   6   0   1   0   
0   0   0   0   4   0   255 255 0   0   1   0   2   0   1   0   0   0   0   0   1   0   0   0   0   0   0   0   1   0   0   0   
0   0   0   0   0   0   255 255 0   0   255 255 255 255 255 255 0   0   0   0   0   0   0   0   0   0   255 255 255 255 0   0   
0   0   255 255 255 255 0   0   0   0   0   0   255 255 0   0   0   0   0   0   0   0   0   0   0   0   0   0   1   0   1   0   
0   0   0   0   6   0   1   0   0   0   1   0   4   0   2   0   255 255 0   0   16  0   255 255 0   0   3   0   6   0   1   0   
0   0   0   0   4   0   255 255 0   0   1   0   2   0   1   0   0   0   0   0   1   0   0   0   0   0   0   0   1   0   0   0   
0   0   0   0   0   0   255 255 0   0   255 255 255 255 255 255 0   0   0   0   0   0   0   0   0   0   255 255 255 255 0   0   
0   0   255 255 255 255 0   0   0   0   0   0   255 255 0   0   0   0   0   0   1   0   1   0   0   0   0   0   1   0   1   0   
0   0   0   0   6   0   1   0   0   0   1   0   4   0   2   0   255 255 0   0   16  0   255 255 0   0   3   0   6   0   1   0   
0   0   0   0   4   0   255 255 0   0   1   0   2   0   1   0   0   0   0   0   1   0   0   0   0   0   0   0   1   0   0   0   
0   0   0   0   0   0   255 255 0   0   255 255 255 255 255 255 0   0   0   0   0   0   0   0   0   0   255 255 255 255 0   0   
0   0   255 255 255 255 0   0   0   0   0   0   255 255 0   0   0   0   0   0   1   0   1   0   0   0   0   0   1   0   1   0   
0   0   0   0   6   0   0   0   0   0   1   0   4   0   2   0   255 255 0   0   16  0   255 255 0   0   3   0   6   0   1   0   
0   0   0   0   4   0   255 255 0   0   1   0   2   0   1   0   0   0   0   0   1   0   0   0   0   0   0   0   1   0   0   0   
0   0   0   0   0   0   255 255 0   0   255 255 0   0   255 255 0   0   0   0   0   0   0   0   0   0   255 255 255 255 0   0   
0   0   255 255 255 255 0   0   0   0   0   0   255 255 0   0   0   0   0   0   1   0   1   0   0   0   0   0   1   0   1   0   
0   0   0   0   6   0   0   0   0   0   1   0   4   0   2   0   255 255 0   0   16  0   255 255 0   0   3   0   6   0   1   0   
0   0   0   0   4   0   255 255 0   0   1   0   2   0   1   0   0   0   0   0   1   0   0   0   0   0   0   0   0   0   255 255 
0   0   0   0   0   0   255 255 0   0   255 255 0   0   255 255 0   0   0   0   0   0   0   0   0   0   255 255 255 255 0   0   
0   0   255 255 255 255 0   0   0   0   0   0   255 255 0   0   0   0   0   0   0   0   0   0   0   0   0   0   1   0   1   0   
0   0   0   0   6   0   0   0   0   0   1   0   4   0   2   0   255 255 0   0   16  0   255 255 0   0   3   0   6   0   1   0   
0   0   0   0   4   0   255 255 0   0   1   0   2   0   1   0   0   0   0   0   1   0   0   0   0   0   0   0   0   0   255 255 
0   0   0   0   0   0   255 255 0   0   255 255 0   0   255 255 0   0   0   0   0   0   0   0   0   0   255 255 255 255 0   0   
0   0   255 255 255 255 0   0   0   0   0   0   255 255 0   0   0   0   0   0   1   0   0   0   0   0   0   0   1   0   1   0   
0   0   0   0   6   0   0   0   0   0   1   0   4   0   2   0   255 255 0   0   16  0   255 255 0   0   3   0   6   0   1   0   
0   0   0   0   4   0   255 255 0   0   1   0   2   0   1   0   0   0   0   0   1   0   0   0   0   0   0   0   0   0   255 255 
0   0   0   0   0   0   255 255 0   0   255 255 0   0   255 255 0   0   0   0   0   0   0   0   0   0   255 255 255 255 0   0   
0   0   255 255 255 255 0   0   0   0   0   0   255 255 0   0   0   0   0   0   1   0   0   0   0   0   0   0   1   0   1   0   
0   0   0   0   6   0   0   0   0   0   1   0   4   0   2   0   255 255 0   0   16  0   255 255 0   0   3   0   6   0   1   0   
0   0   0   0   4   0   255 255 0   0   1   0   2   0   1   0   0   0   0   0   1   0   0   0   0   0   0   0   0   0   255 255 
0   0   0   0   0   0   255 255 0   0   255 255 0   0   255 255 0   0   0   0   0   0   0   0   0   0   255 255 255 255 0   0   
0   0   0   0   0   0   0   0   0   0   0   0   255 255 0   0   0   0   0   0   1   0   0   0   0   0   0   0   1   0   1   0   
0   0   0   0   6   0   0   0   0   0   1   0   4   0   2   0   255 255 0   0   16  0   255 255 0   0   3   0   6   0   1   0   
0   0   0   0   4   0   255 255 0   0   1   0   2   0   1   0   0   0   0   0   1   0   0   0   0   0   0   0   0   0   255 255 
0   0   0   0   0   0   255 255 255 255 255 255 0   0   255 255 0   0   0   0   0   0   0   0   0   0   255 255 255 255 0   0   
0   0   0   0   0   0   0   0   0   0   0   0   255 255 0   0   0   0   0   0   1   0   0   0   0   0   0   0   1   0   1   0   
0   0   0   0   6   0   0   0   0   0   1   0   4   0   2   0   255 255 0   0   16  0   255 255 0   0   3   0   6   0   1   0   
0   0   0   0   4   0   255 255 0   0   1   0   2   0   1   0   0   0   0   0   1   0   0   0   0   0   0   0   0   0   255 255 
0   0   0   0   0   0   255 255 255 255 255 255 0   0   255 255 0   0   0   0   0   0   0   0   0   0   255 255 255 255 0   0   
0   0   0   0   0   0   0   0   0   0   0   0   255 255 0   0   0   0   0   0   1   0   1   0   0   0   0   0   1   0   1   0   
0   0   0   0   6   0   0   0   0   0   1   0   4   0   2   0   255 255 0   0   16  0   255 255 0   0   3   0   6   0   1   0   
0   0   0   0   4   0   255 255 0   0   1   0   2   0   1   0   0   0   0   0   1   0   0   0   0   0   0   0   0   0   255 255 
0   0   0   0   0   0   255 255 255 255 255 255 0   0   255 255 0   0   0   0   0   0   0   0   0   0   255 255 255 255 0   0   
0   0   0   0   0   0   0   0   0   0   0   0   255 255 0   0   0   0   0   0   1   0   1   0   0   0   0   0   1   0   1   0   
0   0   0   0   6   0   0   0   0   0   1   0   4   0   2   0   255 255 0   0   16  0   255 255 0   0   3   0   6   0   1   0   
0   0   0   0   4   0   255 255 0   0   1   0   2   0   1   0   0   0   0   0   1   0   0   0   0   0   0   0   0   0   255 255 
0   0   0   0   0   0   255 255 0   0   255 255 0   0   255 255 0   0   0   0   0   0   0   0   0   0   255 255 255 255 0   0   
0   0   0   0   0   0   0   0   0   0   0   0   255 255 0   0   0   0   0   0   1   0   1   0   0   0   0   0   1   0   1   0   
0   0   0   0   6   0   0   0   0   0   1   0   4   0   2   0   255 255 0   0   16  0   255 255 0   0   3   0   6   0   1   0   
0   0   0   0   4   0   255 255 0   0   1   0   2   0   1   0   0   0   0   0   1   0   0   0   0   0   0   0   0   0   255 255 
0   0   0   0   0   0   255 255 0   0   255 255 0   0   255 255 0   0   0   0   0   0   0   0   0   0   255 255 255 255 0   0   
0   0   0   0   0   0   0   0   0   0   0   0   255 255 0   0   0   0   0   0   1   0   1   0   0   0   0   0   1   0   1   0   
0   0   0   0   6   0   0   0   0   0   1   0   4   0   2   0   255 255 0   0   16  0   255 255 0   0   3   0   6   0   1   0   
0   0   0   0   4   0   255 255 0   0   1   0   2   0   1   0   0   0   0   0   1   0   0   0   0   0   0   0   0   0   255 255 
0   0   0   0   0   0   255 255 0   0   255 255 0   0   255 255 0   0   0   0   0   0   255 255 0   0   255 255 255 255 0   0   
0   0   0   0   0   0   1   0   0   0   0   0   255 255 0   0   0   0   0   0   1   0   1   0   0   0   0   0   1   0   1   0   
0   0   0   0   6   0   0   0   0   0   1   0   4   0   2   0   255 255 0   0   16  0   255 255 0   0   3   0   6   0   1   0   
0   0   0   0   4   0   255 255 0   0   1   0   2   0   1   0   0   0   0   0   1   0   0   0   0   0   0   0   0   0   255 255 
0   0   0   0   0   0   255 255 0   0   255 255 0   0   255 255 0   0   0   0   0   0   255 255 1   0   255 255 255 255 0   0   
0   0   0   0   0   0   1   0   0   0   0   0   255 255 0   0   0   0   0   0   1   0   1   0   0   0   0   0   1   0   1   0   
0   0   0   0   6   0   0   0   0   0   1   0   4   0   2   0   255 255 0   0   16  0   255 255 0   0   3   0   6   0   1   0   
0   0   0   0   4   0   255 255 0   0   1   0   2   0   1   0   0   0   0   0   1   0   0   0   0   0   0   0   0   0   255 255 
0   0   0   0   0   0   255 255 0   0   255 255 0   0   255 255 0   0   0   0   0   0   255 255 1   0   255 255 255 255 0   0   
0   0   0   0   0   0   1   0   0   0   0   0   255 255 0   0   0   0   0   0   0   0   0   0   0   0   0   0   1   0   1   0   
0   0   0   0   6   0   0   0   0   0   1   0   4   0   2   0   255 255 0   0   16  0   255 255 0   0   3   0   6   0   1   0   
0   0   0   0   5   0   0   0   0   0   1   0   2   0   1   0   0   0   0   0   1   0   0   0   0   0   0   0   1   0   255 255 
0   0   0   0   0   0   255 255 0   0   255 255 0   0   255 255 0   0   0   0   0   0   255 255 1   0   255 255 255 255 0   0   
0   0   255 255 255 255 0   0   0   0   0   0   255 255 0   0   0   0   0   0   0   0   0   0   0   0   0   0   1   0   1   0   
0   0   0   0   6   0   0   0   0   0   1   0   4   0   2   0   255 255 0   0   16  0   255 255 0   0   3   0   6   0   1   0   
0   0   0   0   4   0   255 255 0   0   1   0   2   0   1   0   0   0   0   0   1   0   0   0   0   0   0   0   1   0   0   0   
0   0   0   0   0   0   255 255 0   0   255 255 0   0   255 255 0   0   0   0   0   0   255 255 0   0   255 255 255 255 0   0   
0   0   255 255 255 255 0   0   0   0   0   0   0   0   1   0   0   0   0   0   1   0   1   0   0   0   0   0   1   0   1   0   
0   0   0   0   6   0   1   0   0   0   1   0   4   0   2   0   255 255 0   0   16  0   255 255 0   0   3   0   6   0   1   0   
0   0   0   0   4   0   255 255 0   0   1   0   2   0   1   0   0   0   0   0   1   0   0   0   0   0   0   0   1   0   0   0   
0   0   0   0   0   0   255 255 0   0   255 255 0   0   255 255 0   0   0   0   0   0   255 255 0   0   255 255 255 255 0   0   
0   0   255 255 255 255 0   0   0   0   0   0   0   0   1   0   0   0   0   0   1   0   1   0   0   0   0   0   1   0   1   0   
0   0   0   0   6   0   1   0   0   0   1   0   4   0   2   0   255 255 0   0   15  0   254 255 0   0   3   0   6   0   1   0   
0   0   0   0   5   0   255 255 0   0   1   0   2   0   1   0   0   0   0   0   1   0   0   0   0   0   0   0   1   0   0   0   
0   0   0   0   0   0   255 255 0   0   255 255 0   0   255 255 0   0   0   0   0   0   255 255 0   0   255 255 255 255 0   0   
0   0   255 255 255 255 0   0   0   0   0   0   0   0   1   0   0   0   0   0   1   0   0   0   0   0   0   0   1   0   1   0   
255 255 0   0   6   0   0   0   0   0   1   0   4   0   2   0   255 255 0   0   16  0   255 255 0   0   3   0   6   0   1   0   
0   0   0   0   5   0   255 255 0   0   1   0   3   0   1   0   0   0   0   0   1   0   0   0   0   0   0   0   1   0   0   0   
0   0   0   0   0   0   255 255 0   0   255 255 0   0   0   0   0   0   0   0   0   0   255 255 0   0   255 255 255 255 0   0   
0   0   255 255 255 255 0   0   0   0   0   0   255 255 0   0   0   0   0   0   1   0   0   0   0   0   0   0   1   0   1   0   
255 255 0   0   6   0   0   0   0   0   1   0   4   0   2   0   255 255 0   0   16  0   255 255 0   0   3   0   6   0   1   0   
0   0   0   0   5   0   255 255 0   0   1   0   3   0   1   0   0   0   0   0   1   0   0   0   0   0   0   0   1   0   0   0   
0   0   0   0   0   0   255 255 0   0   255 255 0   0   0   0   0   0   0   0   0   0   255 255 0   0   255 255 255 255 0   0   
0   0   255 255 255 255 0   0   0   0   0   0   255 255 0   0   0   0   0   0   1   0   0   0   0   0   0   0   1   0   1   0   
255 255 0   0   6   0   0   0   0   0   1   0   4   0   2   0   255 255 0   0   16  0   255 255 0   0   3   0   6   0   1   0   
0   0   0   0   4   0   255 255 0   0   1   0   3   0   1   0   0   0   0   0   1   0   0   0   0   0   0   0   1   0   0   0   
0   0   0   0   0   0   255 255 0   0   255 255 0   0   0   0   0   0   0   0   0   0   255 255 0   0   255 255 255 255 0   0   
0   0   255 255 255 255 0   0   0   0   0   0   255 255 0   0   0   0   0   0   1   0   0   0   0   0   0   0   1   0   1   0   
255 255 0   0   6   0   0   0   0   0   1   0   4   0   2   0   255 255 0   0   16  0   255 255 0   0   3   0   6   0   1   0   
0   0   0   0   4   0   255 255 0   0   1   0   3   0   1   0   0   0   0   0   1   0   0   0   0   0   0   0   0   0   0   0   
0   0   0   0   0   0   255 255 0   0   255 255 0   0   0   0   0   0   0   0   0   0   255 255 0   0   255 255 255 255 0   0   
0   0   255 255 255 255 0   0   0   0   0   0   255 255 0   0   0   0   0   0   0   0   0   0   0   0   0   0   1   0   1   0   
255 255 0   0   6   0   0   0   0   0   1   0   4   0   2   0   255 255 0   0   16  0   255 255 0   0   3   0   6   0   1   0   
0   0   0   0   4   0   255 255 0   0   1   0   2   0   1   0   0   0   0   0   1   0   0   0   1   0   0   0   0   0   0   0   
0   0   0   0   0   0   255 255 0   0   255 255 0   0   0   0   0   0   0   0   0   0   255 255 0   0   255 255 255 255 0   0   
0   0   255 255 255 255 0   0   255 255 0   0   255 255 0   0   0   0   0   0   0   0   0   0   0   0   0   0   1   0   1   0   
255 255 0   0   6   0   0   0   0   0   1   0   4   0   2   0   255 255 0   0   16  0   255 255 0   0   3   0   6   0   1   0   
0   0   0   0   4   0   255 255 0   0   1   0   2   0   1   0   0   0   0   0   1   0   0   0   0   0   0   0   0   0   0   0   
0   0   0   0   0   0   255 255 0   0   255 255 0   0   0   0   0   0   0   0   0   0   255 255 0   0   255 255 255 255 0   0   
0   0   255 255 255 255 0   0   0   0   0   0   255 255 0   0   0   0   0   0   0   0   0   0   0   0   0   0   1   0   1   0   
255 255 0   0   6   0   0   0   0   0   1   0   4   0   2   0   255 255 0   0   16  0   255 255 0   0   3   0   6   0   1   0   
0   0   0   0   4   0   255 255 0   0   1   0   2   0   1   0   0   0   0   0   1   0   0   0   0   0   0   0   0   0   0   0   
0   0   0   0   0   0   255 255 0   0   255 255 0   0   0   0   0   0   0   0   0   0   255 255 0   0   255 255 255 255 0   0   
0   0   0   0   0   0   1   0   0   0   0   0   255 255 0   0   0   0   0   0   0   0   0   0   0   0   0   0   1   0   1   0   
255 255 0   0   6   0   0   0   0   0   1   0   4   0   2   0   255 255 0   0   16  0   255 255 0   0   3   0   6   0   1   0   
0   0   0   0   4   0   255 255 0   0   1   0   2   0   1   0   0   0   0   0   1   0   0   0   0   0   0   0   0   0   0   0   
0   0   0   0   0   0   255 255 0   0   255 255 0   0   0   0   0   0   0   0   0   0   255 255 0   0   255 255 255 255 0   0   
0   0   0   0   0   0   0   0   0   0   0   0   255 255 0   0   0   0   0   0   0   0   255 255 0   0   0   0   1   0   1   0   
255 255 0   0   6   0   0   0   0   0   1   0   4   0   2   0   255 255 0   0   16  0   255 255 0   0   3   0   6   0   1   0   
0   0   0   0   4   0   255 255 0   0   1   0   2   0   1   0   0   0   0   0   1   0   0   0   0   0   0   0   0   0   0   0   
0   0   0   0   0   0   255 255 0   0   255 255 0   0   0   0   0   0   0   0   0   0   255 255 0   0   255 255 255 255 0   0   
0   0   255 255 255 255 0   0   0   0   0   0   255 255 0   0   0   0   0   0   0   0   0   0   0   0   0   0   1   0   1   0   
255 255 0   0   6   0   0   0   0   0   1   0   4   0   3   0   255 255 0   0   16  0   255 255 0   0   3   0   6   0   1   0   
0   0   0   0   4   0   255 255 0   0   1   0   2   0   1   0   0   0   0   0   1   0   0   0   0   0   0   0   0   0   0   0   
0   0   0   0   0   0   255 255 0   0   255 255 0   0   0   0   0   0   0   0   0   0   255 255 0   0   255 255 255 255 0   0   
0   0   255 255 255 255 0   0   0   0   0   0   255 255 0   0   0   0   0   0   0   0   0   0   0   0   0   0   1   0   1   0   
255 255 0   0   6   0   0   0   0   0   1   0   4   0   3   0   255 255 0   0   16  0   255 255 0   0   3   0   6   0   1   0   
0   0   0   0   4   0   255 255 0   0   1   0   2   0   1   0   0   0   0   0   1   0   0   0   1   0   0   0   1   0   0   0   
0   0   0   0   0   0   255 255 0   0   255 255 0   0   0   0   0   0   0   0   0   0   255 255 0   0   255 255 255 255 0   0   
0   0   255 255 255 255 0   0   0   0   0   0   255 255 0   0   0   0   0   0   0   0   0   0   0   0   0   0   1   0   1   0   
255 255 0   0   6   0   0   0   0   0   1   0   4   0   3   0   255 255 0   0   16  0   255 255 0   0   3   0   6   0   1   0   
0   0   0   0   4   0   255 255 0   0   1   0   2   0   1   0   0   0   0   0   1   0   0   0   0   0   0   0   0   0   0   0   
0   0   0   0   0   0   255 255 0   0   255 255 0   0   0   0   0   0   0   0   0   0   255 255 0   0   255 255 255 255 0   0   
0   0   255 255 255 255 0   0   0   0   0   0   255 255 0   0   0   0   0   0   0   0   0   0   0   0   0   0   1   0   1   0   
255 255 0   0   6   0   0   0   0   0   1   0   4   0   2   0   255 255 0   0   16  0   255 255 0   0   3   0   6   0   1   0   
0   0   0   0   4   0   255 255 0   0   1   0   2   0   1   0   0   0   0   0   2   0   0   0   0   0   0   0   0   0   0   0   
0   0   0   0   0   0   255 255 0   0   255 255 0   0   0   0   0   0   0   0   0   0   255 255 0   0   255 255 255 255 0   0   
0   0   255 255 255 255 0   0   0   0   0   0   255 255 0   0   0   0   0   0   0   0   0   0   0   0   0   0   1   0   1   0   
255 255 0   0   6   0   0   0   0   0   1   0   4   0   2   0   255 255 0   0   16  0   255 255 0   0   3   0   6   0   1   0   
0   0   0   0   4   0   255 255 0   0   1   0   2   0   1   0   0   0   0   0   2   0   0   0   0   0   0   0   0   0   0   0   
0   0   0   0   0   0   255 255 0   0   255 255 0   0   0   0   0   0   0   0   0   0   255 255 0   0   255 255 255 255 0   0   
0   0   0   0   255 255 0   0   0   0   0   0   255 255 0   0   0   0   0   0   0   0   0   0   0   0   0   0   0   0   1   0   
255 255 0   0   6   0   0   0   0   0   1   0   4   0   2   0   255 255 0   0   16  0   255 255 0   0   3   0   6   0   1   0   
0   0   0   0   4   0   255 255 0   0   1   0   2   0   1   0   0   0   0   0   2   0   0   0   0   0   0   0   0   0   0   0   
0   0   0   0   0   0   255 255 0   0   255 255 0   0   0   0   0   0   0   0   0   0   255 255 0   0   255 255 255 255 0   0   
0   0   0   0   255 255 0   0   0   0   0   0   255 255 0   0   0   0   0   0   0   0   0   0   0   0   0   0   0   0   1   0   
255 255 0   0   6   0   0   0   0   0   1   0   4   0   2   0   255 255 0   0   16  0   255 255 0   0   3   0   6   0   1   0   
0   0   0   0   4   0   255 255 0   0   1   0   2   0   1   0   0   0   0   0   1   0   255 255 0   0   0   0   0   0   0   0   
0   0   0   0   0   0   255 255 0   0   255 255 0   0   0   0   0   0   0   0   0   0   255 255 0   0   255 255 255 255 0   0   
0   0   0   0   0   0   0   0   0   0   0   0   255 255 0   0   0   0   0   0   0   0   0   0   0   0   0   0   1   0   1   0   
255 255 0   0   6   0   0   0   0   0   1   0   4   0   2   0   255 255 0   0   16  0   255 255 0   0   3   0   6   0   1   0   
0   0   0   0   4   0   255 255 0   0   1   0   2   0   1   0   0   0   0   0   1   0   255 255 0   0   0   0   0   0   0   0   
0   0   0   0   0   0   255 255 0   0   255 255 0   0   0   0   0   0   0   0   0   0   255 255 0   0   255 255 255 255 0   0   
0   0   0   0   0   0   0   0   255 255 0   0   255 255 0   0   0   0   0   0   0   0   0   0   0   0   0   0   1   0   1   0   
0   0   0   0   6   0   0   0   0   0   1   0   3   0   2   0   255 255 0   0   16  0   255 255 0   0   3   0   6   0   1   0   
0   0   0   0   4   0   255 255 0   0   1   0   2   0   1   0   0   0   0   0   1   0   255 255 0   0   0   0   0   0   0   0   
0   0   0   0   0   0   255 255 0   0   255 255 0   0   0   0   0   0   0   0   0   0   255 255 0   0   255 255 0   0   0   0   
0   0   255 255 255 255 0   0   255 255 0   0   255 255 0   0   0   0   0   0   0   0   0   0   0   0   0   0   1   0   1   0   
0   0   0   0   6   0   0   0   0   0   1   0   3   0   2   0   255 255 0   0   16  0   255 255 0   0   3   0   6   0   2   0   
0   0   0   0   4   0   255 255 0   0   1   0   2   0   1   0   0   0   0   0   1   0   255 255 0   0   0   0   0   0   0   0   
0   0   0   0   0   0   255 255 255 255 255 255 0   0   0   0   0   0   0   0   0   0   0   0   0   0   255 255 255 255 0   0   
0   0   255 255 255 255 0   0   255 255 255 255 255 255 0   0   0   0   0   0   1   0   0   0   0   0   0   0   1   0   1   0   
0   0   0   0   6   0   0   0   0   0   1   0   3   0   2   0   255 255 0   0   16  0   255 255 0   0   3   0   6   0   1   0   
0   0   0   0   4   0   255 255 0   0   1   0   2   0   1   0   0   0   0   0   1   0   255 255 0   0   0   0   0   0   0   0   
0   0   0   0   0   0   255 255 0   0   255 255 0   0   0   0   0   0   0   0   0   0   0   0   0   0   255 255 255 255 0   0   
0   0   255 255 0   0   0   0   0   0   0   0   255 255 0   0   0   0   0   0   1   0   0   0   0   0   0   0   1   0   1   0   
0   0   0   0   6   0   0   0   0   0   1   0   3   0   2   0   255 255 0   0   16  0   255 255 0   0   3   0   6   0   1   0   
0   0   0   0   4   0   255 255 0   0   1   0   2   0   1   0   0   0   0   0   1   0   255 255 0   0   0   0   0   0   0   0   
0   0   0   0   0   0   255 255 0   0   255 255 0   0   0   0   0   0   0   0   0   0   0   0   0   0   255 255 255 255 0   0   
0   0   255 255 0   0   0   0   0   0   0   0   255 255 0   0   0   0   0   0   0   0   0   0   0   0   0   0   1   0   1   0   
0   0   0   0   6   0   0   0   0   0   1   0   3   0   2   0   255 255 0   0   16  0   255 255 0   0   3   0   6   0   2   0   
0   0   0   0   4   0   255 255 0   0   1   0   2   0   1   0   0   0   0   0   1   0   255 255 0   0   0   0   0   0   0   0   
0   0   0   0   0   0   255 255 0   0   255 255 0   0   0   0   0   0   0   0   0   0   0   0   0   0   255 255 255 255 0   0   
0   0   255 255 0   0   0   0   0   0   0   0   255 255 0   0   0   0   0   0   0   0   0   0   0   0   0   0   1   0   1   0   
255 255 0   0   5   0   0   0   0   0   1   0   3   0   2   0   0   0   0   0   16  0   255 255 0   0   3   0   6   0   2   0   
0   0   0   0   4   0   255 255 0   0   1   0   2   0   1   0   0   0   0   0   1   0   255 255 0   0   0   0   0   0   0   0   
0   0   0   0   0   0   255 255 0   0   255 255 0   0   0   0   0   0   0   0   0   0   0   0   0   0   255 255 255 255 0   0   
0   0   255 255 255 255 0   0   0   0   0   0   255 255 0   0   0   0   0   0   0   0   0   0   0   0   0   0   1   0   1   0   
0   0   1   0   6   0   1   0   0   0   1   0   3   0   2   0   0   0   0   0   16  0   255 255 0   0   3   0   6   0   1   0   
0   0   0   0   4   0   255 255 0   0   1   0   2   0   1   0   0   0   0   0   1   0   0   0   0   0   0   0   0   0   0   0   
0   0   0   0   0   0   255 255 0   0   255 255 0   0   0   0   0   0   0   0   0   0   0   0   0   0   255 255 255 255 0   0   
0   0   255 255 255 255 0   0   0   0   0   0   255 255 0   0   0   0   0   0   0   0   0   0   0   0   0   0   1   0   1   0   
0   0   1   0   6   0   1   0   0   0   1   0   3   0   2   0   0   0   0   0   16  0   255 255 0   0   3   0   6   0   1   0   
0   0   0   0   4   0   255 255 0   0   1   0   2   0   1   0   0   0   0   0   1   0   0   0   0   0   0   0   1   0   0   0   
0   0   0   0   0   0   255 255 0   0   255 255 0   0   0   0   0   0   0   0   0   0   0   0   0   0   255 255 255 255 0   0   
0   0   255 255 255 255 0   0   0   0   0   0   255 255 0   0   0   0   0   0   0   0   0   0   0   0   0   0   1   0   1   0   
0   0   0   0   5   0   0   0   0   0   1   0   3   0   2   0   255 255 0   0   16  0   255 255 0   0   3   0   6   0   1   0   
0   0   0   0   4   0   255 255 0   0   1   0   2   0   1   0   0   0   0   0   1   0   0   0   0   0   0   0   0   0   0   0   
0   0   0   0   0   0   255 255 0   0   255 255 0   0   0   0   0   0   0   0   0   0   0   0   0   0   255 255 255 255 0   0   
0   0   255 255 255 255 0   0   0   0   0   0   255 255 0   0   0   0   0   0   0   0   0   0   0   0   0   0   0   0   1   0   
0   0   0   0   5   0   0   0   0   0   1   0   3   0   2   0   255 255 0   0   16  0   254 255 0   0   3   0   6   0   1   0   
0   0   0   0   4   0   255 255 0   0   1   0   2   0   1   0   0   0   0   0   1   0   0   0   0   0   0   0   0   0   0   0   
0   0   0   0   0   0   255 255 0   0   255 255 0   0   0   0   0   0   0   0   0   0   0   0   0   0   255 255 255 255 0   0   
0   0   255 255 255 255 0   0   0   0   0   0   255 255 0   0   0   0   0   0   0   0   0   0   0   0   0   0   0   0   1   0   
0   0   0   0   6   0   0   0   0   0   1   0   3   0   2   0   255 255 0   0   16  0   255 255 0   0   3   0   6   0   1   0   
0   0   0   0   4   0   255 255 0   0   1   0   2   0   1   0   0   0   0   0   1   0   0   0   0   0   0   0   0   0   0   0   
0   0   0   0   0   0   255 255 0   0   255 255 0   0   0   0   0   0   0   0   0   0   0   0   0   0   255 255 255 255 0   0   
0   0   255 255 0   0   0   0   0   0   0   0   255 255 0   0   0   0   0   0   1   0   0   0   0   0   0   0   0   0   1   0   
0   0   0   0   6   0   0   0   0   0   1   0   3   0   2   0   255 255 0   0   15  0   254 255 0   0   3   0   6   0   1   0   
0   0   0   0   4   0   255 255 0   0   1   0   2   0   1   0   0   0   0   0   1   0   0   0   0   0   0   0   0   0   0   0   
0   0   0   0   0   0   255 255 0   0   255 255 0   0   0   0   0   0   0   0   0   0   0   0   0   0   255 255 255 255 0   0   
0   0   255 255 0   0   0   0   0   0   0   0   255 255 0   0   0   0   0   0   0   0   0   0   0   0   0   0   0   0   0   0   
0   0   0   0   6   0   0   0   0   0   1   0   3   0   2   0   255 255 0   0   16  0   255 255 0   0   3   0   6   0   1   0   
0   0   0   0   4   0   255 255 0   0   1   0   3   0   2   0   0   0   0   0   1   0   0   0   0   0   0   0   0   0   0   0   
0   0   0   0   0   0   255 255 0   0   255 255 0   0   0   0   0   0   0   0   0   0   0   0   0   0   255 255 255 255 0   0   
0   0   255 255 0   0   0   0   0   0   0   0   255 255 0   0   0   0   0   0   0   0   0   0   0   0   0   0   0   0   0   0   
0   0   0   0   6   0   0   0   0   0   1   0   3   0   2   0   255 255 0   0   16  0   255 255 0   0   3   0   6   0   1   0   
0   0   0   0   4   0   255 255 0   0   1   0   3   0   1   0   0   0   0   0   1   0   0   0   0   0   0   0   0   0   0   0   
0   0   0   0   0   0   255 255 0   0   255 255 0   0   0   0   0   0   0   0   0   0   0   0   0   0   255 255 255 255 0   0   
0   0   255 255 0   0   0   0   0   0   0   0   255 255 0   0   0   0   0   0   0   0   0   0   0   0   0   0   0   0   0   0   
0   0   0   0   6   0   0   0   0   0   1   0   3   0   2   0   255 255 0   0   16  0   255 255 0   0   3   0   6   0   1   0   
0   0   0   0   4   0   255 255 0   0   1   0   3   0   1   0   0   0   0   0   1   0   0   0   0   0   0   0   0   0   0   0   
0   0   0   0   0   0   255 255 0   0   255 255 0   0   0   0   0   0   0   0   0   0   0   0   0   0   255 255 255 255 0   0   
0   0   255 255 0   0   0   0   0   0   0   0   255 255 0   0   0   0   0   0   0   0   0   0   0   0   0   0   0   0   0   0   
0   0   1   0   6   0   1   0   0   0   1   0   3   0   2   0   255 255 0   0   16  0   255 255 0   0   3   0   6   0   1   0   
0   0   0   0   4   0   255 255 0   0   1   0   2   0   1   0   0   0   0   0   1   0   255 255 0   0   0   0   0   0   0   0   
0   0   0   0   0   0   255 255 0   0   255 255 0   0   0   0   0   0   0   0   0   0   0   0   0   0   255 255 255 255 0   0   
0   0   255 255 0   0   0   0   0   0   0   0   255 255 0   0   0   0   0   0   0   0   0   0   0   0   0   0   0   0   0   0   
0   0   0   0   6   0   0   0   0   0   1   0   3   0   2   0   255 255 0   0   16  0   255 255 0   0   3   0   6   0   1   0   
0   0   0   0   5   0   255 255 0   0   1   0   2   0   1   0   0   0   0   0   1   0   255 255 0   0   0   0   0   0   0   0   
0   0   0   0   0   0   255 255 0   0   255 255 0   0   0   0   1   0   0   0   0   0   0   0   0   0   255 255 255 255 0   0   
0   0   255 255 0   0   0   0   0   0   0   0   255 255 0   0   0   0   0   0   0   0   0   0   0   0   0   0   0   0   0   0   
0   0   0   0   6   0   0   0   0   0   1   0   3   0   2   0   255 255 0   0   16  0   255 255 0   0   3   0   6   0   1   0   
0   0   0   0   5   0   255 255 0   0   1   0   2   0   1   0   0   0   0   0   1   0   255 255 0   0   0   0   0   0   0   0   
0   0   0   0   0   0   255 255 0   0   255 255 0   0   0   0   1   0   0   0   0   0   0   0   0   0   255 255 255 255 0   0   
0   0   255 255 0   0   0   0   0   0   0   0   255 255 0   0   0   0   0   0   0   0   0   0   0   0   0   0   0   0   0   0   
0   0   0   0   6   0   0   0   0   0   1   0   3   0   2   0   255 255 0   0   16  0   255 255 0   0   3   0   6   0   1   0   
0   0   0   0   5   0   255 255 0   0   1   0   2   0   1   0   0   0   0   0   1   0   255 255 0   0   0   0   0   0   0   0   
0   0   0   0   0   0   255 255 0   0   255 255 0   0   0   0   1   0   0   0   0   0   0   0   0   0   255 255 255 255 0   0   
0   0   255 255 0   0   0   0   0   0   0   0   255 255 255 255 0   0   0   0   0   0   0   0   0   0   0   0   0   0   0   0   
0   0   0   0   6   0   0   0   0   0   1   0   3   0   2   0   255 255 0   0   16  0   255 255 0   0   3   0   6   0   1   0   
0   0   0   0   5   0   255 255 0   0   1   0   2   0   1   0   0   0   0   0   1   0   255 255 0   0   0   0   0   0   0   0   
0   0   0   0   0   0   255 255 0   0   255 255 0   0   0   0   1   0   0   0   0   0   0   0   0   0   255 255 255 255 0   0   
0   0   0   0   0   0   0   0   0   0   0   0   255 255 0   0   0   0   0   0   0   0   0   0   0   0   0   0   0   0   1   0   
0   0   0   0   6   0   0   0   0   0   1   0   3   0   2   0   255 255 0   0   16  0   255 255 0   0   3   0   6   0   1   0   
0   0   0   0   5   0   255 255 0   0   1   0   2   0   1   0   0   0   0   0   1   0   255 255 0   0   0   0   1   0   0   0   
0   0   0   0   0   0   255 255 0   0   255 255 0   0   0   0   1   0   0   0   0   0   0   0   0   0   255 255 255 255 0   0   
0   0   0   0   0   0   0   0   0   0   0   0   255 255 0   0   0   0   0   0   0   0   0   0   0   0   0   0   0   0   1   0   
0   0   0   0   6   0   0   0   0   0   1   0   3   0   2   0   255 255 0   0   16  0   255 255 0   0   3   0   6   0   1   0   
0   0   0   0   4   0   255 255 0   0   1   0   2   0   1   0   0   0   0   0   1   0   255 255 0   0   0   0   0   0   0   0   
0   0   0   0   0   0   255 255 0   0   255 255 0   0   0   0   1   0   0   0   0   0   0   0   0   0   255 255 255 255 0   0   
0   0   0   0   255 255 0   0   0   0   0   0   255 255 0   0   0   0   0   0   0   0   0   0   0   0   0   0   0   0   1   0   
0   0   0   0   6   0   0   0   0   0   1   0   3   0   2   0   255 255 0   0   16  0   255 255 0   0   2   0   6   0   1   0   
0   0   0   0   4   0   255 255 0   0   1   0   2   0   1   0   0   0   0   0   1   0   0   0   0   0   0   0   0   0   0   0   
0   0   0   0   0   0   255 255 0   0   255 255 0   0   0   0   1   0   0   0   0   0   0   0   0   0   255 255 255 255 0   0   
0   0   0   0   255 255 0   0   0   0   0   0   255 255 0   0   0   0   0   0   0   0   0   0   0   0   0   0   0   0   1   0   
0   0   0   0   6   0   0   0   0   0   1   0   3   0   2   0   255 255 0   0   16  0   255 255 0   0   2   0   6   0   1   0   
0   0   0   0   4   0   255 255 0   0   1   0   2   0   1   0   0   0   0   0   1   0   0   0   0   0   0   0   0   0   255 255 
0   0   0   0   0   0   255 255 0   0   255 255 0   0   0   0   1   0   0   0   0   0   0   0   0   0   255 255 255 255 0   0   
0   0   0   0   255 255 0   0   0   0   0   0   255 255 0   0   0   0   0   0   0   0   0   0   0   0   0   0   0   0   1   0   
0   0   0   0   6   0   0   0   0   0   1   0   3   0   2   0   255 255 0   0   16  0   255 255 0   0   2   0   6   0   1   0   
0   0   0   0   4   0   255 255 0   0   1   0   2   0   1   0   0   0   0   0   1   0   0   0   0   0   0   0   0   0   255 255 
0   0   0   0   0   0   255 255 0   0   255 255 0   0   0   0   0   0   0   0   0   0   0   0   0   0   255 255 255 255 0   0   
0   0   0   0   255 255 0   0   0   0   0   0   255 255 0   0   0   0   0   0   0   0   0   0   0   0   0   0   0   0   1   0   
0   0   0   0   6   0   0   0   0   0   1   0   3   0   2   0   255 255 0   0   16  0   255 255 0   0   2   0   6   0   1   0   
0   0   0   0   4   0   255 255 0   0   1   0   2   0   1   0   0   0   0   0   1   0   0   0   0   0   0   0   0   0   255 255 
0   0   0   0   0   0   255 255 0   0   255 255 0   0   0   0   0   0   0   0   0   0   0   0   0   0   255 255 255 255 0   0   
0   0   0   0   255 255 0   0   0   0   0   0   255 255 0   0   0   0   0   0   0   0   0   0   0   0   0   0   1   0   1   0   
0   0   0   0   6   0   0   0   0   0   1   0   3   0   2   0   255 255 0   0   16  0   255 255 0   0   3   0   6   0   1   0   
0   0   0   0   4   0   255 255 0   0   1   0   2   0   1   0   0   0   0   0   1   0   0   0   0   0   0   0   0   0   255 255 
0   0   0   0   0   0   255 255 0   0   255 255 0   0   0   0   0   0   0   0   0   0   0   0   0   0   255 255 255 255 0   0   
0   0   255 255 255 255 255 255 0   0   0   0   255 255 0   0   0   0   0   0   0   0   0   0   0   0   0   0   0   0   0   0   
0   0   0   0   6   0   0   0   0   0   1   0   3   0   2   0   255 255 0   0   16  0   255 255 0   0   3   0   6   0   1   0   
0   0   0   0   4   0   255 255 0   0   1   0   2   0   1   0   0   0   0   0   1   0   0   0   0   0   0   0   0   0   255 255 
0   0   0   0   0   0   255 255 0   0   255 255 0   0   0   0   0   0   0   0   0   0   0   0   0   0   255 255 255 255 0   0   
0   0   255 255 255 255 255 255 0   0   0   0   255 255 0   0   0   0   0   0   0   0   0   0   0   0   0   0   1   0   1   0   
0   0   0   0   6   0   0   0   0   0   1   0   3   0   2   0   255 255 0   0   16  0   255 255 0   0   3   0   6   0   1   0   
0   0   0   0   4   0   255 255 0   0   1   0   2   0   1   0   0   0   0   0   1   0   0   0   0   0   0   0   0   0   255 255 
0   0   0   0   0   0   255 255 0   0   255 255 0   0   0   0   0   0   0   0   0   0   0   0   0   0   255 255 255 255 0   0   
0   0   255 255 255 255 255 255 0   0   0   0   255 255 0   0   0   0   0   0   0   0   0   0   0   0   0   0   1   0   1   0   
0   0   0   0   6   0   0   0   0   0   1   0   3   0   2   0   255 255 0   0   16  0   255 255 0   0   3   0   6   0   1   0   
0   0   0   0   4   0   255 255 0   0   1   0   2   0   1   0   0   0   0   0   1   0   0   0   0   0   0   0   0   0   255 255 
0   0   0   0   0   0   255 255 0   0   255 255 0   0   0   0   0   0   0   0   0   0   0   0   0   0   255 255 255 255 0   0   
0   0   255 255 255 255 255 255 0   0   0   0   255 255 0   0   0   0   0   0   0   0   0   0   0   0   0   0   1   0   1   0   
0   0   0   0   6   0   0   0   0   0   1   0   4   0   2   0   255 255 0   0   16  0   255 255 0   0   3   0   6   0   1   0   
0   0   0   0   4   0   255 255 0   0   1   0   2   0   1   0   0   0   0   0   1   0   0   0   0   0   0   0   0   0   0   0   
0   0   0   0   0   0   255 255 0   0   255 255 0   0   0   0   0   0   0   0   0   0   0   0   0   0   255 255 255 255 0   0   
0   0   255 255 255 255 255 255 0   0   0   0   255 255 0   0   0   0   0   0   0   0   0   0   0   0   0   0   1   0   1   0   
0   0   0   0   6   0   0   0   0   0   1   0   4   0   2   0   255 255 0   0   16  0   255 255 0   0   3   0   6   0   1   0   
0   0   0   0   4   0   255 255 0   0   1   0   2   0   1   0   0   0   0   0   1   0   0   0   0   0   0   0   0   0   0   0   
0   0   0   0   0   0   255 255 0   0   255 255 0   0   0   0   0   0   0   0   0   0   0   0   0   0   255 255 255 255 0   0   
0   0   255 255 255 255 0   0   0   0   0   0   255 255 0   0   0   0   0   0   0   0   0   0   0   0   0   0   1   0   1   0   
0   0   0   0   6   0   0   0   0   0   1   0   4   0   2   0   255 255 0   0   16  0   255 255 0   0   3   0   6   0   1   0   
0   0   0   0   4   0   255 255 0   0   1   0   2   0   1   0   0   0   0   0   1   0   0   0   0   0   0   0   0   0   0   0   
0   0   0   0   0   0   255 255 0   0   255 255 0   0   0   0   0   0   0   0   0   0   0   0   0   0   255 255 255 255 0   0   
0   0   255 255 255 255 0   0   0   0   0   0   255 255 0   0   0   0   0   0   0   0   0   0   0   0   0   0   1   0   1   0   
0   0   0   0   6   0   0   0   0   0   0   0   3   0   1   0   255 255 0   0   16  0   255 255 0   0   3   0   6   0   1   0   
0   0   0   0   4   0   255 255 0   0   1   0   2   0   1   0   0   0   0   0   1   0   0   0   0   0   0   0   0   0   0   0   
0   0   0   0   0   0   255 255 0   0   255 255 0   0   0   0   0   0   0   0   0   0   0   0   0   0   255 255 255 255 0   0   
0   0   255 255 255 255 0   0   0   0   255 255 255 255 0   0   0   0   0   0   0   0   0   0   0   0   0   0   1   0   1   0   
0   0   0   0   6   0   0   0   0   0   0   0   3   0   1   0   255 255 0   0   16  0   255 255 0   0   3   0   6   0   1   0   
0   0   0   0   4   0   255 255 0   0   1   0   2   0   1   0   0   0   0   0   1   0   0   0   0   0   0   0   0   0   0   0   
0   0   0   0   0   0   255 255 255 255 255 255 0   0   0   0   0   0   0   0   0   0   0   0   255 255 255 255 255 255 255 255 
0   0   255 255 255 255 0   0   0   0   255 255 255 255 0   0   0   0   0   0   0   0   0   0   0   0   0   0   1   0   1   0   
0   0   0   0   6   0   0   0   0   0   0   0   3   0   1   0   255 255 0   0   16  0   255 255 0   0   3   0   6   0   1   0   
0   0   0   0   4   0   255 255 0   0   1   0   2   0   1   0   0   0   0   0   1   0   0   0   0   0   0   0   0   0   0   0   
0   0   0   0   0   0   255 255 0   0   255 255 0   0   0   0   0   0   0   0   0   0   0   0   0   0   255 255 255 255 255 255 
0   0   255 255 255 255 0   0   0   0   255 255 255 255 255 255 0   0   0   0   0   0   0   0   0   0   0   0   1   0   1   0   
0   0   0   0   6   0   0   0   0   0   0   0   4   0   2   0   255 255 0   0   16  0   255 255 0   0   3   0   6   0   1   0   
0   0   0   0   4   0   255 255 0   0   1   0   2   0   1   0   0   0   0   0   1   0   0   0   0   0   0   0   0   0   0   0   
0   0   0   0   0   0   255 255 0   0   255 255 0   0   0   0   0   0   0   0   0   0   0   0   0   0   255 255 255 255 0   0   
0   0   255 255 255 255 0   0   0   0   255 255 255 255 0   0   0   0   0   0   0   0   0   0   0   0   0   0   1   0   1   0   
0   0   0   0   6   0   0   0   0   0   0   0   4   0   2   0   255 255 0   0   16  0   255 255 0   0   3   0   6   0   1   0   
0   0   0   0   4   0   255 255 0   0   1   0   2   0   1   0   0   0   0   0   1   0   0   0   0   0   0   0   1   0   0   0   
0   0   0   0   0   0   255 255 0   0   255 255 0   0   0   0   0   0   0   0   0   0   0   0   0   0   255 255 255 255 0   0   
0   0   255 255 255 255 0   0   0   0   0   0   255 255 0   0   0   0   0   0   0   0   0   0   0   0   0   0   1   0   1   0   
0   0   0   0   6   0   0   0   0   0   0   0   4   0   2   0   255 255 0   0   16  0   255 255 0   0   3   0   6   0   1   0   
0   0   0   0   4   0   255 255 0   0   1   0   2   0   1   0   0   0   0   0   1   0   0   0   0   0   0   0   1   0   0   0   
0   0   0   0   0   0   255 255 0   0   255 255 0   0   0   0   0   0   0   0   0   0   0   0   0   0   255 255 255 255 0   0   
255 255 255 255 255 255 0   0   0   0   0   0   255 255 0   0   0   0   0   0   0   0   0   0   0   0   0   0   1   0   1   0   
0   0   0   0   6   0   0   0   0   0   0   0   3   0   2   0   255 255 0   0   16  0   255 255 0   0   3   0   6   0   1   0   
0   0   0   0   4   0   255 255 0   0   1   0   2   0   1   0   0   0   0   0   1   0   0   0   0   0   0   0   1   0   0   0   
0   0   0   0   0   0   255 255 0   0   255 255 0   0   0   0   0   0   0   0   0   0   0   0   0   0   255 255 255 255 0   0   
255 255 255 255 255 255 0   0   0   0   0   0   255 255 0   0   0   0   0   0   0   0   0   0   0   0   0   0   1   0   0   0   
0   0   0   0   6   0   0   0   0   0   0   0   3   0   2   0   255 255 0   0   16  0   255 255 0   0   3   0   6   0   1   0   
0   0   0   0   4   0   255 255 0   0   1   0   2   0   1   0   0   0   0   0   1   0   0   0   0   0   0   0   1   0   0   0   
0   0   0   0   0   0   255 255 0   0   255 255 0   0   0   0   0   0   0   0   0   0   0   0   0   0   255 255 255 255 0   0   
0   0   0   0   0   0   0   0   0   0   0   0   255 255 0   0   0   0   0   0   0   0   0   0   0   0   0   0   1   0   0   0   
0   0   0   0   6   0   0   0   0   0   0   0   3   0   2   0   255 255 0   0   16  0   255 255 0   0   3   0   5   0   0   0   
0   0   0   0   4   0   255 255 0   0   1   0   2   0   1   0   0   0   0   0   1   0   255 255 0   0   0   0   1   0   0   0   
0   0   0   0   0   0   255 255 0   0   255 255 0   0   0   0   0   0   0   0   0   0   0   0   0   0   255 255 255 255 255 255 
0   0   0   0   255 255 255 255 0   0   0   0   255 255 0   0   0   0   0   0   0   0   0   0   0   0   0   0   1   0   0   0   
0   0   0   0   6   0   0   0   0   0   0   0   4   0   2   0   255 255 0   0   16  0   255 255 0   0   3   0   6   0   1   0   
0   0   0   0   4   0   255 255 0   0   1   0   2   0   1   0   0   0   0   0   1   0   255 255 0   0   0   0   1   0   0   0   
0   0   0   0   0   0   255 255 0   0   255 255 0   0   0   0   0   0   0   0   0   0   0   0   0   0   255 255 255 255 255 255 
0   0   0   0   255 255 255 255 0   0   0   0   255 255 0   0   0   0   0   0   0   0   0   0   0   0   0   0   1   0   0   0   
0   0   0   0   6   0   0   0   0   0   0   0   3   0   2   0   255 255 0   0   16  0   255 255 0   0   3   0   6   0   1   0   
0   0   0   0   4   0   255 255 0   0   1   0   2   0   1   0   0   0   0   0   1   0   255 255 0   0   0   0   1   0   0   0   
0   0   0   0   0   0   255 255 0   0   255 255 0   0   0   0   0   0   0   0   0   0   0   0   0   0   255 255 255 255 255 255 
0   0   0   0   255 255 0   0   0   0   0   0   255 255 0   0   0   0   0   0   0   0   0   0   0   0   0   0   1   0   0   0   
0   0   0   0   6   0   0   0   0   0   1   0   4   0   2   0   255 255 0   0   16  0   255 255 0   0   3   0   6   0   1   0   
0   0   0   0   4   0   255 255 0   0   1   0   2   0   1   0   0   0   0   0   1   0   255 255 0   0   0   0   1   0   0   0   
0   0   0   0   0   0   255 255 0   0   255 255 0   0   0   0   0   0   0   0   0   0   0   0   0   0   255 255 255 255 255 255 
0   0   0   0   255 255 0   0   0   0   0   0   255 255 0   0   0   0   0   0   0   0   0   0   0   0   0   0   1   0   0   0   
0   0   0   0   6   0   0   0   0   0   1   0   4   0   2   0   255 255 0   0   16  0   254 255 0   0   3   0   6   0   1   0   
0   0   0   0   4   0   255 255 0   0   1   0   2   0   1   0   0   0   0   0   1   0   255 255 0   0   0   0   1   0   0   0   
0   0   0   0   0   0   255 255 0   0   255 255 0   0   0   0   0   0   0   0   0   0   0   0   0   0   255 255 255 255 255 255 
0   0   0   0   255 255 0   0   0   0   0   0   255 255 0   0   0   0   0   0   0   0   0   0   0   0   0   0   1   0   0   0   
0   0   0   0   6   0   0   0   0   0   1   0   4   0   2   0   255 255 0   0   16  0   255 255 0   0   3   0   6   0   1   0   
0   0   0   0   4   0   255 255 0   0   1   0   2   0   1   0   0   0   0   0   1   0   255 255 0   0   0   0   1   0   0   0   
0   0   0   0   0   0   255 255 0   0   255 255 0   0   0   0   0   0   0   0   0   0   0   0   0   0   255 255 255 255 255 255 
0   0   0   0   255 255 0   0   0   0   0   0   255 255 0   0   0   0   0   0   0   0   0   0   0   0   0   0   1   0   0   0   
0   0   0   0   6   0   0   0   0   0   1   0   4   0   2   0   255 255 0   0   16  0   255 255 0   0   3   0   6   0   1   0   
0   0   0   0   4   0   255 255 0   0   1   0   2   0   1   0   0   0   0   0   1   0   255 255 0   0   0   0   1   0   0   0   
0   0   0   0   0   0   255 255 0   0   255 255 0   0   0   0   0   0   0   0   0   0   255 255 0   0   255 255 255 255 255 255 
0   0   0   0   255 255 0   0   0   0   0   0   255 255 0   0   0   0   0   0   0   0   255 255 0   0   0   0   1   0   0   0   
0   0   0   0   6   0   0   0   0   0   1   0   4   0   2   0   255 255 0   0   16  0   255 255 0   0   3   0   6   0   1   0   
0   0   0   0   4   0   255 255 0   0   1   0   2   0   1   0   0   0   0   0   1   0   255 255 0   0   0   0   1   0   0   0   
0   0   0   0   0   0   255 255 0   0   255 255 0   0   0   0   0   0   0   0   0   0   255 255 0   0   255 255 255 255 255 255 
0   0   0   0   0   0   0   0   0   0   0   0   255 255 0   0   0   0   0   0   0   0   255 255 0   0   0   0   1   0   1   0   
0   0   0   0   6   0   0   0   0   0   1   0   4   0   2   0   255 255 0   0   16  0   255 255 0   0   3   0   6   0   1   0   
0   0   0   0   4   0   255 255 0   0   1   0   2   0   1   0   0   0   0   0   1   0   255 255 0   0   0   0   1   0   0   0   
0   0   0   0   0   0   255 255 255 255 255 255 0   0   255 255 0   0   0   0   0   0   255 255 0   0   255 255 255 255 255 255 
0   0   0   0   0   0   0   0   0   0   0   0   255 255 0   0   0   0   0   0   0   0   255 255 0   0   0   0   1   0   1   0   
0   0   0   0   6   0   0   0   0   0   1   0   4   0   2   0   255 255 1   0   16  0   255 255 0   0   3   0   6   0   1   0   
0   0   0   0   4   0   255 255 0   0   1   0   2   0   1   0   0   0   0   0   1   0   255 255 0   0   0   0   1   0   0   0   
0   0   0   0   0   0   255 255 255 255 255 255 0   0   255 255 0   0   0   0   0   0   255 255 0   0   255 255 255 255 0   0   
0   0   0   0   0   0   0   0   0   0   0   0   0   0   1   0   0   0   0   0   0   0   0   0   0   0   0   0   1   0   1   0   
0   0   0   0   6   0   0   0   0   0   1   0   4   0   2   0   255 255 1   0   16  0   255 255 0   0   3   0   6   0   1   0   
0   0   0   0   4   0   255 255 0   0   1   0   2   0   1   0   0   0   0   0   1   0   255 255 0   0   0   0   1   0   0   0   
0   0   0   0   1   0   255 255 0   0   255 255 0   0   255 255 0   0   0   0   0   0   255 255 0   0   255 255 255 255 0   0   
0   0   0   0   0   0   0   0   0   0   0   0   255 255 0   0   0   0   0   0   0   0   0   0   0   0   0   0   1   0   1   0   
0   0   0   0   6   0   0   0   0   0   0   0   4   0   2   0   255 255 1   0   16  0   255 255 0   0   3   0   6   0   1   0   
0   0   0   0   4   0   255 255 0   0   1   0   2   0   1   0   0   0   0   0   1   0   255 255 0   0   0   0   1   0   0   0   
0   0   0   0   1   0   255 255 0   0   0   0   0   0   255 255 0   0   0   0   0   0   255 255 0   0   255 255 255 255 0   0   
0   0   0   0   0   0   0   0   0   0   0   0   255 255 0   0   0   0   0   0   0   0   0   0   0   0   0   0   1   0   1   0   
0   0   0   0   6   0   0   0   0   0   0   0   4   0   2   0   255 255 1   0   16  0   255 255 0   0   3   0   6   0   1   0   
0   0   0   0   4   0   255 255 0   0   1   0   2   0   1   0   0   0   0   0   1   0   255 255 0   0   0   0   1   0   0   0   
0   0   0   0   1   0   255 255 0   0   0   0   0   0   255 255 0   0   0   0   0   0   0   0   0   0   255 255 255 255 0   0   
0   0   0   0   0   0   0   0   0   0   0   0   255 255 0   0   0   0   0   0   0   0   0   0   0   0   0   0   1   0   1   0   
0   0   0   0   6   0   0   0   0   0   0   0   4   0   2   0   255 255 1   0   16  0   255 255 0   0   3   0   6   0   1   0   
0   0   0   0   4   0   255 255 0   0   1   0   2   0   1   0   0   0   0   0   1   0   255 255 0   0   0   0   1   0   0   0   
0   0   0   0   1   0   255 255 0   0   0   0   0   0   255 255 0   0   0   0   0   0   0   0   0   0   255 255 255 255 0   0   
0   0   0   0   0   0   0   0   0   0   255 255 255 255 0   0   0   0   0   0   0   0   0   0   0   0   0   0   1   0   1   0   
0   0   0   0   6   0   0   0   0   0   0   0   4   0   2   0   255 255 0   0   16  0   255 255 0   0   3   0   6   0   1   0   
0   0   0   0   4   0   255 255 0   0   1   0   2   0   1   0   0   0   0   0   1   0   255 255 0   0   0   0   1   0   0   0   
0   0   0   0   1   0   255 255 0   0   0   0   0   0   255 255 0   0   0   0   0   0   0   0   0   0   255 255 255 255 0   0   
0   0   0   0   0   0   0   0   0   0   255 255 255 255 0   0   0   0   0   0   0   0   0   0   0   0   0   0   1   0   1   0   
0   0   0   0   6   0   0   0   0   0   0   0   4   0   2   0   255 255 0   0   16  0   255 255 0   0   3   0   6   0   1   0   
0   0   0   0   4   0   255 255 0   0   1   0   2   0   1   0   0   0   0   0   1   0   255 255 0   0   0   0   1   0   0   0   
0   0   0   0   1   0   255 255 0   0   0   0   0   0   255 255 0   0   0   0   0   0   255 255 0   0   255 255 255 255 0   0   
0   0   0   0   255 255 0   0   0   0   255 255 255 255 0   0   0   0   0   0   0   0   0   0   0   0   0   0   1   0   1   0   
0   0   0   0   6   0   0   0   0   0   0   0   4   0   2   0   255 255 0   0   16  0   255 255 0   0   3   0   6   0   1   0   
0   0   0   0   4   0   255 255 0   0   1   0   2   0   1   0   0   0   0   0   1   0   255 255 0   0   0   0   1   0   0   0   
0   0   0   0   1   0   255 255 0   0   0   0   0   0   255 255 0   0   0   0   0   0   255 255 0   0   255 255 255 255 0   0   
0   0   0   0   0   0   0   0   0   0   255 255 255 255 0   0   0   0   0   0   0   0   0   0   0   0   0   0   1   0   1   0   
0   0   0   0   6   0   0   0   0   0   0   0   4   0   2   0   255 255 0   0   16  0   255 255 0   0   3   0   6   0   1   0   
0   0   0   0   4   0   255 255 0   0   1   0   2   0   1   0   0   0   0   0   1   0   255 255 0   0   0   0   1   0   0   0   
0   0   0   0   0   0   255 255 0   0   0   0   0   0   255 255 0   0   0   0   0   0   255 255 0   0   255 255 255 255 0   0   
0   0   0   0   255 255 255 255 0   0   255 255 255 255 0   0   0   0   0   0   0   0   0   0   0   0   0   0   1   0   1   0   
0   0   0   0   6   0   0   0   0   0   0   0   4   0   2   0   255 255 0   0   16  0   255 255 0   0   3   0   6   0   1   0   
0   0   0   0   4   0   255 255 0   0   1   0   2   0   1   0   0   0   0   0   1   0   255 255 0   0   0   0   1   0   0   0   
0   0   0   0   0   0   255 255 0   0   0   0   0   0   255 255 0   0   0   0   0   0   0   0   0   0   255 255 255 255 0   0   
0   0   0   0   255 255 255 255 0   0   255 255 255 255 0   0   0   0   0   0   0   0   0   0   0   0   0   0   1   0   1   0   
0   0   0   0   6   0   0   0   0   0   0   0   4   0   2   0   255 255 0   0   16  0   255 255 0   0   3   0   6   0   1   0   
0   0   0   0   4   0   255 255 0   0   1   0   2   0   1   0   0   0   0   0   1   0   255 255 0   0   0   0   1   0   0   0   
0   0   0   0   0   0   255 255 0   0   0   0   0   0   255 255 0   0   0   0   0   0   0   0   0   0   255 255 255 255 0   0   
0   0   0   0   255 255 255 255 0   0   255 255 255 255 0   0   0   0   0   0   1   0   0   0   0   0   0   0   1   0   1   0   
0   0   0   0   6   0   0   0   0   0   0   0   4   0   2   0   255 255 0   0   16  0   255 255 0   0   3   0   6   0   1   0   
0   0   0   0   4   0   255 255 0   0   1   0   2   0   1   0   0   0   255 255 1   0   255 255 0   0   0   0   1   0   0   0   
0   0   0   0   0   0   255 255 0   0   0   0   0   0   255 255 0   0   0   0   0   0   0   0   0   0   255 255 255 255 0   0   
0   0   0   0   255 255 255 255 0   0   255 255 255 255 0   0   0   0   0   0   1   0   0   0   0   0   0   0   1   0   1   0   
0   0   0   0   6   0   0   0   0   0   0   0   4   0   2   0   255 255 0   0   16  0   255 255 0   0   3   0   6   0   1   0   
0   0   0   0   4   0   255 255 0   0   1   0   2   0   1   0   0   0   255 255 1   0   0   0   0   0   0   0   1   0   0   0   
0   0   0   0   0   0   255 255 0   0   0   0   0   0   0   0   0   0   0   0   0   0   0   0   0   0   255 255 255 255 0   0   
