2   0   1   0   3   0   2   0   1   0   0   0   3   0   2   0   1   0   
1   0   1   0   1   0   1   0   1   0   2   0   1   0   0   0   1   0   1   0   1   0   2   0   1   0   1   0   1   0   1   0   
1   0   1   0   1   0   1   0   1   0   1   0   1   0   1   0   1   0   1   0   1   0   1   0   0   0   1   0   1   0   1   0   
1   0   1   0   1   0   1   0   1   0   1   0   1   0   0   0   1   0   2   0   1   0   3   0   1   0   1   0   2   0   2   0   
2   0   7   0   3   0   2   0   1   0   5   0   3   0   2   0   1   0   3   0   2   0   1   0   0   0   3   0   2   0   1   0   
1   0   1   0   1   0   1   0   1   0   1   0   1   0   0   0   1   0   1   0   1   0   1   0   1   0   1   0   1   0   1   0   
0   0   1   0   1   0   0   0   1   0   1   0   1   0   1   0   1   0   1   0   1   0   1   0   0   0   1   0   0   0   1   0   
0   0   1   0   1   0   0   0   1   0   1   0   1   0   0   0   0   0   0   0   1   0   1   0   0   0   0   0   0   0   0   0   
2   0   7   0   3   0   1   0   1   0   5   0   2   0   2   0   1   0   3   0   1   0   0   0   0   0   3   0   1   0   1   0   
0   0   1   0   1   0   0   0   1   0   1   0   1   0   0   0   1   0   1   0   1   0   1   0   1   0   1   0   1   0   1   0   
0   0   1   0   1   0   0   0   0   0   1   0   1   0   1   0   1   0   0   0   0   0   1   0   0   0   0   0   0   0   0   0   
0   0   0   0   0   0   0   0   1   0   1   0   1   0   0   0   0   0   0   0   1   0   1   0   0   0   0   0   0   0   0   0   
2   0   9   0   3   0   0   0   0   0   5   0   2   0   1   0   1   0   3   0   1   0   0   0   0   0   2   0   1   0   0   0   
0   0   1   0   1   0   0   0   1   0   1   0   1   0   0   0   1   0   1   0   1   0   1   0   1   0   0   0   0   0   0   0   
0   0   1   0   1   0   0   0   0   0   1   0   1   0   1   0   1   0   0   0   0   0   1   0   0   0   0   0   0   0   0   0   
0   0   0   0   0   0   0   0   0   0   0   0   1   0   0   0   0   0   255 255 0   0   0   0   0   0   255 255 0   0   0   0   
1   0   9   0   2   0   255 255 0   0   5   0   2   0   1   0   1   0   3   0   1   0   0   0   0   0   2   0   1   0   0   0   
0   0   1   0   0   0   0   0   1   0   1   0   1   0   0   0   1   0   1   0   1   0   1   0   1   0   0   0   0   0   0   0   
0   0   1   0   1   0   0   0   0   0   1   0   1   0   1   0   1   0   0   0   0   0   1   0   0   0   0   0   0   0   0   0   
0   0   0   0   0   0   0   0   0   0   0   0   0   0   255 255 0   0   255 255 0   0   0   0   0   0   255 255 0   0   0   0   
1   0   10  0   2   0   255 255 0   0   5   0   1   0   1   0   1   0   3   0   1   0   0   0   0   0   2   0   1   0   0   0   
0   0   1   0   0   0   0   0   1   0   1   0   0   0   0   0   1   0   0   0   1   0   0   0   0   0   0   0   0   0   0   0   
0   0   1   0   1   0   0   0   0   0   1   0   0   0   0   0   1   0   0   0   0   0   0   0   0   0   0   0   0   0   0   0   
0   0   0   0   0   0   0   0   0   0   0   0   0   0   255 255 0   0   255 255 0   0   0   0   0   0   255 255 0   0   0   0   
1   0   10  0   2   0   255 255 0   0   5   0   1   0   1   0   1   0   3   0   1   0   0   0   0   0   2   0   1   0   0   0   
0   0   1   0   0   0   0   0   1   0   1   0   0   0   0   0   1   0   0   0   1   0   0   0   0   0   0   0   0   0   0   0   
0   0   1   0   1   0   0   0   0   0   1   0   0   0   0   0   0   0   255 255 0   0   0   0   0   0   0   0   0   0   0   0   
0   0   255 255 255 255 255 255 0   0   0   0   0   0   255 255 0   0   255 255 0   0   0   0   0   0   255 255 0   0   0   0   
1   0   10  0   2   0   255 255 0   0   5   0   1   0   0   0   1   0   3   0   1   0   0   0   0   0   2   0   1   0   0   0   
0   0   1   0   0   0   0   0   1   0   0   0   0   0   0   0   1   0   0   0   1   0   0   0   0   0   0   0   0   0   0   0   
0   0   1   0   1   0   0   0   0   0   1   0   0   0   0   0   0   0   255 255 0   0   0   0   0   0   0   0   0   0   0   0   
0   0   254 255 255 255 254 255 0   0   0   0   0   0   255 255 0   0   255 255 0   0   0   0   255 255 254 255 0   0   255 255 
1   0   12  0   2   0   255 255 0   0   5   0   1   0   0   0   1   0   3   0   1   0   255 255 0   0   2   0   1   0   0   0   
0   0   1   0   0   0   0   0   0   0   0   0   0   0   0   0   1   0   0   0   0   0   255 255 0   0   0   0   0   0   0   0   
0   0   1   0   1   0   0   0   0   0   1   0   0   0   0   0   0   0   255 255 0   0   0   0   0   0   0   0   0   0   0   0   
0   0   254 255 255 255 254 255 0   0   255 255 0   0   255 255 0   0   254 255 0   0   255 255 255 255 254 255 0   0   255 255 
1   0   14  0   2   0   255 255 0   0   6   0   1   0   0   0   1   0   3   0   1   0   255 255 0   0   2   0   1   0   0   0   
0   0   1   0   0   0   0   0   0   0   0   0   0   0   0   0   1   0   0   0   0   0   0   0   0   0   0   0   0   0   0   0   
0   0   0   0   0   0   255 255 0   0   1   0   0   0   0   0   0   0   255 255 0   0   0   0   0   0   0   0   0   0   0   0   
0   0   255 255 255 255 255 255 0   0   255 255 0   0   255 255 0   0   254 255 0   0   255 255 255 255 255 255 0   0   0   0   
1   0   14  0   2   0   255 255 0   0   6   0   1   0   0   0   1   0   3   0   1   0   255 255 0   0   2   0   1   0   0   0   
0   0   1   0   0   0   0   0   0   0   0   0   0   0   0   0   1   0   0   0   0   0   0   0   0   0   0   0   0   0   0   0   
0   0   0   0   0   0   255 255 255 255 0   0   0   0   0   0   0   0   255 255 0   0   0   0   0   0   0   0   0   0   0   0   
0   0   255 255 255 255 255 255 0   0   255 255 0   0   255 255 0   0   254 255 0   0   255 255 255 255 255 255 0   0   0   0   
1   0   15  0   2   0   255 255 0   0   6   0   1   0   0   0   1   0   3   0   1   0   255 255 0   0   2   0   0   0   255 255 
0   0   1   0   0   0   0   0   0   0   0   0   0   0   0   0   1   0   0   0   1   0   0   0   0   0   0   0   0   0   0   0   
0   0   0   0   0   0   255 255 255 255 0   0   0   0   0   0   0   0   0   0   0   0   0   0   0   0   0   0   0   0   0   0   
0   0   255 255 255 255 255 255 0   0   0   0   0   0   255 255 0   0   254 255 0   0   255 255 255 255 255 255 0   0   0   0   
1   0   15  0   2   0   255 255 0   0   6   0   1   0   0   0   1   0   3   0   1   0   255 255 0   0   2   0   0   0   255 255 
0   0   1   0   0   0   0   0   0   0   0   0   0   0   0   0   1   0   0   0   1   0   0   0   0   0   0   0   0   0   0   0   
0   0   0   0   0   0   255 255 255 255 0   0   0   0   0   0   0   0   0   0   0   0   0   0   0   0   0   0   0   0   0   0   
0   0   255 255 255 255 255 255 0   0   0   0   0   0   255 255 255 255 254 255 0   0   255 255 255 255 255 255 0   0   0   0   
1   0   15  0   2   0   255 255 0   0   6   0   1   0   0   0   1   0   3   0   1   0   255 255 255 255 2   0   0   0   255 255 
0   0   1   0   0   0   0   0   0   0   0   0   0   0   0   0   1   0   0   0   0   0   255 255 0   0   0   0   0   0   0   0   
0   0   0   0   0   0   255 255 255 255 0   0   255 255 255 255 0   0   0   0   0   0   0   0   255 255 0   0   0   0   0   0   
0   0   255 255 255 255 255 255 0   0   0   0   0   0   255 255 255 255 254 255 0   0   255 255 255 255 255 255 0   0   0   0   
1   0   15  0   2   0   255 255 0   0   6   0   1   0   0   0   0   0   3   0   1   0   255 255 255 255 2   0   0   0   255 255 
0   0   1   0   0   0   0   0   1   0   0   0   0   0   0   0   1   0   0   0   0   0   255 255 0   0   0   0   0   0   0   0   
0   0   0   0   0   0   255 255 255 255 0   0   255 255 255 255 0   0   0   0   0   0   0   0   255 255 0   0   255 255 0   0   
0   0   255 255 255 255 255 255 0   0   0   0   0   0   255 255 255 255 254 255 0   0   255 255 255 255 255 255 0   0   0   0   
1   0   15  0   2   0   255 255 0   0   6   0   1   0   0   0   0   0   3   0   1   0   255 255 255 255 2   0   0   0   255 255 
0   0   1   0   0   0   0   0   1   0   0   0   0   0   0   0   1   0   0   0   0   0   255 255 0   0   0   0   0   0   0   0   
0   0   0   0   0   0   255 255 0   0   0   0   0   0   0   0   0   0   255 255 0   0   0   0   0   0   0   0   255 255 0   0   
0   0   255 255 255 255 255 255 0   0   0   0   0   0   255 255 255 255 254 255 0   0   255 255 255 255 254 255 255 255 255 255 
1   0   15  0   2   0   255 255 255 255 5   0   0   0   0   0   0   0   3   0   1   0   255 255 255 255 2   0   0   0   255 255 
0   0   1   0   0   0   0   0   0   0   0   0   0   0   0   0   0   0   0   0   0   0   255 255 0   0   0   0   0   0   0   0   
0   0   0   0   0   0   255 255 0   0   0   0   0   0   0   0   0   0   255 255 0   0   0   0   0   0   0   0   255 255 0   0   
0   0   255 255 255 255 255 255 0   0   0   0   0   0   255 255 255 255 254 255 0   0   255 255 255 255 254 255 255 255 255 255 
1   0   15  0   2   0   255 255 255 255 5   0   0   0   0   0   0   0   3   0   1   0   255 255 255 255 2   0   0   0   255 255 
0   0   1   0   0   0   0   0   0   0   0   0   0   0   0   0   0   0   0   0   0   0   255 255 0   0   0   0   0   0   0   0   
0   0   0   0   0   0   255 255 0   0   0   0   0   0   0   0   0   0   255 255 0   0   0   0   0   0   0   0   255 255 0   0   
0   0   255 255 255 255 255 255 0   0   0   0   0   0   255 255 255 255 254 255 0   0   255 255 255 255 254 255 255 255 255 255 
1   0   15  0   2   0   255 255 255 255 5   0   0   0   0   0   0   0   3   0   1   0   255 255 255 255 2   0   0   0   0   0   
0   0   1   0   0   0   255 255 0   0   0   0   0   0   0   0   0   0   0   0   0   0   255 255 0   0   0   0   0   0   255 255 
0   0   0   0   0   0   255 255 0   0   0   0   0   0   0   0   0   0   0   0   0   0   0   0   0   0   0   0   255 255 0   0   
0   0   255 255 255 255 255 255 0   0   0   0   0   0   255 255 255 255 254 255 0   0   255 255 255 255 255 255 255 255 255 255 
1   0   15  0   2   0   255 255 255 255 5   0   0   0   0   0   0   0   3   0   1   0   255 255 255 255 2   0   0   0   255 255 
0   0   1   0   0   0   255 255 0   0   0   0   0   0   0   0   0   0   0   0   0   0   0   0   0   0   0   0   0   0   0   0   
0   0   0   0   0   0   255 255 0   0   0   0   0   0   0   0   0   0   0   0   0   0   0   0   0   0   0   0   255 255 0   0   
0   0   255 255 255 255 255 255 0   0   0   0   0   0   255 255 255 255 255 255 0   0   0   0   255 255 255 255 255 255 255 255 
1   0   15  0   2   0   254 255 255 255 5   0   0   0   0   0   0   0   3   0   1   0   255 255 255 255 2   0   0   0   255 255 
0   0   1   0   0   0   255 255 0   0   0   0   255 255 0   0   0   0   0   0   0   0   0   0   0   0   0   0   0   0   0   0   
0   0   0   0   0   0   255 255 0   0   0   0   0   0   0   0   0   0   0   0   255 255 0   0   0   0   0   0   255 255 0   0   
0   0   255 255 255 255 255 255 0   0   0   0   0   0   255 255 255 255 255 255 0   0   255 255 255 255 254 255 255 255 255 255 
1   0   15  0   2   0   254 255 255 255 5   0   0   0   0   0   0   0   3   0   1   0   255 255 255 255 2   0   0   0   255 255 
0   0   1   0   0   0   255 255 0   0   0   0   255 255 0   0   0   0   0   0   0   0   0   0   0   0   0   0   0   0   0   0   
0   0   0   0   0   0   255 255 0   0   0   0   0   0   0   0   0   0   0   0   255 255 0   0   0   0   0   0   255 255 0   0   
0   0   255 255 255 255 255 255 0   0   0   0   0   0   255 255 255 255 255 255 0   0   255 255 255 255 254 255 255 255 255 255 
1   0   15  0   2   0   254 255 255 255 5   0   0   0   0   0   0   0   3   0   1   0   255 255 255 255 2   0   0   0   255 255 
0   0   1   0   0   0   255 255 0   0   0   0   255 255 0   0   0   0   0   0   0   0   0   0   0   0   0   0   0   0   0   0   
0   0   0   0   0   0   255 255 0   0   0   0   0   0   0   0   0   0   0   0   255 255 0   0   0   0   0   0   255 255 0   0   
0   0   255 255 255 255 255 255 0   0   0   0   0   0   255 255 255 255 255 255 0   0   255 255 255 255 254 255 255 255 255 255 
1   0   15  0   2   0   254 255 255 255 5   0   0   0   0   0   0   0   3   0   1   0   255 255 255 255 2   0   0   0   255 255 
0   0   1   0   0   0   255 255 0   0   0   0   255 255 0   0   0   0   0   0   0   0   0   0   0   0   0   0   0   0   0   0   
0   0   0   0   0   0   255 255 0   0   0   0   255 255 0   0   0   0   255 255 255 255 0   0   0   0   0   0   255 255 0   0   
0   0   255 255 255 255 255 255 0   0   0   0   0   0   255 255 255 255 255 255 0   0   255 255 255 255 255 255 255 255 255 255 
1   0   15  0   2   0   254 255 255 255 5   0   0   0   0   0   0   0   3   0   0   0   254 255 255 255 2   0   0   0   255 255 
0   0   1   0   0   0   255 255 0   0   0   0   255 255 0   0   0   0   0   0   0   0   0   0   0   0   0   0   0   0   0   0   
0   0   0   0   0   0   255 255 0   0   0   0   0   0   0   0   0   0   255 255 255 255 0   0   0   0   0   0   255 255 0   0   
0   0   0   0   255 255 255 255 0   0   0   0   0   0   255 255 255 255 255 255 0   0   255 255 255 255 255 255 255 255 255 255 
1   0   15  0   2   0   254 255 255 255 5   0   0   0   255 255 0   0   3   0   0   0   254 255 255 255 2   0   0   0   255 255 
0   0   1   0   0   0   255 255 0   0   0   0   255 255 0   0   0   0   0   0   0   0   0   0   0   0   0   0   0   0   0   0   
0   0   0   0   0   0   0   0   0   0   0   0   0   0   0   0   0   0   255 255 255 255 0   0   0   0   0   0   255 255 0   0   
0   0   0   0   255 255 255 255 0   0   255 255 0   0   255 255 255 255 255 255 0   0   255 255 255 255 255 255 255 255 255 255 
1   0   15  0   2   0   254 255 255 255 5   0   0   0   255 255 0   0   3   0   0   0   254 255 255 255 2   0   0   0   255 255 
0   0   1   0   0   0   255 255 0   0   0   0   255 255 0   0   0   0   0   0   0   0   0   0   0   0   0   0   0   0   0   0   
0   0   0   0   0   0   255 255 0   0   0   0   0   0   0   0   0   0   255 255 255 255 0   0   0   0   0   0   255 255 0   0   
0   0   0   0   255 255 255 255 0   0   255 255 0   0   255 255 255 255 254 255 0   0   255 255 255 255 255 255 255 255 255 255 
1   0   15  0   2   0   254 255 255 255 5   0   0   0   255 255 0   0   3   0   0   0   254 255 255 255 2   0   0   0   255 255 
0   0   1   0   0   0   255 255 0   0   0   0   255 255 0   0   1   0   0   0   0   0   0   0   0   0   0   0   0   0   0   0   
0   0   0   0   0   0   255 255 0   0   0   0   0   0   0   0   0   0   255 255 255 255 0   0   0   0   0   0   255 255 0   0   
0   0   0   0   255 255 255 255 0   0   255 255 0   0   255 255 255 255 254 255 0   0   255 255 255 255 254 255 255 255 255 255 
1   0   15  0   1   0   254 255 255 255 5   0   0   0   255 255 0   0   3   0   0   0   254 255 255 255 2   0   0   0   255 255 
0   0   1   0   0   0   255 255 0   0   0   0   0   0   0   0   1   0   0   0   0   0   0   0   0   0   0   0   0   0   0   0   
0   0   0   0   0   0   255 255 0   0   0   0   0   0   0   0   0   0   255 255 255 255 0   0   255 255 0   0   255 255 0   0   
0   0   255 255 255 255 255 255 0   0   255 255 0   0   255 255 255 255 254 255 0   0   255 255 255 255 254 255 255 255 255 255 
1   0   15  0   1   0   254 255 255 255 5   0   0   0   255 255 0   0   3   0   0   0   254 255 255 255 2   0   0   0   255 255 
0   0   1   0   0   0   255 255 0   0   0   0   255 255 255 255 1   0   0   0   0   0   0   0   0   0   0   0   0   0   0   0   
0   0   0   0   0   0   255 255 0   0   0   0   0   0   0   0   0   0   255 255 255 255 0   0   255 255 0   0   255 255 0   0   
0   0   255 255 255 255 255 255 0   0   255 255 0   0   255 255 255 255 254 255 0   0   255 255 255 255 254 255 255 255 255 255 
1   0   15  0   1   0   254 255 255 255 5   0   0   0   0   0   0   0   3   0   0   0   255 255 255 255 2   0   0   0   255 255 
0   0   1   0   0   0   255 255 0   0   0   0   255 255 0   0   1   0   0   0   0   0   0   0   0   0   0   0   0   0   0   0   
0   0   0   0   0   0   255 255 0   0   0   0   255 255 0   0   0   0   255 255 255 255 0   0   255 255 0   0   255 255 0   0   
0   0   255 255 255 255 255 255 0   0   255 255 0   0   255 255 255 255 254 255 0   0   255 255 255 255 254 255 255 255 255 255 
1   0   15  0   1   0   254 255 255 255 5   0   0   0   0   0   0   0   3   0   0   0   255 255 255 255 1   0   0   0   255 255 
0   0   1   0   0   0   255 255 0   0   0   0   255 255 0   0   1   0   0   0   0   0   0   0   0   0   0   0   0   0   0   0   
0   0   0   0   0   0   255 255 0   0   0   0   255 255 0   0   0   0   255 255 255 255 0   0   255 255 0   0   255 255 0   0   
0   0   255 255 255 255 255 255 0   0   255 255 0   0   255 255 255 255 254 255 0   0   255 255 255 255 254 255 255 255 255 255 
1   0   15  0   1   0   254 255 255 255 5   0   0   0   0   0   0   0   3   0   0   0   255 255 255 255 1   0   0   0   255 255 
0   0   1   0   0   0   255 255 0   0   0   0   255 255 0   0   0   0   0   0   0   0   255 255 0   0   0   0   0   0   0   0   
0   0   0   0   0   0   255 255 0   0   0   0   255 255 0   0   0   0   255 255 255 255 0   0   255 255 255 255 255 255 0   0   
0   0   255 255 255 255 255 255 0   0   255 255 0   0   255 255 255 255 254 255 0   0   255 255 255 255 254 255 255 255 255 255 
1   0   14  0   1   0   254 255 255 255 4   0   0   0   255 255 0   0   3   0   0   0   255 255 255 255 1   0   0   0   255 255 
0   0   1   0   0   0   255 255 0   0   0   0   255 255 0   0   0   0   0   0   0   0   255 255 0   0   0   0   0   0   0   0   
0   0   0   0   0   0   255 255 0   0   0   0   255 255 0   0   0   0   255 255 255 255 0   0   255 255 255 255 255 255 0   0   
0   0   255 255 255 255 255 255 0   0   255 255 0   0   255 255 255 255 254 255 0   0   255 255 255 255 254 255 255 255 255 255 
1   0   14  0   1   0   254 255 255 255 4   0   0   0   255 255 0   0   3   0   0   0   255 255 255 255 1   0   0   0   255 255 
0   0   1   0   255 255 255 255 0   0   0   0   255 255 0   0   0   0   0   0   0   0   255 255 0   0   0   0   0   0   0   0   
0   0   0   0   0   0   255 255 0   0   0   0   255 255 0   0   0   0   255 255 255 255 0   0   255 255 255 255 255 255 0   0   
0   0   255 255 255 255 255 255 0   0   255 255 0   0   255 255 255 255 254 255 0   0   255 255 255 255 254 255 255 255 255 255 
1   0   15  0   1   0   254 255 255 255 4   0   0   0   255 255 0   0   3   0   0   0   255 255 255 255 1   0   0   0   255 255 
0   0   0   0   255 255 255 255 0   0   0   0   255 255 0   0   0   0   0   0   0   0   255 255 0   0   0   0   0   0   0   0   
0   0   0   0   0   0   255 255 0   0   0   0   255 255 0   0   0   0   255 255 255 255 0   0   255 255 255 255 255 255 0   0   
0   0   255 255 255 255 255 255 0   0   255 255 0   0   255 255 255 255 254 255 0   0   255 255 255 255 254 255 255 255 255 255 
1   0   15  0   1   0   254 255 255 255 4   0   0   0   255 255 0   0   3   0   0   0   255 255 255 255 1   0   0   0   255 255 
0   0   0   0   255 255 255 255 0   0   0   0   255 255 0   0   0   0   0   0   0   0   255 255 0   0   0   0   0   0   0   0   
0   0   0   0   0   0   255 255 0   0   0   0   255 255 0   0   0   0   255 255 255 255 0   0   255 255 255 255 255 255 0   0   
0   0   255 255 255 255 255 255 0   0   255 255 0   0   255 255 255 255 254 255 0   0   255 255 255 255 254 255 255 255 255 255 
1   0   15  0   0   0   254 255 255 255 4   0   0   0   255 255 0   0   3   0   0   0   254 255 255 255 1   0   0   0   255 255 
0   0   0   0   255 255 255 255 0   0   0   0   0   0   0   0   0   0   0   0   0   0   0   0   0   0   0   0   0   0   0   0   
0   0   0   0   0   0   255 255 0   0   0   0   255 255 0   0   0   0   255 255 255 255 0   0   255 255 255 255 255 255 0   0   
0   0   255 255 255 255 255 255 0   0   255 255 0   0   255 255 255 255 254 255 0   0   255 255 255 255 254 255 255 255 255 255 
1   0   15  0   0   0   254 255 255 255 3   0   255 255 255 255 0   0   3   0   0   0   255 255 255 255 0   0   0   0   255 255 
0   0   0   0   255 255 255 255 0   0   0   0   255 255 255 255 0   0   0   0   0   0   255 255 0   0   0   0   0   0   0   0   
0   0   0   0   0   0   255 255 0   0   0   0   255 255 0   0   0   0   255 255 255 255 0   0   255 255 255 255 255 255 0   0   
0   0   255 255 255 255 255 255 0   0   255 255 0   0   255 255 255 255 254 255 0   0   255 255 255 255 254 255 255 255 255 255 
1   0   15  0   0   0   254 255 255 255 3   0   255 255 255 255 0   0   3   0   0   0   255 255 255 255 0   0   0   0   255 255 
0   0   0   0   255 255 255 255 0   0   0   0   255 255 0   0   0   0   0   0   0   0   255 255 0   0   0   0   0   0   0   0   
0   0   0   0   0   0   255 255 0   0   0   0   255 255 0   0   0   0   255 255 255 255 0   0   255 255 255 255 255 255 0   0   
0   0   255 255 255 255 255 255 0   0   255 255 0   0   255 255 255 255 254 255 0   0   255 255 0   0   255 255 255 255 255 255 
1   0   15  0   0   0   254 255 255 255 3   0   255 255 255 255 0   0   3   0   0   0   254 255 255 255 0   0   0   0   255 255 
0   0   0   0   255 255 255 255 0   0   0   0   255 255 0   0   0   0   0   0   0   0   255 255 0   0   0   0   0   0   0   0   
255 255 0   0   255 255 254 255 0   0   0   0   255 255 0   0   0   0   255 255 255 255 0   0   0   0   255 255 255 255 0   0   
0   0   255 255 255 255 255 255 0   0   0   0   0   0   255 255 255 255 254 255 0   0   255 255 0   0   255 255 255 255 255 255 
1   0   14  0   0   0   254 255 255 255 3   0   255 255 255 255 0   0   3   0   0   0   254 255 255 255 0   0   0   0   254 255 
0   0   0   0   255 255 255 255 0   0   0   0   255 255 0   0   0   0   0   0   0   0   255 255 0   0   0   0   0   0   0   0   
255 255 0   0   255 255 254 255 0   0   0   0   255 255 0   0   0   0   255 255 255 255 0   0   0   0   255 255 255 255 0   0   
0   0   255 255 255 255 255 255 0   0   0   0   0   0   255 255 255 255 254 255 0   0   255 255 0   0   255 255 255 255 255 255 
1   0   14  0   0   0   254 255 255 255 3   0   255 255 255 255 0   0   3   0   0   0   254 255 255 255 0   0   0   0   255 255 
0   0   0   0   255 255 255 255 0   0   0   0   255 255 0   0   0   0   0   0   0   0   255 255 0   0   0   0   0   0   0   0   
255 255 0   0   255 255 254 255 0   0   0   0   255 255 0   0   0   0   0   0   255 255 0   0   0   0   255 255 255 255 0   0   
0   0   255 255 255 255 255 255 0   0   255 255 0   0   255 255 255 255 254 255 0   0   255 255 255 255 255 255 255 255 255 255 
1   0   14  0   0   0   254 255 255 255 3   0   255 255 255 255 0   0   3   0   0   0   254 255 255 255 0   0   0   0   255 255 
0   0   0   0   255 255 255 255 0   0   0   0   255 255 0   0   0   0   0   0   0   0   255 255 0   0   0   0   0   0   0   0   
255 255 0   0   255 255 254 255 0   0   0   0   255 255 0   0   0   0   0   0   255 255 0   0   0   0   255 255 255 255 0   0   
0   0   255 255 255 255 255 255 0   0   255 255 0   0   255 255 255 255 254 255 0   0   255 255 255 255 255 255 255 255 255 255 
1   0   14  0   0   0   254 255 255 255 3   0   255 255 255 255 0   0   3   0   0   0   254 255 255 255 0   0   0   0   255 255 
0   0   0   0   255 255 255 255 0   0   0   0   255 255 0   0   0   0   0   0   0   0   255 255 0   0   0   0   0   0   0   0   
255 255 0   0   255 255 254 255 0   0   0   0   255 255 0   0   0   0   0   0   255 255 0   0   0   0   0   0   255 255 0   0   
0   0   255 255 255 255 255 255 0   0   255 255 0   0   255 255 255 255 254 255 0   0   255 255 255 255 255 255 255 255 255 255 
1   0   14  0   0   0   254 255 255 255 3   0   255 255 255 255 0   0   3   0   0   0   255 255 255 255 0   0   0   0   255 255 
0   0   1   0   255 255 255 255 0   0   0   0   255 255 0   0   0   0   0   0   0   0   255 255 0   0   0   0   0   0   0   0   
0   0   0   0   0   0   255 255 0   0   0   0   255 255 0   0   0   0   255 255 255 255 0   0   0   0   0   0   255 255 0   0   
0   0   255 255 255 255 255 255 0   0   0   0   0   0   255 255 255 255 254 255 0   0   255 255 255 255 255 255 255 255 255 255 
1   0   14  0   0   0   254 255 255 255 2   0   255 255 255 255 0   0   3   0   0   0   255 255 255 255 0   0   0   0   255 255 
0   0   1   0   255 255 255 255 0   0   0   0   255 255 0   0   0   0   0   0   0   0   255 255 0   0   0   0   0   0   0   0   
0   0   0   0   0   0   255 255 0   0   0   0   255 255 0   0   0   0   0   0   255 255 0   0   0   0   0   0   255 255 0   0   
0   0   255 255 255 255 255 255 0   0   0   0   0   0   255 255 255 255 254 255 0   0   255 255 255 255 255 255 255 255 255 255 
1   0   14  0   0   0   254 255 255 255 2   0   255 255 255 255 0   0   3   0   0   0   255 255 255 255 0   0   0   0   255 255 
0   0   0   0   255 255 255 255 0   0   0   0   255 255 0   0   0   0   0   0   0   0   255 255 0   0   0   0   0   0   0   0   
0   0   0   0   0   0   255 255 0   0   0   0   255 255 0   0   0   0   0   0   255 255 0   0   0   0   0   0   255 255 0   0   
0   0   255 255 255 255 255 255 255 255 255 255 0   0   255 255 255 255 254 255 0   0   255 255 255 255 255 255 255 255 255 255 
1   0   14  0   0   0   254 255 255 255 2   0   255 255 255 255 0   0   3   0   0   0   255 255 255 255 0   0   0   0   255 255 
0   0   0   0   255 255 255 255 0   0   0   0   255 255 0   0   0   0   0   0   0   0   255 255 0   0   0   0   0   0   0   0   
0   0   0   0   0   0   255 255 255 255 0   0   255 255 0   0   0   0   0   0   255 255 0   0   0   0   0   0   255 255 0   0   
0   0   255 255 255 255 255 255 0   0   0   0   0   0   255 255 255 255 254 255 0   0   255 255 255 255 255 255 255 255 255 255 
1   0   13  0   0   0   253 255 255 255 2   0   255 255 255 255 0   0   3   0   0   0   254 255 255 255 0   0   0   0   255 255 
0   0   0   0   255 255 255 255 0   0   0   0   255 255 255 255 0   0   0   0   0   0   255 255 0   0   0   0   0   0   0   0   
0   0   0   0   0   0   255 255 0   0   0   0   255 255 0   0   0   0   0   0   255 255 0   0   0   0   0   0   255 255 0   0   
0   0   255 255 255 255 255 255 0   0   0   0   0   0   255 255 255 255 254 255 0   0   255 255 255 255 255 255 255 255 255 255 
1   0   13  0   0   0   253 255 255 255 2   0   255 255 255 255 0   0   3   0   0   0   254 255 255 255 0   0   0   0   255 255 
0   0   0   0   255 255 255 255 0   0   0   0   255 255 255 255 0   0   0   0   0   0   255 255 0   0   0   0   0   0   0   0   
0   0   0   0   0   0   255 255 0   0   0   0   255 255 0   0   0   0   255 255 255 255 0   0   0   0   0   0   255 255 0   0   
0   0   255 255 255 255 255 255 0   0   0   0   0   0   255 255 255 255 254 255 0   0   255 255 255 255 254 255 255 255 255 255 
1   0   13  0   0   0   254 255 0   0   2   0   255 255 255 255 0   0   3   0   0   0   254 255 255 255 0   0   0   0   255 255 
0   0   0   0   255 255 255 255 0   0   0   0   255 255 255 255 0   0   0   0   0   0   255 255 0   0   0   0   0   0   255 255 
0   0   0   0   0   0   255 255 0   0   0   0   255 255 0   0   0   0   255 255 255 255 0   0   255 255 255 255 255 255 0   0   
0   0   255 255 255 255 255 255 0   0   0   0   0   0   255 255 255 255 254 255 0   0   255 255 255 255 254 255 255 255 255 255 
1   0   13  0   0   0   254 255 0   0   2   0   255 255 255 255 0   0   3   0   0   0   254 255 255 255 0   0   0   0   255 255 
0   0   0   0   255 255 254 255 0   0   0   0   255 255 0   0   0   0   0   0   0   0   255 255 0   0   0   0   0   0   255 255 
0   0   0   0   0   0   255 255 0   0   0   0   255 255 0   0   0   0   255 255 255 255 0   0   255 255 255 255 255 255 0   0   
0   0   255 255 255 255 255 255 0   0   255 255 0   0   255 255 0   0   254 255 0   0   255 255 255 255 254 255 255 255 255 255 
1   0   13  0   0   0   253 255 0   0   2   0   255 255 255 255 0   0   3   0   0   0   254 255 255 255 0   0   0   0   255 255 
0   0   0   0   255 255 255 255 0   0   0   0   255 255 0   0   0   0   0   0   0   0   255 255 0   0   0   0   0   0   255 255 
0   0   0   0   0   0   255 255 0   0   0   0   255 255 0   0   0   0   255 255 255 255 0   0   255 255 255 255 255 255 0   0   
0   0   255 255 255 255 255 255 0   0   255 255 0   0   255 255 0   0   254 255 0   0   255 255 255 255 254 255 255 255 255 255 
1   0   13  0   0   0   253 255 0   0   2   0   255 255 255 255 0   0   3   0   0   0   254 255 255 255 0   0   0   0   255 255 
0   0   0   0   255 255 255 255 0   0   0   0   255 255 0   0   0   0   0   0   0   0   0   0   0   0   0   0   0   0   0   0   
0   0   0   0   0   0   255 255 0   0   0   0   255 255 0   0   0   0   255 255 255 255 0   0   255 255 255 255 255 255 0   0   
0   0   255 255 255 255 255 255 0   0   255 255 0   0   255 255 255 255 254 255 0   0   255 255 255 255 254 255 255 255 255 255 
1   0   13  0   0   0   253 255 0   0   2   0   255 255 255 255 0   0   3   0   0   0   254 255 255 255 0   0   255 255 255 255 
0   0   0   0   255 255 255 255 0   0   0   0   255 255 0   0   0   0   0   0   0   0   0   0   0   0   0   0   255 255 0   0   
0   0   0   0   0   0   255 255 0   0   0   0   255 255 0   0   0   0   255 255 255 255 0   0   0   0   255 255 255 255 0   0   
0   0   255 255 255 255 255 255 0   0   255 255 0   0   255 255 255 255 254 255 0   0   255 255 255 255 254 255 255 255 255 255 
1   0   13  0   0   0   253 255 0   0   2   0   255 255 255 255 0   0   3   0   0   0   254 255 255 255 0   0   255 255 255 255 
0   0   0   0   255 255 255 255 0   0   0   0   255 255 0   0   0   0   0   0   0   0   0   0   0   0   0   0   255 255 0   0   
0   0   0   0   0   0   255 255 0   0   0   0   255 255 0   0   0   0   255 255 255 255 0   0   0   0   255 255 255 255 0   0   
0   0   255 255 255 255 255 255 0   0   255 255 0   0   255 255 255 255 254 255 0   0   255 255 255 255 254 255 255 255 255 255 
1   0   13  0   0   0   253 255 0   0   2   0   255 255 255 255 0   0   3   0   0   0   254 255 255 255 0   0   255 255 255 255 
0   0   0   0   255 255 255 255 0   0   0   0   255 255 0   0   1   0   0   0   0   0   0   0   0   0   0   0   255 255 0   0   
0   0   0   0   0   0   255 255 0   0   0   0   255 255 0   0   0   0   255 255 255 255 0   0   0   0   255 255 255 255 0   0   
0   0   255 255 255 255 255 255 0   0   255 255 0   0   255 255 255 255 254 255 0   0   255 255 255 255 254 255 255 255 255 255 
1   0   13  0   0   0   253 255 0   0   2   0   255 255 255 255 0   0   3   0   0   0   254 255 255 255 0   0   255 255 255 255 
0   0   0   0   255 255 255 255 0   0   0   0   255 255 0   0   1   0   0   0   0   0   255 255 0   0   0   0   255 255 0   0   
0   0   0   0   0   0   255 255 0   0   0   0   255 255 0   0   0   0   255 255 255 255 0   0   0   0   255 255 255 255 0   0   
0   0   255 255 255 255 255 255 0   0   255 255 0   0   255 255 255 255 254 255 0   0   255 255 255 255 254 255 255 255 255 255 
1   0   13  0   0   0   253 255 255 255 2   0   255 255 255 255 0   0   3   0   0   0   254 255 255 255 0   0   255 255 255 255 
0   0   0   0   255 255 255 255 0   0   0   0   255 255 0   0   1   0   0   0   0   0   255 255 0   0   0   0   255 255 0   0   
0   0   0   0   0   0   255 255 0   0   0   0   255 255 0   0   0   0   255 255 255 255 0   0   0   0   255 255 255 255 0   0   
0   0   255 255 255 255 255 255 0   0   255 255 0   0   255 255 255 255 254 255 0   0   255 255 255 255 255 255 255 255 255 255 
1   0   13  0   0   0   253 255 255 255 2   0   255 255 255 255 0   0   3   0   0   0   254 255 0   0   0   0   0   0   255 255 
0   0   0   0   255 255 255 255 0   0   0   0   255 255 0   0   1   0   0   0   0   0   255 255 0   0   0   0   255 255 0   0   
0   0   0   0   0   0   255 255 0   0   0   0   255 255 0   0   0   0   255 255 255 255 0   0   0   0   255 255 255 255 0   0   
0   0   255 255 255 255 255 255 0   0   255 255 0   0   255 255 255 255 254 255 0   0   255 255 255 255 255 255 255 255 255 255 
1   0   13  0   0   0   253 255 255 255 2   0   255 255 255 255 0   0   3   0   0   0   254 255 0   0   0   0   0   0   255 255 
0   0   0   0   255 255 255 255 0   0   0   0   255 255 0   0   1   0   0   0   0   0   0   0   0   0   0   0   0   0   0   0   
0   0   0   0   0   0   255 255 0   0   0   0   255 255 0   0   0   0   255 255 255 255 0   0   0   0   255 255 255 255 0   0   
0   0   255 255 255 255 255 255 0   0   255 255 0   0   255 255 255 255 254 255 0   0   255 255 255 255 255 255 255 255 255 255 
1   0   13  0   0   0   253 255 0   0   2   0   255 255 255 255 0   0   3   0   0   0   254 255 0   0   0   0   0   0   255 255 
0   0   0   0   255 255 255 255 0   0   0   0   255 255 0   0   1   0   0   0   0   0   0   0   0   0   0   0   0   0   0   0   
0   0   0   0   0   0   255 255 0   0   0   0   255 255 0   0   0   0   255 255 255 255 0   0   0   0   255 255 255 255 0   0   
0   0   255 255 255 255 255 255 0   0   255 255 0   0   255 255 255 255 254 255 0   0   255 255 255 255 255 255 255 255 255 255 
1   0   13  0   0   0   253 255 0   0   2   0   255 255 255 255 0   0   3   0   0   0   254 255 0   0   0   0   0   0   255 255 
0   0   0   0   255 255 255 255 0   0   0   0   255 255 0   0   1   0   0   0   0   0   255 255 0   0   0   0   0   0   0   0   
0   0   0   0   0   0   255 255 0   0   0   0   255 255 0   0   0   0   255 255 255 255 0   0   0   0   255 255 255 255 0   0   
0   0   255 255 255 255 255 255 0   0   255 255 0   0   255 255 255 255 254 255 0   0   255 255 255 255 255 255 255 255 255 255 
1   0   14  0   0   0   254 255 0   0   2   0   255 255 255 255 0   0   3   0   0   0   254 255 0   0   0   0   0   0   255 255 
0   0   0   0   255 255 255 255 0   0   0   0   255 255 0   0   1   0   0   0   0   0   255 255 0   0   0   0   0   0   0   0   
0   0   0   0   0   0   255 255 0   0   0   0   255 255 0   0   0   0   255 255 255 255 0   0   255 255 255 255 255 255 0   0   
0   0   255 255 255 255 255 255 0   0   255 255 0   0   255 255 255 255 254 255 0   0   255 255 255 255 255 255 255 255 255 255 
1   0   14  0   0   0   254 255 0   0   2   0   255 255 255 255 0   0   3   0   0   0   254 255 0   0   0   0   0   0   255 255 
0   0   0   0   255 255 255 255 0   0   0   0   255 255 0   0   1   0   0   0   0   0   255 255 0   0   0   0   0   0   0   0   
0   0   0   0   0   0   255 255 0   0   0   0   255 255 0   0   0   0   255 255 255 255 0   0   255 255 255 255 255 255 0   0   
0   0   255 255 255 255 255 255 0   0   255 255 0   0   255 255 255 255 254 255 0   0   255 255 255 255 255 255 255 255 255 255 
1   0   13  0   0   0   253 255 0   0   2   0   255 255 255 255 0   0   3   0   0   0   254 255 0   0   1   0   0   0   255 255 
0   0   0   0   255 255 255 255 0   0   0   0   0   0   0   0   1   0   0   0   0   0   255 255 0   0   0   0   0   0   0   0   
0   0   0   0   0   0   255 255 0   0   0   0   255 255 0   0   0   0   0   0   255 255 0   0   255 255 255 255 255 255 0   0   
0   0   255 255 255 255 255 255 0   0   0   0   0   0   255 255 255 255 254 255 0   0   254 255 255 255 255 255 255 255 255 255 
1   0   13  0   0   0   253 255 0   0   2   0   255 255 255 255 0   0   3   0   0   0   254 255 0   0   1   0   0   0   255 255 
0   0   0   0   255 255 255 255 0   0   0   0   255 255 0   0   1   0   0   0   0   0   0   0   0   0   0   0   0   0   0   0   
0   0   0   0   0   0   255 255 0   0   0   0   255 255 0   0   0   0   0   0   255 255 0   0   255 255 255 255 255 255 0   0   
0   0   255 255 255 255 255 255 0   0   0   0   0   0   255 255 255 255 254 255 0   0   254 255 255 255 255 255 255 255 255 255 
1   0   13  0   0   0   254 255 0   0   2   0   255 255 255 255 0   0   3   0   0   0   254 255 0   0   1   0   0   0   255 255 
0   0   0   0   255 255 255 255 0   0   0   0   255 255 0   0   1   0   0   0   0   0   0   0   0   0   0   0   255 255 255 255 
0   0   0   0   0   0   255 255 0   0   0   0   255 255 255 255 0   0   0   0   255 255 0   0   255 255 255 255 255 255 0   0   
0   0   255 255 255 255 255 255 0   0   0   0   0   0   255 255 0   0   254 255 0   0   255 255 255 255 255 255 255 255 255 255 
1   0   13  0   0   0   254 255 0   0   2   0   255 255 255 255 0   0   3   0   0   0   254 255 0   0   1   0   0   0   255 255 
0   0   0   0   255 255 255 255 0   0   0   0   255 255 0   0   1   0   0   0   0   0   0   0   0   0   0   0   255 255 255 255 
0   0   0   0   0   0   255 255 0   0   0   0   255 255 255 255 0   0   0   0   255 255 0   0   255 255 255 255 255 255 0   0   
0   0   0   0   255 255 255 255 0   0   0   0   0   0   255 255 0   0   254 255 0   0   255 255 255 255 255 255 255 255 255 255 
1   0   13  0   0   0   254 255 0   0   2   0   255 255 255 255 0   0   3   0   0   0   254 255 0   0   1   0   0   0   255 255 
0   0   0   0   255 255 255 255 0   0   0   0   255 255 0   0   1   0   0   0   0   0   0   0   0   0   0   0   255 255 255 255 
0   0   0   0   0   0   255 255 0   0   0   0   255 255 255 255 0   0   0   0   255 255 0   0   0   0   0   0   255 255 0   0   
0   0   0   0   255 255 255 255 0   0   0   0   0   0   255 255 255 255 254 255 0   0   255 255 255 255 255 255 255 255 255 255 
1   0   13  0   0   0   254 255 0   0   2   0   255 255 255 255 0   0   3   0   0   0   254 255 0   0   1   0   0   0   255 255 
0   0   0   0   255 255 255 255 0   0   0   0   255 255 0   0   1   0   0   0   0   0   0   0   0   0   0   0   255 255 255 255 
0   0   0   0   0   0   255 255 0   0   0   0   255 255 255 255 0   0   0   0   255 255 0   0   0   0   0   0   255 255 0   0   
0   0   255 255 255 255 255 255 0   0   0   0   0   0   255 255 255 255 254 255 0   0   255 255 255 255 255 255 255 255 255 255 
1   0   13  0   0   0   254 255 0   0   2   0   255 255 255 255 0   0   3   0   0   0   254 255 0   0   1   0   0   0   255 255 
0   0   0   0   255 255 255 255 0   0   0   0   255 255 0   0   1   0   0   0   0   0   0   0   0   0   0   0   255 255 255 255 
0   0   0   0   0   0   255 255 0   0   0   0   255 255 255 255 0   0   0   0   255 255 0   0   0   0   0   0   255 255 0   0   
0   0   255 255 255 255 255 255 0   0   0   0   0   0   255 255 255 255 254 255 0   0   255 255 255 255 255 255 255 255 255 255 
1   0   13  0   0   0   254 255 0   0   2   0   255 255 255 255 0   0   3   0   0   0   254 255 0   0   1   0   0   0   255 255 
0   0   0   0   255 255 255 255 0   0   0   0   255 255 0   0   1   0   0   0   0   0   255 255 0   0   0   0   255 255 255 255 
0   0   0   0   0   0   255 255 0   0   0   0   255 255 255 255 0   0   0   0   255 255 0   0   255 255 0   0   255 255 0   0   
0   0   255 255 255 255 255 255 0   0   0   0   0   0   255 255 255 255 254 255 0   0   255 255 255 255 255 255 255 255 255 255 
1   0   13  0   0   0   253 255 0   0   2   0   255 255 255 255 0   0   3   0   0   0   254 255 255 255 0   0   0   0   255 255 
0   0   0   0   255 255 255 255 0   0   0   0   255 255 0   0   1   0   0   0   0   0   0   0   0   0   0   0   255 255 255 255 
0   0   0   0   0   0   255 255 0   0   0   0   255 255 255 255 0   0   0   0   255 255 0   0   0   0   0   0   255 255 0   0   
0   0   255 255 255 255 255 255 0   0   0   0   0   0   255 255 255 255 254 255 0   0   255 255 255 255 255 255 255 255 255 255 
1   0   13  0   0   0   253 255 0   0   2   0   255 255 255 255 0   0   3   0   0   0   254 255 255 255 0   0   0   0   255 255 
0   0   0   0   255 255 255 255 0   0   0   0   255 255 0   0   1   0   0   0   0   0   0   0   0   0   0   0   255 255 255 255 
0   0   0   0   0   0   255 255 0   0   0   0   0   0   0   0   0   0   0   0   255 255 0   0   0   0   0   0   255 255 0   0   
0   0   255 255 255 255 255 255 0   0   0   0   0   0   255 255 255 255 254 255 0   0   255 255 255 255 255 255 255 255 255 255 
1   0   13  0   0   0   253 255 0   0   2   0   255 255 255 255 0   0   3   0   0   0   254 255 255 255 0   0   0   0   255 255 
0   0   0   0   255 255 255 255 0   0   0   0   255 255 0   0   1   0   0   0   0   0   0   0   0   0   0   0   0   0   0   0   
0   0   0   0   0   0   255 255 0   0   0   0   0   0   0   0   0   0   0   0   255 255 0   0   0   0   0   0   255 255 0   0   
0   0   255 255 255 255 255 255 255 255 255 255 0   0   255 255 255 255 254 255 0   0   255 255 255 255 255 255 255 255 255 255 
1   0   13  0   0   0   253 255 0   0   2   0   255 255 255 255 0   0   3   0   0   0   254 255 255 255 0   0   0   0   255 255 
0   0   0   0   255 255 255 255 0   0   0   0   255 255 0   0   1   0   0   0   0   0   255 255 0   0   0   0   0   0   0   0   
0   0   0   0   0   0   255 255 0   0   0   0   0   0   0   0   0   0   0   0   255 255 0   0   0   0   0   0   255 255 0   0   
0   0   255 255 255 255 255 255 0   0   255 255 0   0   255 255 255 255 254 255 0   0   255 255 255 255 255 255 255 255 255 255 
1   0   13  0   0   0   253 255 0   0   2   0   255 255 255 255 0   0   3   0   0   0   254 255 255 255 0   0   0   0   255 255 
0   0   0   0   255 255 255 255 0   0   0   0   255 255 0   0   1   0   0   0   0   0   255 255 0   0   0   0   0   0   0   0   
0   0   0   0   0   0   255 255 0   0   0   0   255 255 0   0   1   0   0   0   255 255 0   0   0   0   0   0   255 255 0   0   
0   0   255 255 255 255 255 255 0   0   255 255 0   0   255 255 255 255 254 255 0   0   255 255 255 255 255 255 255 255 255 255 
1   0   13  0   0   0   253 255 0   0   2   0   255 255 255 255 0   0   3   0   0   0   254 255 255 255 0   0   0   0   255 255 
0   0   0   0   255 255 255 255 0   0   0   0   255 255 0   0   1   0   0   0   0   0   255 255 0   0   0   0   0   0   0   0   
0   0   0   0   0   0   255 255 0   0   0   0   255 255 0   0   1   0   0   0   255 255 0   0   0   0   0   0   255 255 0   0   
0   0   255 255 255 255 255 255 0   0   255 255 0   0   255 255 255 255 254 255 0   0   255 255 255 255 255 255 255 255 255 255 
1   0   13  0   0   0   253 255 0   0   2   0   255 255 255 255 0   0   3   0   0   0   254 255 255 255 0   0   0   0   255 255 
0   0   0   0   0   0   0   0   0   0   0   0   255 255 0   0   1   0   0   0   0   0   255 255 0   0   0   0   0   0   0   0   
0   0   0   0   0   0   255 255 0   0   0   0   255 255 0   0   1   0   0   0   255 255 0   0   0   0   0   0   255 255 0   0   
0   0   255 255 255 255 255 255 0   0   255 255 0   0   255 255 255 255 254 255 0   0   255 255 255 255 255 255 255 255 255 255 
1   0   14  0   0   0   254 255 0   0   2   0   255 255 255 255 0   0   3   0   0   0   254 255 255 255 0   0   0   0   255 255 
0   0   0   0   255 255 255 255 0   0   0   0   255 255 0   0   1   0   0   0   0   0   255 255 0   0   0   0   0   0   0   0   
0   0   0   0   0   0   255 255 0   0   0   0   255 255 0   0   1   0   0   0   255 255 0   0   0   0   0   0   255 255 0   0   
0   0   255 255 255 255 255 255 0   0   255 255 0   0   255 255 255 255 254 255 0   0   254 255 255 255 255 255 255 255 255 255 
1   0   13  0   0   0   253 255 0   0   2   0   255 255 255 255 0   0   3   0   0   0   254 255 255 255 0   0   0   0   255 255 
0   0   0   0   255 255 255 255 0   0   0   0   255 255 0   0   1   0   0   0   0   0   0   0   0   0   0   0   0   0   0   0   
0   0   0   0   0   0   255 255 0   0   0   0   255 255 0   0   1   0   0   0   255 255 0   0   0   0   0   0   255 255 0   0   
0   0   255 255 255 255 255 255 0   0   255 255 0   0   255 255 255 255 254 255 0   0   254 255 255 255 255 255 255 255 255 255 
1   0   13  0   0   0   253 255 0   0   2   0   255 255 255 255 0   0   3   0   0   0   255 255 255 255 0   0   0   0   255 255 
0   0   0   0   255 255 255 255 0   0   0   0   255 255 0   0   1   0   0   0   0   0   0   0   0   0   0   0   0   0   0   0   
0   0   0   0   0   0   255 255 0   0   0   0   255 255 0   0   0   0   255 255 255 255 0   0   0   0   0   0   255 255 0   0   
0   0   255 255 255 255 255 255 0   0   255 255 0   0   255 255 255 255 254 255 0   0   254 255 255 255 254 255 255 255 255 255 
1   0   13  0   0   0   253 255 0   0   2   0   255 255 255 255 0   0   3   0   0   0   255 255 255 255 0   0   0   0   255 255 
0   0   0   0   255 255 255 255 0   0   0   0   255 255 0   0   1   0   0   0   0   0   0   0   0   0   0   0   0   0   0   0   
0   0   0   0   0   0   255 255 0   0   0   0   255 255 0   0   0   0   255 255 255 255 0   0   0   0   0   0   255 255 0   0   
0   0   255 255 255 255 255 255 0   0   255 255 0   0   255 255 255 255 254 255 0   0   254 255 255 255 254 255 255 255 255 255 
1   0   13  0   0   0   254 255 0   0   2   0   255 255 255 255 0   0   3   0   0   0   254 255 255 255 0   0   0   0   255 255 
0   0   0   0   255 255 255 255 0   0   0   0   255 255 0   0   1   0   0   0   0   0   0   0   0   0   0   0   255 255 255 255 
0   0   0   0   0   0   255 255 0   0   0   0   255 255 0   0   0   0   255 255 255 255 0   0   0   0   0   0   255 255 0   0   
0   0   255 255 255 255 255 255 0   0   255 255 0   0   255 255 255 255 254 255 0   0   254 255 255 255 255 255 255 255 255 255 
1   0   13  0   0   0   254 255 0   0   2   0   255 255 255 255 0   0   3   0   0   0   254 255 255 255 0   0   0   0   255 255 
0   0   0   0   255 255 255 255 0   0   0   0   255 255 0   0   1   0   0   0   0   0   0   0   0   0   0   0   0   0   255 255 
0   0   0   0   0   0   255 255 0   0   0   0   255 255 0   0   0   0   0   0   255 255 0   0   0   0   0   0   255 255 0   0   
0   0   255 255 255 255 255 255 0   0   255 255 0   0   255 255 255 255 254 255 0   0   255 255 255 255 255 255 255 255 255 255 
1   0   13  0   0   0   253 255 0   0   2   0   255 255 255 255 0   0   3   0   0   0   254 255 255 255 0   0   0   0   255 255 
0   0   0   0   255 255 255 255 0   0   0   0   255 255 0   0   1   0   0   0   0   0   255 255 0   0   0   0   0   0   255 255 
0   0   0   0   0   0   255 255 0   0   0   0   0   0   0   0   0   0   0   0   255 255 0   0   0   0   0   0   255 255 0   0   
0   0   255 255 255 255 255 255 0   0   255 255 0   0   255 255 255 255 254 255 0   0   255 255 255 255 255 255 255 255 255 255 
1   0   13  0   0   0   253 255 0   0   2   0   255 255 255 255 0   0   3   0   0   0   254 255 255 255 0   0   0   0   255 255 
0   0   0   0   255 255 255 255 0   0   0   0   255 255 0   0   0   0   0   0   0   0   255 255 0   0   0   0   0   0   0   0   
0   0   0   0   0   0   255 255 0   0   0   0   0   0   0   0   0   0   0   0   255 255 0   0   0   0   0   0   255 255 0   0   
0   0   255 255 255 255 255 255 0   0   255 255 0   0   255 255 255 255 254 255 0   0   255 255 255 255 255 255 255 255 255 255 
1   0   13  0   0   0   253 255 0   0   2   0   255 255 255 255 0   0   3   0   0   0   254 255 255 255 0   0   0   0   255 255 
0   0   0   0   255 255 255 255 0   0   0   0   0   0   0   0   0   0   0   0   0   0   255 255 0   0   0   0   0   0   255 255 
0   0   0   0   0   0   255 255 0   0   0   0   255 255 255 255 0   0   0   0   255 255 0   0   0   0   0   0   255 255 0   0   
0   0   255 255 255 255 255 255 0   0   255 255 255 255 255 255 255 255 254 255 0   0   255 255 255 255 255 255 255 255 255 255 
1   0   13  0   0   0   253 255 0   0   2   0   255 255 255 255 0   0   3   0   0   0   254 255 255 255 0   0   0   0   255 255 
0   0   0   0   255 255 255 255 0   0   0   0   255 255 0   0   0   0   0   0   0   0   255 255 0   0   0   0   0   0   255 255 
0   0   0   0   0   0   255 255 0   0   0   0   255 255 255 255 0   0   0   0   255 255 0   0   0   0   0   0   255 255 0   0   
0   0   255 255 255 255 255 255 0   0   255 255 255 255 255 255 255 255 254 255 0   0   255 255 255 255 255 255 255 255 255 255 
1   0   13  0   0   0   253 255 0   0   2   0   255 255 255 255 0   0   3   0   0   0   254 255 255 255 0   0   0   0   255 255 
0   0   0   0   255 255 255 255 0   0   0   0   255 255 0   0   0   0   0   0   0   0   255 255 0   0   0   0   0   0   255 255 
0   0   0   0   0   0   255 255 0   0   0   0   255 255 255 255 0   0   0   0   255 255 0   0   255 255 0   0   255 255 0   0   
0   0   255 255 255 255 255 255 0   0   255 255 255 255 255 255 255 255 254 255 0   0   255 255 255 255 255 255 255 255 255 255 
1   0   13  0   0   0   253 255 0   0   2   0   255 255 255 255 0   0   3   0   0   0   255 255 255 255 0   0   0   0   255 255 
0   0   0   0   255 255 255 255 0   0   0   0   255 255 0   0   0   0   0   0   0   0   255 255 0   0   0   0   0   0   255 255 
0   0   0   0   0   0   255 255 0   0   0   0   255 255 255 255 0   0   0   0   255 255 0   0   255 255 255 255 255 255 0   0   
0   0   255 255 255 255 255 255 0   0   255 255 255 255 255 255 255 255 254 255 0   0   255 255 255 255 255 255 255 255 255 255 
1   0   13  0   0   0   253 255 0   0   2   0   255 255 255 255 0   0   3   0   0   0   255 255 255 255 0   0   0   0   255 255 
0   0   0   0   255 255 255 255 0   0   0   0   255 255 0   0   0   0   0   0   0   0   255 255 0   0   0   0   0   0   255 255 
0   0   0   0   0   0   255 255 0   0   0   0   255 255 255 255 0   0   0   0   255 255 0   0   255 255 255 255 255 255 0   0   
0   0   255 255 255 255 255 255 0   0   255 255 255 255 255 255 255 255 254 255 0   0   255 255 255 255 254 255 255 255 255 255 
1   0   13  0   0   0   253 255 0   0   2   0   255 255 255 255 0   0   3   0   0   0   254 255 255 255 0   0   0   0   255 255 
0   0   0   0   255 255 255 255 0   0   0   0   255 255 0   0   0   0   0   0   0   0   255 255 0   0   0   0   255 255 255 255 
0   0   0   0   0   0   255 255 0   0   0   0   255 255 255 255 0   0   255 255 255 255 0   0   255 255 255 255 255 255 0   0   
0   0   255 255 255 255 255 255 0   0   255 255 255 255 255 255 255 255 254 255 0   0   255 255 255 255 254 255 255 255 255 255 
1   0   13  0   0   0   253 255 0   0   2   0   255 255 255 255 0   0   3   0   0   0   254 255 255 255 0   0   0   0   255 255 
0   0   0   0   255 255 255 255 0   0   0   0   255 255 0   0   0   0   0   0   0   0   255 255 0   0   0   0   255 255 255 255 
0   0   0   0   0   0   255 255 0   0   0   0   255 255 255 255 0   0   255 255 255 255 0   0   255 255 255 255 255 255 0   0   
0   0   255 255 255 255 255 255 0   0   255 255 255 255 255 255 255 255 254 255 0   0   255 255 255 255 255 255 255 255 255 255 
1   0   13  0   0   0   253 255 0   0   2   0   255 255 255 255 0   0   3   0   0   0   254 255 255 255 0   0   0   0   255 255 
0   0   0   0   255 255 255 255 0   0   0   0   255 255 0   0   1   0   0   0   0   0   255 255 0   0   0   0   255 255 255 255 
0   0   0   0   0   0   255 255 0   0   0   0   255 255 255 255 0   0   255 255 255 255 0   0   255 255 255 255 255 255 0   0   
0   0   255 255 255 255 254 255 0   0   0   0   255 255 255 255 255 255 254 255 0   0   255 255 255 255 255 255 255 255 255 255 
1   0   13  0   0   0   253 255 0   0   2   0   255 255 255 255 0   0   3   0   0   0   254 255 255 255 0   0   0   0   255 255 
0   0   0   0   0   0   0   0   0   0   0   0   255 255 0   0   0   0   0   0   0   0   255 255 0   0   0   0   255 255 255 255 
0   0   0   0   0   0   255 255 0   0   0   0   255 255 255 255 0   0   255 255 0   0   0   0   255 255 255 255 255 255 0   0   
0   0   255 255 255 255 254 255 0   0   0   0   255 255 255 255 255 255 254 255 0   0   255 255 255 255 255 255 255 255 255 255 
1   0   13  0   0   0   253 255 0   0   2   0   255 255 255 255 0   0   3   0   0   0   254 255 255 255 1   0   0   0   255 255 
0   0   0   0   0   0   255 255 0   0   0   0   255 255 0   0   0   0   0   0   0   0   255 255 0   0   0   0   255 255 255 255 
0   0   0   0   0   0   255 255 0   0   0   0   255 255 255 255 0   0   255 255 0   0   0   0   255 255 255 255 255 255 0   0   
0   0   255 255 255 255 255 255 0   0   0   0   0   0   255 255 255 255 254 255 0   0   255 255 255 255 254 255 255 255 255 255 
1   0   13  0   0   0   253 255 0   0   2   0   255 255 255 255 0   0   3   0   0   0   254 255 255 255 1   0   0   0   255 255 
0   0   0   0   0   0   255 255 0   0   0   0   255 255 0   0   0   0   0   0   0   0   255 255 0   0   0   0   255 255 255 255 
0   0   0   0   0   0   255 255 0   0   0   0   255 255 255 255 0   0   0   0   0   0   0   0   255 255 255 255 255 255 0   0   
0   0   255 255 255 255 255 255 0   0   0   0   0   0   255 255 255 255 254 255 0   0   255 255 255 255 255 255 255 255 255 255 
1   0   13  0   0   0   253 255 0   0   2   0   255 255 255 255 0   0   3   0   0   0   254 255 255 255 1   0   0   0   255 255 
0   0   0   0   0   0   255 255 0   0   0   0   255 255 0   0   1   0   0   0   0   0   0   0   0   0   0   0   0   0   0   0   
0   0   0   0   0   0   255 255 0   0   0   0   255 255 255 255 0   0   0   0   0   0   0   0   255 255 255 255 255 255 0   0   
0   0   255 255 255 255 255 255 0   0   0   0   0   0   255 255 255 255 254 255 0   0   255 255 255 255 255 255 255 255 255 255 
1   0   13  0   0   0   253 255 0   0   2   0   255 255 255 255 0   0   3   0   0   0   254 255 255 255 1   0   0   0   255 255 
0   0   0   0   0   0   255 255 0   0   0   0   255 255 0   0   1   0   0   0   0   0   0   0   0   0   0   0   255 255 0   0   
0   0   0   0   0   0   255 255 0   0   0   0   255 255 255 255 0   0   0   0   0   0   0   0   255 255 255 255 255 255 0   0   
0   0   255 255 255 255 255 255 255 255 255 255 255 255 255 255 255 255 254 255 0   0   255 255 255 255 255 255 255 255 255 255 
1   0   14  0   0   0   254 255 0   0   2   0   255 255 255 255 0   0   3   0   0   0   254 255 255 255 0   0   0   0   255 255 
0   0   0   0   0   0   255 255 1   0   0   0   0   0   0   0   1   0   0   0   0   0   255 255 0   0   0   0   255 255 0   0   
0   0   0   0   0   0   255 255 0   0   0   0   255 255 255 255 0   0   255 255 255 255 0   0   255 255 255 255 255 255 0   0   
0   0   255 255 255 255 255 255 255 255 255 255 255 255 255 255 255 255 254 255 0   0   255 255 255 255 255 255 255 255 255 255 
1   0   13  0   255 255 253 255 255 255 2   0   255 255 255 255 0   0   3   0   0   0   254 255 255 255 0   0   0   0   255 255 
0   0   0   0   0   0   255 255 1   0   0   0   0   0   0   0   1   0   0   0   0   0   255 255 0   0   0   0   255 255 0   0   
0   0   0   0   0   0   255 255 0   0   0   0   255 255 255 255 0   0   255 255 255 255 0   0   255 255 255 255 255 255 0   0   
0   0   255 255 255 255 255 255 255 255 255 255 255 255 255 255 255 255 254 255 0   0   255 255 255 255 255 255 255 255 255 255 
1   0   13  0   0   0   253 255 255 255 2   0   255 255 255 255 0   0   3   0   0   0   254 255 255 255 0   0   0   0   255 255 
0   0   0   0   0   0   255 255 0   0   0   0   255 255 0   0   0   0   0   0   255 255 254 255 0   0   0   0   0   0   0   0   
0   0   0   0   0   0   255 255 0   0   0   0   255 255 255 255 0   0   255 255 255 255 0   0   255 255 255 255 255 255 0   0   
0   0   0   0   255 255 255 255 255 255 255 255 255 255 255 255 255 255 254 255 0   0   254 255 255 255 255 255 255 255 255 255 
1   0   13  0   0   0   253 255 255 255 2   0   255 255 255 255 0   0   3   0   0   0   254 255 255 255 0   0   0   0   255 255 
0   0   0   0   0   0   255 255 0   0   0   0   255 255 0   0   0   0   0   0   0   0   255 255 0   0   0   0   0   0   0   0   
0   0   0   0   0   0   255 255 0   0   0   0   255 255 255 255 0   0   255 255 255 255 0   0   255 255 255 255 255 255 0   0   
0   0   0   0   255 255 255 255 255 255 255 255 255 255 255 255 255 255 255 255 0   0   255 255 255 255 255 255 255 255 255 255 
1   0   13  0   0   0   253 255 255 255 2   0   255 255 255 255 0   0   3   0   0   0   254 255 255 255 0   0   0   0   255 255 
0   0   0   0   0   0   255 255 0   0   0   0   255 255 0   0   0   0   0   0   0   0   255 255 0   0   0   0   0   0   0   0   
0   0   0   0   0   0   255 255 0   0   0   0   255 255 255 255 0   0   255 255 255 255 0   0   255 255 255 255 255 255 0   0   
0   0   255 255 255 255 255 255 255 255 255 255 255 255 255 255 255 255 254 255 0   0   255 255 255 255 255 255 255 255 255 255 
1   0   13  0   0   0   253 255 255 255 2   0   255 255 255 255 0   0   3   0   0   0   254 255 255 255 1   0   0   0   255 255 
0   0   0   0   0   0   255 255 0   0   0   0   255 255 0   0   0   0   0   0   0   0   255 255 0   0   0   0   0   0   0   0   
0   0   0   0   0   0   255 255 0   0   0   0   255 255 255 255 0   0   255 255 255 255 0   0   0   0   255 255 255 255 0   0   
0   0   255 255 255 255 255 255 255 255 255 255 255 255 255 255 255 255 254 255 0   0   255 255 255 255 255 255 255 255 255 255 
1   0   13  0   0   0   253 255 255 255 2   0   255 255 255 255 0   0   3   0   0   0   254 255 255 255 1   0   0   0   255 255 
0   0   0   0   0   0   255 255 0   0   0   0   255 255 0   0   0   0   0   0   0   0   255 255 0   0   0   0   0   0   0   0   
0   0   0   0   0   0   255 255 0   0   0   0   255 255 0   0   0   0   255 255 255 255 0   0   0   0   255 255 255 255 0   0   
0   0   255 255 255 255 255 255 255 255 0   0   255 255 255 255 255 255 254 255 0   0   255 255 255 255 255 255 255 255 255 255 
1   0   13  0   0   0   253 255 255 255 2   0   255 255 255 255 0   0   3   0   0   0   254 255 255 255 1   0   0   0   255 255 
0   0   0   0   0   0   255 255 0   0   0   0   255 255 0   0   0   0   0   0   0   0   255 255 0   0   0   0   0   0   0   0   
0   0   0   0   0   0   255 255 0   0   0   0   255 255 0   0   0   0   255 255 255 255 0   0   0   0   255 255 255 255 0   0   
0   0   255 255 255 255 255 255 255 255 255 255 255 255 255 255 255 255 254 255 0   0   255 255 255 255 255 255 255 255 255 255 
1   0   14  0   0   0   254 255 255 255 2   0   255 255 255 255 0   0   3   0   0   0   254 255 255 255 1   0   0   0   255 255 
0   0   0   0   0   0   255 255 0   0   0   0   255 255 0   0   0   0   0   0   0   0   255 255 0   0   0   0   0   0   0   0   
0   0   0   0   0   0   255 255 0   0   0   0   255 255 0   0   0   0   255 255 255 255 0   0   255 255 255 255 255 255 255 255 
0   0   255 255 255 255 255 255 255 255 255 255 255 255 255 255 255 255 254 255 0   0   255 255 255 255 255 255 255 255 255 255 
1   0   14  0   0   0   253 255 255 255 2   0   255 255 255 255 0   0   3   0   0   0   254 255 255 255 1   0   0   0   255 255 
0   0   0   0   0   0   255 255 0   0   0   0   255 255 0   0   0   0   0   0   0   0   255 255 0   0   0   0   0   0   0   0   
0   0   0   0   0   0   255 255 0   0   0   0   255 255 0   0   0   0   255 255 255 255 0   0   255 255 255 255 255 255 0   0   
0   0   255 255 255 255 255 255 255 255 255 255 255 255 255 255 255 255 254 255 0   0   255 255 255 255 255 255 255 255 255 255 
1   0   14  0   0   0   253 255 255 255 2   0   255 255 255 255 0   0   3   0   0   0   254 255 255 255 1   0   0   0   255 255 
0   0   0   0   0   0   255 255 0   0   0   0   255 255 0   0   0   0   0   0   0   0   255 255 0   0   0   0   0   0   0   0   
0   0   0   0   0   0   255 255 0   0   0   0   255 255 0   0   0   0   255 255 255 255 0   0   0   0   255 255 255 255 0   0   
0   0   255 255 255 255 255 255 255 255 255 255 255 255 255 255 255 255 254 255 0   0   255 255 255 255 255 255 255 255 255 255 
1   0   13  0   0   0   254 255 255 255 2   0   255 255 255 255 0   0   3   0   0   0   254 255 255 255 1   0   0   0   255 255 
0   0   0   0   255 255 255 255 0   0   0   0   255 255 0   0   0   0   0   0   0   0   255 255 0   0   0   0   0   0   0   0   
0   0   0   0   0   0   255 255 0   0   0   0   255 255 0   0   0   0   255 255 255 255 0   0   0   0   255 255 255 255 0   0   
0   0   255 255 255 255 255 255 255 255 255 255 255 255 255 255 255 255 254 255 0   0   255 255 255 255 255 255 255 255 255 255 
1   0   13  0   0   0   254 255 255 255 2   0   255 255 255 255 0   0   3   0   0   0   254 255 255 255 0   0   0   0   255 255 
0   0   0   0   255 255 255 255 0   0   0   0   255 255 0   0   0   0   0   0   0   0   0   0   0   0   0   0   0   0   0   0   
0   0   0   0   0   0   255 255 0   0   0   0   255 255 255 255 0   0   255 255 255 255 0   0   0   0   255 255 255 255 0   0   
0   0   255 255 255 255 255 255 255 255 255 255 255 255 255 255 255 255 254 255 0   0   255 255 255 255 255 255 255 255 255 255 
1   0   13  0   0   0   254 255 255 255 2   0   255 255 255 255 0   0   3   0   0   0   254 255 255 255 0   0   0   0   255 255 
0   0   1   0   255 255 255 255 0   0   0   0   255 255 0   0   1   0   0   0   0   0   0   0   0   0   0   0   0   0   0   0   
0   0   0   0   0   0   255 255 0   0   0   0   255 255 0   0   0   0   255 255 255 255 0   0   255 255 255 255 255 255 0   0   
0   0   255 255 255 255 255 255 0   0   255 255 255 255 255 255 0   0   255 255 0   0   255 255 255 255 255 255 255 255 255 255 
1   0   13  0   0   0   254 255 255 255 2   0   255 255 255 255 0   0   3   0   0   0   254 255 255 255 0   0   0   0   255 255 
0   0   1   0   255 255 255 255 0   0   0   0   255 255 0   0   1   0   0   0   0   0   0   0   0   0   0   0   0   0   0   0   
0   0   0   0   0   0   255 255 0   0   0   0   255 255 0   0   0   0   255 255 255 255 0   0   255 255 255 255 255 255 0   0   
0   0   255 255 255 255 255 255 0   0   255 255 0   0   255 255 255 255 255 255 0   0   255 255 255 255 255 255 255 255 255 255 
1   0   13  0   0   0   254 255 255 255 2   0   255 255 255 255 0   0   3   0   0   0   254 255 255 255 0   0   0   0   255 255 
0   0   1   0   255 255 255 255 0   0   0   0   255 255 0   0   1   0   0   0   0   0   0   0   0   0   0   0   0   0   0   0   
0   0   0   0   0   0   255 255 0   0   0   0   255 255 0   0   0   0   255 255 255 255 0   0   255 255 255 255 255 255 0   0   
0   0   255 255 255 255 255 255 0   0   255 255 0   0   255 255 255 255 255 255 0   0   255 255 255 255 255 255 255 255 255 255 
1   0   13  0   0   0   254 255 255 255 2   0   255 255 255 255 0   0   3   0   0   0   254 255 255 255 0   0   0   0   255 255 
0   0   1   0   255 255 255 255 0   0   0   0   255 255 0   0   1   0   0   0   0   0   255 255 0   0   0   0   0   0   0   0   
0   0   0   0   0   0   254 255 0   0   0   0   0   0   0   0   0   0   255 255 255 255 0   0   255 255 255 255 255 255 0   0   
0   0   255 255 255 255 255 255 0   0   255 255 0   0   255 255 255 255 255 255 0   0   255 255 255 255 255 255 255 255 255 255 
1   0   13  0   0   0   254 255 255 255 2   0   255 255 255 255 0   0   3   0   0   0   254 255 255 255 1   0   0   0   255 255 
0   0   1   0   255 255 255 255 0   0   0   0   255 255 0   0   1   0   0   0   0   0   255 255 0   0   0   0   0   0   255 255 
0   0   0   0   0   0   255 255 0   0   0   0   0   0   0   0   0   0   255 255 255 255 0   0   255 255 255 255 255 255 0   0   
0   0   255 255 255 255 255 255 0   0   255 255 0   0   255 255 255 255 255 255 0   0   255 255 255 255 255 255 255 255 255 255 
1   0   13  0   0   0   254 255 255 255 2   0   255 255 255 255 0   0   3   0   0   0   254 255 255 255 0   0   0   0   255 255 
0   0   1   0   255 255 255 255 0   0   0   0   255 255 0   0   1   0   0   0   0   0   255 255 0   0   0   0   0   0   255 255 
0   0   0   0   0   0   255 255 0   0   0   0   0   0   0   0   0   0   0   0   255 255 0   0   255 255 255 255 255 255 0   0   
0   0   255 255 255 255 255 255 0   0   255 255 0   0   255 255 255 255 255 255 0   0   255 255 255 255 254 255 255 255 255 255 
1   0   13  0   0   0   254 255 255 255 2   0   255 255 255 255 0   0   3   0   0   0   254 255 255 255 0   0   0   0   255 255 
0   0   1   0   255 255 255 255 0   0   0   0   255 255 0   0   1   0   0   0   0   0   255 255 0   0   0   0   0   0   255 255 
0   0   0   0   0   0   255 255 0   0   0   0   0   0   0   0   0   0   0   0   255 255 0   0   255 255 255 255 255 255 0   0   
0   0   255 255 255 255 255 255 0   0   255 255 0   0   255 255 255 255 254 255 0   0   255 255 255 255 254 255 255 255 255 255 
1   0   13  0   0   0   253 255 255 255 2   0   255 255 254 255 0   0   3   0   0   0   254 255 255 255 0   0   0   0   255 255 
0   0   1   0   255 255 255 255 0   0   0   0   255 255 0   0   1   0   0   0   0   0   0   0   0   0   0   0   0   0   255 255 
0   0   0   0   0   0   255 255 0   0   0   0   0   0   0   0   0   0   0   0   255 255 0   0   0   0   255 255 255 255 0   0   
0   0   255 255 255 255 255 255 255 255 255 255 255 255 255 255 255 255 254 255 0   0   255 255 255 255 254 255 255 255 255 255 
1   0   13  0   0   0   254 255 255 255 2   0   255 255 254 255 0   0   3   0   0   0   254 255 255 255 0   0   0   0   255 255 
0   0   1   0   255 255 255 255 0   0   0   0   0   0   0   0   1   0   0   0   0   0   0   0   0   0   0   0   0   0   255 255 
0   0   0   0   0   0   255 255 0   0   0   0   0   0   0   0   0   0   0   0   255 255 0   0   0   0   255 255 255 255 0   0   
0   0   255 255 255 255 255 255 255 255 255 255 255 255 255 255 255 255 254 255 0   0   255 255 0   0   255 255 255 255 255 255 
1   0   13  0   0   0   253 255 255 255 2   0   255 255 255 255 0   0   3   0   0   0   254 255 0   0   0   0   0   0   255 255 
0   0   1   0   255 255 255 255 0   0   0   0   0   0   0   0   1   0   0   0   0   0   0   0   0   0   0   0   0   0   0   0   
0   0   0   0   0   0   255 255 0   0   0   0   255 255 0   0   0   0   0   0   255 255 0   0   0   0   255 255 255 255 0   0   
0   0   255 255 255 255 255 255 0   0   255 255 255 255 255 255 255 255 254 255 0   0   255 255 0   0   255 255 255 255 255 255 
1   0   13  0   0   0   253 255 255 255 2   0   255 255 255 255 0   0   3   0   0   0   254 255 0   0   0   0   0   0   255 255 
0   0   1   0   255 255 255 255 0   0   0   0   0   0   0   0   1   0   0   0   0   0   0   0   0   0   0   0   0   0   0   0   
0   0   0   0   0   0   255 255 0   0   0   0   255 255 0   0   0   0   0   0   255 255 0   0   0   0   255 255 255 255 0   0   
0   0   255 255 255 255 255 255 0   0   255 255 255 255 255 255 255 255 254 255 0   0   255 255 0   0   255 255 255 255 255 255 
1   0   13  0   0   0   253 255 255 255 2   0   255 255 255 255 0   0   3   0   0   0   254 255 0   0   0   0   0   0   255 255 
0   0   1   0   255 255 255 255 0   0   0   0   0   0   0   0   1   0   0   0   0   0   0   0   0   0   0   0   0   0   0   0   
0   0   0   0   0   0   255 255 0   0   0   0   255 255 0   0   0   0   0   0   255 255 0   0   0   0   255 255 255 255 0   0   
0   0   255 255 255 255 255 255 0   0   255 255 255 255 255 255 255 255 254 255 0   0   255 255 0   0   255 255 255 255 255 255 
1   0   13  0   0   0   253 255 255 255 2   0   255 255 255 255 0   0   3   0   0   0   254 255 0   0   0   0   0   0   255 255 
0   0   1   0   255 255 255 255 0   0   0   0   0   0   0   0   1   0   0   0   0   0   255 255 0   0   0   0   0   0   0   0   
0   0   0   0   0   0   255 255 0   0   0   0   255 255 0   0   0   0   0   0   255 255 0   0   0   0   255 255 255 255 0   0   
0   0   255 255 255 255 255 255 255 255 255 255 255 255 255 255 255 255 254 255 0   0   255 255 0   0   255 255 255 255 255 255 
1   0   13  0   0   0   253 255 255 255 2   0   255 255 255 255 0   0   3   0   0   0   254 255 0   0   0   0   0   0   255 255 
0   0   1   0   255 255 255 255 0   0   0   0   0   0   0   0   1   0   0   0   0   0   255 255 0   0   0   0   0   0   0   0   
0   0   0   0   0   0   255 255 0   0   0   0   255 255 0   0   0   0   0   0   255 255 0   0   0   0   255 255 255 255 0   0   
0   0   255 255 255 255 255 255 0   0   255 255 255 255 255 255 255 255 254 255 0   0   255 255 0   0   255 255 255 255 255 255 
1   0   13  0   0   0   253 255 255 255 2   0   255 255 255 255 0   0   3   0   0   0   254 255 0   0   1   0   0   0   255 255 
0   0   1   0   255 255 255 255 0   0   0   0   0   0   0   0   1   0   0   0   0   0   255 255 0   0   0   0   0   0   0   0   
0   0   0   0   0   0   255 255 0   0   0   0   255 255 0   0   0   0   0   0   255 255 0   0   0   0   0   0   255 255 0   0   
0   0   255 255 255 255 255 255 0   0   255 255 255 255 255 255 255 255 254 255 0   0   255 255 255 255 255 255 255 255 255 255 
1   0   13  0   0   0   253 255 255 255 2   0   255 255 255 255 0   0   3   0   0   0   254 255 0   0   1   0   0   0   255 255 
0   0   1   0   255 255 255 255 0   0   0   0   255 255 0   0   1   0   0   0   0   0   255 255 0   0   0   0   0   0   0   0   
0   0   0   0   0   0   255 255 0   0   0   0   255 255 0   0   0   0   0   0   255 255 0   0   0   0   0   0   255 255 0   0   
0   0   255 255 255 255 255 255 0   0   255 255 255 255 255 255 255 255 254 255 0   0   255 255 255 255 255 255 255 255 255 255 
1   0   13  0   0   0   253 255 255 255 2   0   255 255 255 255 0   0   3   0   0   0   254 255 0   0   1   0   0   0   255 255 
0   0   1   0   255 255 255 255 0   0   0   0   255 255 0   0   1   0   0   0   0   0   255 255 0   0   0   0   0   0   0   0   
0   0   0   0   0   0   255 255 0   0   0   0   0   0   0   0   0   0   0   0   255 255 0   0   0   0   0   0   255 255 0   0   
0   0   255 255 255 255 255 255 0   0   255 255 255 255 255 255 255 255 254 255 0   0   255 255 255 255 255 255 255 255 255 255 
1   0   13  0   0   0   253 255 255 255 2   0   255 255 255 255 0   0   3   0   0   0   254 255 0   0   1   0   0   0   255 255 
0   0   1   0   255 255 255 255 0   0   0   0   255 255 0   0   1   0   0   0   0   0   255 255 0   0   0   0   0   0   0   0   
0   0   0   0   0   0   255 255 0   0   0   0   0   0   0   0   0   0   0   0   255 255 0   0   0   0   0   0   255 255 0   0   
0   0   255 255 255 255 255 255 0   0   255 255 255 255 255 255 255 255 254 255 0   0   255 255 255 255 255 255 255 255 255 255 
2   0   14  0   0   0   254 255 0   0   2   0   255 255 255 255 0   0   3   0   0   0   254 255 0   0   1   0   0   0   255 255 
0   0   1   0   255 255 255 255 0   0   0   0   255 255 0   0   1   0   0   0   0   0   255 255 0   0   0   0   0   0   0   0   
0   0   0   0   0   0   255 255 0   0   0   0   0   0   0   0   0   0   0   0   255 255 0   0   0   0   0   0   255 255 0   0   
0   0   255 255 255 255 255 255 0   0   255 255 255 255 255 255 255 255 254 255 0   0   255 255 255 255 255 255 255 255 255 255 
2   0   14  0   0   0   254 255 0   0   2   0   255 255 255 255 0   0   3   0   0   0   255 255 0   0   1   0   0   0   255 255 
0   0   1   0   255 255 255 255 0   0   0   0   255 255 0   0   1   0   0   0   0   0   255 255 0   0   0   0   0   0   0   0   
0   0   0   0   0   0   255 255 0   0   0   0   0   0   0   0   0   0   0   0   255 255 0   0   0   0   0   0   255 255 0   0   
0   0   255 255 255 255 255 255 0   0   255 255 255 255 255 255 255 255 254 255 0   0   255 255 255 255 255 255 255 255 255 255 
2   0   14  0   0   0   254 255 0   0   2   0   255 255 255 255 0   0   3   0   0   0   255 255 0   0   1   0   0   0   255 255 
0   0   1   0   255 255 255 255 0   0   0   0   255 255 0   0   1   0   0   0   0   0   255 255 0   0   0   0   0   0   0   0   
0   0   0   0   0   0   255 255 0   0   0   0   255 255 255 255 0   0   0   0   255 255 0   0   0   0   0   0   255 255 0   0   
0   0   255 255 255 255 255 255 0   0   255 255 255 255 255 255 255 255 254 255 0   0   255 255 255 255 255 255 255 255 255 255 
1   0   14  0   0   0   254 255 0   0   2   0   255 255 255 255 0   0   3   0   0   0   255 255 0   0   1   0   0   0   255 255 
0   0   1   0   255 255 255 255 0   0   0   0   255 255 0   0   1   0   0   0   0   0   255 255 0   0   0   0   0   0   0   0   
0   0   0   0   0   0   255 255 0   0   0   0   255 255 255 255 0   0   0   0   255 255 0   0   0   0   255 255 255 255 0   0   
0   0   255 255 255 255 255 255 0   0   0   0   0   0   255 255 255 255 254 255 0   0   255 255 0   0   255 255 255 255 255 255 
1   0   14  0   0   0   253 255 0   0   2   0   255 255 255 255 0   0   3   0   0   0   255 255 0   0   1   0   0   0   255 255 
0   0   0   0   255 255 255 255 0   0   0   0   255 255 0   0   1   0   0   0   0   0   255 255 0   0   0   0   0   0   0   0   
0   0   0   0   0   0   255 255 0   0   0   0   255 255 0   0   0   0   0   0   255 255 0   0   0   0   255 255 255 255 0   0   
0   0   0   0   255 255 255 255 0   0   0   0   0   0   255 255 255 255 254 255 0   0   255 255 255 255 255 255 255 255 255 255 
1   0   14  0   0   0   253 255 0   0   2   0   255 255 255 255 0   0   3   0   0   0   255 255 0   0   1   0   0   0   255 255 
0   0   0   0   255 255 255 255 0   0   0   0   255 255 0   0   1   0   0   0   0   0   255 255 0   0   0   0   0   0   0   0   
0   0   0   0   0   0   255 255 0   0   0   0   255 255 0   0   0   0   255 255 255 255 0   0   0   0   255 255 255 255 0   0   
0   0   255 255 255 255 255 255 255 255 255 255 255 255 255 255 255 255 254 255 0   0   255 255 255 255 255 255 255 255 255 255 
1   0   14  0   0   0   253 255 0   0   2   0   255 255 255 255 0   0   3   0   0   0   255 255 0   0   1   0   0   0   255 255 
0   0   0   0   255 255 255 255 0   0   0   0   255 255 0   0   1   0   0   0   0   0   255 255 0   0   0   0   0   0   0   0   
0   0   0   0   0   0   255 255 0   0   0   0   255 255 0   0   0   0   255 255 255 255 0   0   0   0   255 255 255 255 0   0   
0   0   255 255 255 255 255 255 255 255 255 255 255 255 255 255 255 255 255 255 0   0   255 255 255 255 255 255 255 255 255 255 
1   0   14  0   0   0   254 255 0   0   2   0   255 255 255 255 0   0   3   0   0   0   255 255 0   0   1   0   0   0   255 255 
0   0   0   0   255 255 255 255 0   0   0   0   255 255 0   0   1   0   0   0   0   0   255 255 0   0   0   0   0   0   0   0   
0   0   0   0   0   0   255 255 0   0   0   0   255 255 0   0   0   0   255 255 255 255 0   0   255 255 255 255 255 255 0   0   
0   0   255 255 255 255 255 255 255 255 255 255 255 255 255 255 255 255 255 255 0   0   255 255 255 255 255 255 255 255 255 255 
1   0   13  0   0   0   253 255 0   0   2   0   255 255 255 255 0   0   3   0   0   0   255 255 0   0   1   0   0   0   255 255 
0   0   0   0   255 255 255 255 0   0   0   0   255 255 0   0   1   0   0   0   0   0   255 255 0   0   0   0   0   0   0   0   
0   0   0   0   0   0   255 255 0   0   0   0   255 255 0   0   0   0   255 255 255 255 0   0   255 255 255 255 255 255 0   0   
0   0   255 255 255 255 255 255 255 255 255 255 255 255 255 255 255 255 255 255 0   0   255 255 255 255 255 255 255 255 255 255 
1   0   13  0   0   0   253 255 255 255 2   0   255 255 255 255 0   0   3   0   0   0   255 255 0   0   1   0   0   0   255 255 
0   0   0   0   255 255 255 255 0   0   0   0   255 255 0   0   1   0   0   0   0   0   255 255 0   0   0   0   0   0   0   0   
0   0   0   0   0   0   255 255 0   0   0   0   0   0   0   0   0   0   255 255 255 255 0   0   0   0   255 255 255 255 0   0   
0   0   255 255 255 255 254 255 0   0   255 255 255 255 255 255 255 255 254 255 0   0   254 255 255 255 255 255 255 255 255 255 
1   0   13  0   0   0   253 255 255 255 2   0   255 255 255 255 0   0   3   0   0   0   255 255 0   0   1   0   0   0   255 255 
0   0   0   0   255 255 255 255 0   0   0   0   255 255 255 255 1   0   0   0   0   0   255 255 0   0   0   0   0   0   0   0   
0   0   0   0   0   0   255 255 0   0   0   0   0   0   0   0   0   0   255 255 255 255 0   0   0   0   255 255 255 255 0   0   
0   0   255 255 255 255 254 255 0   0   255 255 255 255 255 255 255 255 254 255 0   0   254 255 255 255 255 255 255 255 255 255 
1   0   13  0   0   0   253 255 0   0   2   0   255 255 255 255 0   0   3   0   0   0   255 255 0   0   1   0   0   0   255 255 
0   0   0   0   255 255 255 255 0   0   0   0   255 255 255 255 1   0   0   0   0   0   255 255 0   0   0   0   0   0   0   0   
0   0   0   0   0   0   255 255 0   0   0   0   0   0   0   0   0   0   255 255 255 255 0   0   0   0   255 255 255 255 0   0   
0   0   255 255 255 255 254 255 0   0   255 255 255 255 255 255 255 255 254 255 0   0   254 255 255 255 255 255 255 255 255 255 
1   0   13  0   0   0   253 255 0   0   2   0   255 255 255 255 0   0   3   0   0   0   255 255 0   0   1   0   0   0   255 255 
0   0   0   0   255 255 255 255 0   0   0   0   255 255 0   0   1   0   0   0   0   0   255 255 0   0   0   0   0   0   0   0   
0   0   0   0   0   0   255 255 0   0   0   0   0   0   0   0   0   0   255 255 255 255 0   0   0   0   255 255 255 255 0   0   
0   0   255 255 255 255 254 255 0   0   255 255 0   0   255 255 255 255 254 255 0   0   255 255 255 255 255 255 255 255 255 255 
1   0   14  0   0   0   253 255 0   0   2   0   255 255 255 255 0   0   3   0   0   0   255 255 0   0   0   0   0   0   255 255 
0   0   0   0   255 255 255 255 0   0   0   0   255 255 0   0   1   0   0   0   0   0   255 255 0   0   0   0   0   0   0   0   
0   0   0   0   0   0   255 255 0   0   0   0   0   0   0   0   0   0   255 255 255 255 0   0   0   0   255 255 255 255 0   0   
0   0   255 255 255 255 254 255 0   0   255 255 0   0   255 255 255 255 254 255 0   0   255 255 255 255 254 255 255 255 255 255 
1   0   14  0   0   0   254 255 0   0   2   0   255 255 255 255 0   0   3   0   0   0   254 255 0   0   0   0   0   0   255 255 
0   0   0   0   255 255 255 255 0   0   0   0   255 255 0   0   1   0   0   0   0   0   255 255 0   0   0   0   0   0   0   0   
0   0   0   0   0   0   255 255 0   0   0   0   0   0   0   0   0   0   255 255 255 255 0   0   0   0   255 255 255 255 0   0   
0   0   255 255 255 255 254 255 0   0   255 255 0   0   255 255 255 255 254 255 0   0   255 255 255 255 254 255 255 255 255 255 
1   0   14  0   0   0   254 255 0   0   2   0   255 255 255 255 0   0   3   0   0   0   254 255 0   0   0   0   0   0   255 255 
0   0   0   0   255 255 255 255 1   0   0   0   255 255 0   0   1   0   0   0   0   0   255 255 0   0   0   0   0   0   0   0   
0   0   0   0   0   0   255 255 0   0   0   0   0   0   255 255 0   0   255 255 255 255 0   0   255 255 255 255 255 255 0   0   
0   0   255 255 255 255 254 255 255 255 255 255 0   0   255 255 255 255 254 255 0   0   255 255 255 255 254 255 255 255 255 255 
1   0   14  0   0   0   254 255 0   0   2   0   255 255 255 255 0   0   3   0   0   0   254 255 0   0   1   0   0   0   255 255 
0   0   0   0   255 255 255 255 1   0   0   0   255 255 0   0   0   0   0   0   0   0   255 255 0   0   0   0   0   0   0   0   
0   0   0   0   0   0   255 255 0   0   0   0   0   0   0   0   0   0   255 255 255 255 0   0   255 255 255 255 255 255 0   0   
0   0   255 255 255 255 254 255 0   0   255 255 0   0   255 255 255 255 254 255 0   0   255 255 255 255 255 255 255 255 255 255 
1   0   14  0   0   0   254 255 0   0   2   0   255 255 255 255 0   0   3   0   0   0   254 255 0   0   1   0   0   0   255 255 
0   0   0   0   255 255 255 255 1   0   0   0   255 255 0   0   0   0   0   0   0   0   255 255 0   0   0   0   0   0   0   0   
0   0   1   0   1   0   0   0   0   0   0   0   0   0   0   0   0   0   0   0   255 255 0   0   255 255 255 255 255 255 0   0   
0   0   255 255 255 255 254 255 0   0   255 255 0   0   255 255 255 255 254 255 0   0   255 255 255 255 255 255 255 255 255 255 
1   0   14  0   0   0   253 255 0   0   2   0   255 255 255 255 0   0   3   0   0   0   254 255 0   0   1   0   0   0   255 255 
0   0   0   0   255 255 255 255 0   0   0   0   255 255 0   0   0   0   0   0   0   0   0   0   0   0   0   0   0   0   0   0   
0   0   1   0   0   0   255 255 0   0   0   0   0   0   0   0   0   0   0   0   255 255 0   0   0   0   255 255 255 255 0   0   
0   0   255 255 255 255 254 255 0   0   255 255 0   0   255 255 255 255 254 255 0   0   255 255 255 255 254 255 255 255 255 255 
1   0   14  0   0   0   254 255 0   0   2   0   255 255 255 255 0   0   3   0   0   0   254 255 0   0   1   0   0   0   255 255 
0   0   0   0   255 255 255 255 0   0   0   0   255 255 0   0   0   0   0   0   0   0   0   0   0   0   0   0   255 255 255 255 
0   0   1   0   0   0   255 255 0   0   0   0   0   0   0   0   0   0   0   0   255 255 0   0   0   0   255 255 255 255 0   0   
0   0   255 255 255 255 254 255 0   0   255 255 0   0   255 255 255 255 254 255 0   0   255 255 255 255 254 255 255 255 255 255 
1   0   14  0   0   0   254 255 0   0   2   0   255 255 255 255 0   0   3   0   0   0   254 255 0   0   1   0   0   0   255 255 
0   0   0   0   255 255 255 255 0   0   0   0   255 255 0   0   0   0   0   0   0   0   255 255 0   0   0   0   255 255 0   0   
0   0   0   0   0   0   255 255 0   0   0   0   0   0   0   0   0   0   0   0   255 255 0   0   0   0   255 255 255 255 0   0   
0   0   255 255 255 255 254 255 0   0   0   0   0   0   255 255 255 255 254 255 0   0   255 255 255 255 255 255 255 255 255 255 
1   0   14  0   0   0   254 255 0   0   2   0   255 255 255 255 0   0   3   0   0   0   254 255 0   0   1   0   0   0   255 255 
0   0   0   0   255 255 255 255 0   0   0   0   255 255 0   0   0   0   0   0   0   0   255 255 0   0   0   0   255 255 0   0   
0   0   0   0   0   0   255 255 0   0   0   0   0   0   0   0   0   0   0   0   255 255 0   0   0   0   255 255 255 255 0   0   
0   0   255 255 255 255 255 255 0   0   0   0   0   0   255 255 255 255 254 255 0   0   255 255 255 255 255 255 255 255 255 255 
1   0   14  0   0   0   254 255 0   0   2   0   255 255 255 255 0   0   3   0   0   0   254 255 0   0   1   0   0   0   255 255 
0   0   0   0   255 255 255 255 0   0   0   0   255 255 0   0   0   0   0   0   0   0   255 255 0   0   0   0   255 255 0   0   
0   0   0   0   0   0   255 255 0   0   0   0   0   0   0   0   0   0   0   0   255 255 0   0   255 255 255 255 255 255 0   0   
0   0   255 255 255 255 255 255 0   0   0   0   0   0   255 255 255 255 254 255 0   0   255 255 0   0   255 255 255 255 255 255 
1   0   14  0   0   0   254 255 0   0   2   0   255 255 255 255 0   0   3   0   0   0   255 255 0   0   1   0   0   0   255 255 
0   0   0   0   255 255 255 255 0   0   0   0   255 255 0   0   0   0   0   0   0   0   255 255 0   0   0   0   255 255 0   0   
0   0   0   0   0   0   255 255 0   0   0   0   0   0   0   0   0   0   0   0   255 255 0   0   255 255 255 255 255 255 255 255 
0   0   255 255 255 255 255 255 0   0   255 255 0   0   255 255 255 255 254 255 0   0   255 255 255 255 254 255 255 255 255 255 
1   0   14  0   0   0   254 255 0   0   2   0   255 255 255 255 0   0   3   0   0   0   255 255 0   0   1   0   0   0   255 255 
0   0   0   0   255 255 255 255 0   0   0   0   255 255 0   0   0   0   0   0   0   0   255 255 0   0   0   0   0   0   0   0   
0   0   0   0   0   0   255 255 0   0   0   0   0   0   0   0   0   0   0   0   255 255 0   0   255 255 255 255 255 255 0   0   
0   0   255 255 255 255 255 255 255 255 255 255 255 255 255 255 255 255 254 255 0   0   255 255 255 255 255 255 255 255 255 255 
1   0   14  0   0   0   253 255 0   0   2   0   255 255 255 255 0   0   3   0   0   0   254 255 0   0   1   0   0   0   255 255 
0   0   0   0   255 255 255 255 0   0   0   0   255 255 0   0   0   0   0   0   0   0   255 255 0   0   0   0   0   0   0   0   
0   0   0   0   0   0   255 255 0   0   0   0   255 255 0   0   0   0   0   0   255 255 0   0   0   0   255 255 255 255 0   0   
0   0   255 255 255 255 255 255 0   0   255 255 255 255 255 255 255 255 254 255 0   0   255 255 255 255 255 255 255 255 255 255 
1   0   14  0   0   0   253 255 0   0   2   0   255 255 255 255 0   0   3   0   0   0   254 255 0   0   1   0   0   0   255 255 
0   0   0   0   255 255 255 255 0   0   0   0   255 255 0   0   0   0   0   0   0   0   255 255 0   0   0   0   0   0   0   0   
0   0   0   0   0   0   255 255 0   0   0   0   255 255 0   0   0   0   0   0   255 255 0   0   255 255 255 255 255 255 0   0   
0   0   255 255 255 255 255 255 0   0   255 255 255 255 255 255 255 255 254 255 0   0   255 255 0   0   255 255 255 255 255 255 
1   0   14  0   0   0   254 255 0   0   2   0   255 255 255 255 0   0   3   0   0   0   254 255 0   0   1   0   0   0   255 255 
0   0   0   0   255 255 255 255 0   0   0   0   0   0   0   0   0   0   0   0   0   0   255 255 0   0   0   0   0   0   0   0   
0   0   0   0   0   0   255 255 0   0   0   0   255 255 0   0   0   0   255 255 255 255 0   0   255 255 255 255 255 255 0   0   
0   0   255 255 255 255 255 255 0   0   0   0   255 255 255 255 255 255 254 255 0   0   255 255 0   0   255 255 255 255 255 255 
1   0   14  0   0   0   254 255 0   0   2   0   255 255 255 255 0   0   3   0   0   0   254 255 0   0   1   0   0   0   255 255 
0   0   0   0   255 255 255 255 0   0   0   0   0   0   0   0   0   0   0   0   0   0   255 255 0   0   0   0   0   0   0   0   
0   0   0   0   0   0   255 255 0   0   0   0   255 255 0   0   0   0   255 255 255 255 0   0   255 255 255 255 255 255 0   0   
0   0   255 255 255 255 255 255 0   0   0   0   0   0   255 255 255 255 254 255 0   0   255 255 0   0   255 255 255 255 255 255 
1   0   14  0   0   0   254 255 0   0   2   0   255 255 255 255 0   0   3   0   0   0   254 255 0   0   1   0   0   0   255 255 
0   0   0   0   255 255 255 255 0   0   0   0   0   0   0   0   0   0   0   0   0   0   255 255 0   0   0   0   0   0   0   0   
0   0   0   0   0   0   255 255 0   0   0   0   255 255 0   0   0   0   255 255 255 255 0   0   255 255 255 255 255 255 0   0   
0   0   255 255 255 255 255 255 0   0   255 255 0   0   255 255 255 255 254 255 0   0   255 255 0   0   255 255 255 255 255 255 
1   0   14  0   0   0   254 255 0   0   2   0   255 255 255 255 0   0   3   0   0   0   254 255 255 255 1   0   0   0   255 255 
0   0   0   0   255 255 255 255 0   0   0   0   0   0   0   0   0   0   0   0   0   0   255 255 0   0   0   0   0   0   0   0   
0   0   0   0   0   0   255 255 0   0   0   0   255 255 0   0   0   0   255 255 255 255 0   0   255 255 255 255 255 255 0   0   
0   0   255 255 255 255 255 255 0   0   255 255 0   0   255 255 255 255 254 255 0   0   255 255 255 255 255 255 255 255 255 255 
1   0   13  0   0   0   254 255 0   0   2   0   255 255 255 255 0   0   3   0   0   0   254 255 255 255 1   0   0   0   255 255 
0   0   0   0   255 255 255 255 0   0   0   0   0   0   0   0   0   0   0   0   0   0   0   0   0   0   0   0   0   0   0   0   
0   0   0   0   0   0   255 255 0   0   0   0   255 255 0   0   0   0   255 255 255 255 0   0   255 255 255 255 255 255 0   0   
0   0   255 255 255 255 255 255 0   0   255 255 0   0   255 255 255 255 254 255 0   0   255 255 255 255 255 255 255 255 255 255 
1   0   13  0   0   0   254 255 255 255 2   0   255 255 255 255 0   0   3   0   0   0   254 255 255 255 1   0   0   0   255 255 
0   0   1   0   0   0   255 255 0   0   0   0   0   0   0   0   0   0   0   0   0   0   255 255 0   0   0   0   0   0   0   0   
0   0   0   0   0   0   255 255 0   0   0   0   255 255 0   0   0   0   255 255 255 255 0   0   255 255 255 255 255 255 0   0   
0   0   255 255 255 255 255 255 0   0   255 255 0   0   255 255 255 255 254 255 0   0   255 255 255 255 255 255 255 255 255 255 
1   0   13  0   0   0   254 255 255 255 2   0   255 255 255 255 0   0   3   0   0   0   254 255 255 255 1   0   0   0   255 255 
0   0   1   0   0   0   255 255 0   0   0   0   0   0   0   0   0   0   0   0   0   0   255 255 0   0   0   0   0   0   0   0   
0   0   0   0   0   0   255 255 0   0   0   0   255 255 0   0   0   0   255 255 255 255 0   0   255 255 255 255 255 255 0   0   
0   0   255 255 255 255 255 255 0   0   255 255 0   0   255 255 255 255 255 255 0   0   255 255 255 255 255 255 255 255 255 255 
1   0   13  0   0   0   254 255 255 255 2   0   255 255 255 255 0   0   3   0   0   0   254 255 255 255 1   0   0   0   255 255 
0   0   1   0   0   0   255 255 0   0   0   0   0   0   0   0   0   0   0   0   0   0   255 255 0   0   0   0   0   0   0   0   
0   0   0   0   0   0   255 255 0   0   0   0   255 255 0   0   0   0   255 255 255 255 0   0   255 255 255 255 255 255 0   0   
0   0   255 255 255 255 254 255 0   0   255 255 0   0   255 255 255 255 255 255 0   0   255 255 255 255 254 255 255 255 255 255 
1   0   13  0   0   0   253 255 255 255 2   0   255 255 255 255 0   0   3   0   0   0   254 255 255 255 1   0   0   0   255 255 
0   0   1   0   0   0   255 255 0   0   0   0   0   0   0   0   0   0   0   0   0   0   255 255 0   0   0   0   0   0   0   0   
0   0   0   0   0   0   255 255 0   0   0   0   255 255 0   0   0   0   255 255 255 255 0   0   255 255 255 255 255 255 0   0   
0   0   255 255 255 255 254 255 0   0   255 255 0   0   255 255 255 255 254 255 0   0   255 255 255 255 254 255 255 255 255 255 
1   0   13  0   0   0   253 255 255 255 2   0   255 255 255 255 0   0   3   0   0   0   255 255 255 255 1   0   0   0   255 255 
0   0   1   0   0   0   255 255 0   0   0   0   0   0   0   0   0   0   0   0   0   0   255 255 0   0   0   0   0   0   0   0   
0   0   0   0   0   0   255 255 0   0   0   0   255 255 0   0   0   0   255 255 255 255 0   0   0   0   0   0   255 255 0   0   
0   0   255 255 255 255 255 255 0   0   255 255 0   0   255 255 255 255 254 255 0   0   255 255 255 255 254 255 255 255 255 255 
1   0   13  0   0   0   253 255 255 255 2   0   255 255 255 255 0   0   3   0   0   0   255 255 255 255 1   0   0   0   255 255 
0   0   1   0   0   0   255 255 0   0   0   0   0   0   0   0   0   0   0   0   0   0   0   0   0   0   0   0   0   0   0   0   
0   0   0   0   0   0   255 255 0   0   0   0   255 255 0   0   0   0   255 255 255 255 0   0   255 255 0   0   255 255 0   0   
0   0   255 255 255 255 255 255 0   0   255 255 0   0   255 255 255 255 254 255 0   0   255 255 255 255 254 255 255 255 255 255 
1   0   13  0   0   0   253 255 0   0   2   0   255 255 255 255 0   0   3   0   0   0   254 255 255 255 1   0   0   0   255 255 
0   0   1   0   255 255 255 255 0   0   0   0   0   0   0   0   0   0   0   0   0   0   0   0   0   0   0   0   0   0   0   0   
0   0   0   0   0   0   255 255 0   0   0   0   255 255 0   0   0   0   255 255 255 255 0   0   0   0   0   0   255 255 0   0   
0   0   255 255 255 255 255 255 0   0   255 255 0   0   255 255 255 255 254 255 0   0   255 255 255 255 254 255 255 255 255 255 
1   0   13  0   0   0   253 255 0   0   2   0   255 255 255 255 0   0   3   0   0   0   254 255 255 255 1   0   0   0   255 255 
0   0   1   0   255 255 255 255 0   0   0   0   0   0   0   0   0   0   0   0   0   0   0   0   0   0   0   0   0   0   0   0   
0   0   0   0   0   0   255 255 0   0   0   0   255 255 0   0   0   0   255 255 255 255 0   0   0   0   0   0   255 255 0   0   
0   0   255 255 255 255 255 255 0   0   255 255 0   0   255 255 255 255 254 255 0   0   255 255 255 255 254 255 255 255 255 255 
1   0   13  0   0   0   254 255 0   0   2   0   255 255 255 255 0   0   3   0   0   0   254 255 0   0   1   0   0   0   255 255 
0   0   1   0   255 255 255 255 0   0   0   0   255 255 0   0   0   0   0   0   0   0   0   0   0   0   0   0   0   0   0   0   
0   0   0   0   0   0   255 255 0   0   0   0   255 255 255 255 0   0   0   0   255 255 0   0   0   0   0   0   255 255 0   0   
0   0   255 255 255 255 255 255 0   0   255 255 0   0   255 255 255 255 254 255 0   0   255 255 255 255 254 255 255 255 255 255 
1   0   13  0   0   0   254 255 0   0   2   0   255 255 255 255 0   0   3   0   0   0   254 255 0   0   1   0   0   0   255 255 
0   0   1   0   255 255 255 255 0   0   0   0   0   0   0   0   1   0   0   0   0   0   0   0   0   0   0   0   0   0   0   0   
0   0   0   0   0   0   255 255 0   0   0   0   255 255 0   0   0   0   255 255 255 255 0   0   0   0   0   0   255 255 0   0   
0   0   255 255 255 255 255 255 0   0   255 255 0   0   255 255 255 255 254 255 0   0   255 255 255 255 254 255 255 255 255 255 
1   0   13  0   0   0   254 255 0   0   2   0   255 255 255 255 0   0   3   0   0   0   254 255 0   0   1   0   0   0   255 255 
0   0   1   0   255 255 255 255 0   0   0   0   0   0   0   0   1   0   0   0   0   0   0   0   0   0   0   0   0   0   0   0   
0   0   0   0   0   0   255 255 0   0   0   0   255 255 0   0   1   0   0   0   0   0   0   0   0   0   0   0   255 255 0   0   
0   0   255 255 255 255 255 255 0   0   255 255 0   0   255 255 255 255 254 255 0   0   255 255 255 255 254 255 255 255 255 255 
1   0   13  0   0   0   254 255 0   0   2   0   255 255 255 255 0   0   3   0   0   0   255 255 0   0   1   0   0   0   255 255 
0   0   1   0   255 255 255 255 0   0   0   0   0   0   0   0   1   0   0   0   0   0   0   0   0   0   0   0   0   0   0   0   
0   0   0   0   0   0   255 255 0   0   0   0   0   0   0   0   1   0   0   0   0   0   0   0   0   0   0   0   255 255 0   0   
0   0   255 255 255 255 255 255 0   0   255 255 0   0   255 255 255 255 254 255 0   0   255 255 255 255 254 255 255 255 255 255 
1   0   14  0   0   0   254 255 0   0   2   0   255 255 255 255 0   0   3   0   0   0   255 255 0   0   1   0   0   0   255 255 
0   0   1   0   255 255 255 255 0   0   0   0   0   0   0   0   1   0   0   0   0   0   0   0   0   0   0   0   0   0   0   0   
0   0   0   0   0   0   255 255 0   0   0   0   0   0   0   0   1   0   0   0   255 255 0   0   255 255 255 255 255 255 255 255 
0   0   255 255 255 255 255 255 0   0   0   0   0   0   255 255 255 255 254 255 0   0   255 255 0   0   255 255 255 255 255 255 
1   0   14  0   0   0   254 255 0   0   2   0   255 255 255 255 0   0   3   0   0   0   254 255 0   0   1   0   0   0   255 255 
0   0   1   0   255 255 255 255 1   0   0   0   0   0   0   0   1   0   0   0   0   0   0   0   0   0   0   0   0   0   0   0   
0   0   0   0   0   0   255 255 0   0   0   0   0   0   0   0   1   0   0   0   255 255 0   0   0   0   255 255 255 255 0   0   
0   0   255 255 255 255 255 255 0   0   0   0   0   0   255 255 255 255 254 255 0   0   255 255 0   0   255 255 255 255 255 255 
1   0   14  0   0   0   254 255 0   0   2   0   255 255 255 255 0   0   3   0   0   0   254 255 0   0   1   0   0   0   255 255 
0   0   1   0   255 255 255 255 1   0   0   0   0   0   0   0   1   0   0   0   0   0   0   0   0   0   0   0   0   0   0   0   
0   0   0   0   0   0   255 255 0   0   0   0   0   0   0   0   1   0   0   0   255 255 0   0   0   0   255 255 255 255 0   0   
0   0   255 255 255 255 255 255 0   0   0   0   0   0   255 255 255 255 254 255 0   0   255 255 0   0   255 255 255 255 255 255 
1   0   14  0   0   0   253 255 0   0   2   0   255 255 255 255 0   0   3   0   255 255 254 255 0   0   1   0   0   0   255 255 
0   0   1   0   255 255 255 255 1   0   0   0   0   0   0   0   1   0   0   0   0   0   0   0   0   0   0   0   0   0   0   0   
0   0   0   0   0   0   255 255 0   0   0   0   0   0   0   0   0   0   0   0   255 255 0   0   0   0   255 255 255 255 0   0   
0   0   255 255 255 255 255 255 0   0   0   0   0   0   255 255 255 255 254 255 0   0   255 255 255 255 255 255 255 255 255 255 
1   0   13  0   0   0   254 255 0   0   2   0   255 255 255 255 0   0   3   0   0   0   254 255 0   0   1   0   0   0   255 255 
0   0   1   0   255 255 255 255 1   0   0   0   0   0   0   0   1   0   0   0   0   0   0   0   0   0   0   0   0   0   0   0   
0   0   0   0   0   0   255 255 0   0   0   0   0   0   0   0   0   0   0   0   255 255 0   0   0   0   255 255 255 255 0   0   
0   0   255 255 255 255 255 255 0   0   0   0   0   0   255 255 255 255 254 255 0   0   255 255 255 255 255 255 255 255 255 255 
1   0   13  0   0   0   254 255 0   0   2   0   255 255 255 255 0   0   3   0   0   0   254 255 0   0   1   0   0   0   255 255 
0   0   1   0   255 255 255 255 1   0   0   0   255 255 0   0   1   0   0   0   0   0   255 255 0   0   0   0   0   0   0   0   
0   0   0   0   255 255 254 255 0   0   0   0   255 255 0   0   0   0   0   0   255 255 0   0   0   0   255 255 255 255 0   0   
0   0   255 255 255 255 255 255 0   0   0   0   0   0   255 255 255 255 254 255 0   0   255 255 255 255 255 255 255 255 255 255 
1   0   13  0   0   0   254 255 0   0   2   0   255 255 255 255 0   0   3   0   0   0   254 255 0   0   1   0   0   0   255 255 
0   0   1   0   255 255 255 255 1   0   0   0   255 255 0   0   1   0   0   0   0   0   255 255 0   0   0   0   0   0   0   0   
0   0   0   0   0   0   255 255 0   0   0   0   255 255 0   0   0   0   0   0   255 255 0   0   0   0   255 255 255 255 0   0   
0   0   255 255 255 255 255 255 0   0   0   0   0   0   255 255 255 255 254 255 0   0   255 255 255 255 255 255 255 255 255 255 
1   0   13  0   0   0   254 255 0   0   2   0   255 255 255 255 0   0   3   0   0   0   254 255 0   0   1   0   0   0   255 255 
0   0   1   0   255 255 255 255 1   0   0   0   255 255 0   0   1   0   0   0   0   0   255 255 0   0   0   0   0   0   0   0   
0   0   0   0   0   0   255 255 0   0   0   0   255 255 0   0   0   0   0   0   255 255 0   0   255 255 255 255 255 255 0   0   
0   0   255 255 255 255 255 255 0   0   0   0   0   0   255 255 255 255 254 255 0   0   255 255 255 255 255 255 255 255 255 255 
1   0   13  0   0   0   254 255 0   0   2   0   255 255 255 255 0   0   3   0   0   0   254 255 0   0   1   0   0   0   255 255 
0   0   1   0   255 255 255 255 0   0   0   0   255 255 0   0   1   0   0   0   0   0   255 255 0   0   0   0   0   0   0   0   
0   0   0   0   0   0   255 255 0   0   0   0   255 255 0   0   0   0   0   0   255 255 0   0   255 255 255 255 255 255 0   0   
0   0   255 255 255 255 255 255 0   0   0   0   0   0   255 255 255 255 254 255 0   0   255 255 255 255 255 255 255 255 255 255 
1   0   13  0   0   0   254 255 0   0   2   0   255 255 255 255 0   0   3   0   0   0   254 255 0   0   1   0   0   0   255 255 
0   0   0   0   255 255 254 255 0   0   0   0   255 255 0   0   1   0   0   0   0   0   255 255 0   0   0   0   0   0   0   0   
0   0   0   0   0   0   255 255 0   0   0   0   255 255 0   0   0   0   0   0   255 255 0   0   255 255 255 255 255 255 0   0   
0   0   255 255 255 255 255 255 0   0   0   0   0   0   255 255 255 255 254 255 0   0   255 255 255 255 255 255 255 255 255 255 
1   0   13  0   0   0   254 255 0   0   2   0   255 255 255 255 0   0   3   0   0   0   255 255 0   0   1   0   0   0   255 255 
0   0   0   0   255 255 255 255 0   0   0   0   255 255 0   0   1   0   0   0   0   0   255 255 0   0   0   0   0   0   0   0   
0   0   0   0   0   0   255 255 0   0   0   0   255 255 0   0   0   0   0   0   255 255 0   0   255 255 255 255 255 255 0   0   
0   0   255 255 255 255 255 255 0   0   0   0   0   0   255 255 255 255 254 255 0   0   255 255 255 255 255 255 255 255 255 255 
1   0   13  0   0   0   254 255 0   0   2   0   255 255 255 255 0   0   3   0   0   0   255 255 0   0   1   0   0   0   255 255 
0   0   0   0   255 255 255 255 0   0   0   0   255 255 0   0   1   0   0   0   0   0   255 255 0   0   0   0   0   0   0   0   
0   0   0   0   0   0   255 255 0   0   0   0   255 255 0   0   0   0   0   0   255 255 0   0   255 255 255 255 255 255 0   0   
0   0   255 255 255 255 255 255 0   0   0   0   0   0   255 255 255 255 254 255 0   0   255 255 255 255 254 255 255 255 255 255 
1   0   13  0   0   0   254 255 0   0   2   0   255 255 255 255 0   0   3   0   0   0   255 255 0   0   1   0   0   0   255 255 
