0   0   1   0   1   0   1   0   0   0   1   0   1   0   2   0   0   0   0   0   1   0   1   0   1   0   1   0   2   0   2   0   
1   0   1   0   2   0   1   0   0   0   2   0   2   0   1   0   1   0   2   0   3   0   1   0   1   0   3   0   2   0   2   0   
2   0   6   0   2   0   1   0   2   0   3   0   1   0   1   0   2   0   4   0   2   0   1   0   0   0   2   0   1   0   1   0   
1   0   2   0   1   0   1   0   1   0   2   0   0   0   1   0   1   0   2   0   0   0   0   0   0   0   0   0   0   0   0   0   
0   0   0   0   0   0   1   0   0   0   0   0   1   0   2   0   0   0   0   0   1   0   0   0   1   0   1   0   1   0   2   0   
1   0   1   0   2   0   1   0   0   0   2   0   2   0   1   0   1   0   2   0   2   0   0   0   1   0   2   0   1   0   2   0   
2   0   6   0   1   0   0   0   1   0   3   0   1   0   1   0   2   0   3   0   2   0   1   0   0   0   2   0   0   0   0   0   
1   0   1   0   0   0   0   0   0   0   1   0   0   0   0   0   0   0   1   0   0   0   0   0   0   0   0   0   0   0   0   0   
0   0   0   0   1   0   1   0   0   0   0   0   1   0   2   0   0   0   0   0   1   0   0   0   0   0   0   0   1   0   2   0   
1   0   1   0   2   0   1   0   0   0   2   0   2   0   1   0   1   0   2   0   2   0   0   0   0   0   2   0   0   0   1   0   
2   0   6   0   1   0   255 255 0   0   3   0   1   0   1   0   2   0   3   0   2   0   1   0   255 255 2   0   0   0   0   0   
1   0   1   0   0   0   0   0   0   0   1   0   0   0   0   0   0   0   1   0   0   0   0   0   0   0   0   0   0   0   0   0   
0   0   0   0   1   0   1   0   0   0   0   0   1   0   1   0   0   0   0   0   1   0   0   0   0   0   0   0   1   0   2   0   
1   0   0   0   2   0   1   0   0   0   2   0   2   0   1   0   1   0   2   0   2   0   0   0   0   0   2   0   0   0   1   0   
2   0   6   0   1   0   255 255 0   0   3   0   1   0   1   0   2   0   3   0   2   0   1   0   255 255 2   0   0   0   0   0   
1   0   1   0   0   0   0   0   0   0   1   0   0   0   0   0   0   0   1   0   0   0   0   0   0   0   0   0   0   0   0   0   
0   0   0   0   1   0   0   0   0   0   0   0   1   0   1   0   0   0   0   0   1   0   0   0   0   0   0   0   1   0   1   0   
1   0   0   0   2   0   1   0   0   0   2   0   2   0   1   0   1   0   2   0   2   0   0   0   0   0   2   0   0   0   1   0   
2   0   6   0   1   0   255 255 0   0   3   0   1   0   1   0   2   0   3   0   2   0   1   0   0   0   2   0   0   0   0   0   
1   0   1   0   0   0   0   0   0   0   1   0   0   0   0   0   0   0   1   0   0   0   0   0   0   0   0   0   0   0   0   0   
0   0   0   0   0   0   0   0   0   0   0   0   1   0   1   0   0   0   0   0   1   0   0   0   0   0   0   0   0   0   1   0   
1   0   0   0   2   0   1   0   0   0   2   0   2   0   1   0   1   0   2   0   2   0   0   0   0   0   2   0   0   0   1   0   
2   0   6   0   1   0   0   0   0   0   3   0   1   0   1   0   2   0   3   0   2   0   1   0   0   0   2   0   0   0   0   0   
1   0   1   0   0   0   0   0   0   0   1   0   0   0   0   0   0   0   1   0   0   0   0   0   0   0   0   0   0   0   0   0   
0   0   0   0   0   0   0   0   0   0   0   0   1   0   1   0   0   0   0   0   1   0   0   0   0   0   0   0   0   0   1   0   
1   0   0   0   2   0   1   0   0   0   2   0   2   0   1   0   1   0   2   0   2   0   0   0   0   0   2   0   0   0   1   0   
2   0   6   0   1   0   0   0   0   0   3   0   0   0   1   0   1   0   3   0   1   0   0   0   0   0   1   0   0   0   0   0   
1   0   1   0   0   0   0   0   0   0   1   0   0   0   0   0   0   0   1   0   0   0   0   0   0   0   0   0   0   0   0   0   
0   0   0   0   0   0   0   0   0   0   0   0   1   0   1   0   0   0   0   0   1   0   0   0   0   0   0   0   1   0   1   0   
1   0   0   0   2   0   1   0   0   0   2   0   2   0   1   0   1   0   2   0   2   0   0   0   0   0   2   0   1   0   1   0   
2   0   7   0   1   0   0   0   0   0   3   0   0   0   1   0   1   0   3   0   1   0   0   0   0   0   1   0   0   0   0   0   
1   0   1   0   0   0   0   0   0   0   1   0   0   0   0   0   0   0   0   0   255 255 255 255 0   0   0   0   0   0   0   0   
255 255 0   0   0   0   0   0   0   0   0   0   1   0   1   0   0   0   0   0   1   0   0   0   0   0   0   0   1   0   1   0   
1   0   0   0   2   0   1   0   0   0   2   0   2   0   1   0   1   0   2   0   2   0   0   0   1   0   3   0   1   0   1   0   
3   0   9   0   1   0   0   0   0   0   3   0   0   0   0   0   1   0   3   0   1   0   0   0   0   0   1   0   0   0   0   0   
1   0   2   0   0   0   0   0   0   0   1   0   0   0   0   0   0   0   1   0   255 255 255 255 0   0   0   0   0   0   0   0   
255 255 0   0   0   0   0   0   0   0   0   0   1   0   1   0   0   0   0   0   0   0   0   0   0   0   0   0   1   0   1   0   
1   0   1   0   1   0   1   0   0   0   2   0   2   0   1   0   1   0   2   0   2   0   0   0   1   0   3   0   1   0   1   0   
3   0   10  0   1   0   0   0   0   0   3   0   0   0   0   0   1   0   3   0   1   0   0   0   0   0   1   0   0   0   0   0   
1   0   1   0   0   0   0   0   0   0   1   0   0   0   0   0   0   0   1   0   255 255 255 255 0   0   0   0   0   0   0   0   
0   0   0   0   1   0   1   0   0   0   0   0   1   0   1   0   0   0   0   0   0   0   0   0   0   0   1   0   1   0   2   0   
1   0   1   0   1   0   1   0   0   0   2   0   2   0   1   0   1   0   2   0   2   0   0   0   1   0   3   0   1   0   1   0   
3   0   10  0   1   0   0   0   0   0   3   0   0   0   0   0   1   0   3   0   1   0   0   0   0   0   1   0   0   0   0   0   
1   0   1   0   0   0   0   0   0   0   0   0   255 255 0   0   0   0   1   0   255 255 255 255 0   0   0   0   0   0   0   0   
0   0   0   0   1   0   1   0   0   0   0   0   1   0   1   0   0   0   0   0   0   0   0   0   0   0   1   0   1   0   2   0   
1   0   1   0   1   0   1   0   0   0   2   0   2   0   1   0   1   0   3   0   2   0   0   0   1   0   3   0   1   0   1   0   
3   0   10  0   1   0   255 255 0   0   3   0   0   0   0   0   1   0   3   0   1   0   0   0   0   0   1   0   0   0   0   0   
1   0   1   0   0   0   0   0   0   0   0   0   255 255 0   0   0   0   1   0   255 255 255 255 0   0   0   0   0   0   0   0   
0   0   0   0   1   0   1   0   0   0   0   0   1   0   0   0   0   0   0   0   0   0   0   0   0   0   1   0   1   0   2   0   
0   0   1   0   1   0   0   0   0   0   2   0   2   0   1   0   1   0   3   0   2   0   0   0   1   0   3   0   1   0   1   0   
3   0   11  0   1   0   255 255 0   0   3   0   0   0   0   0   1   0   3   0   1   0   0   0   0   0   1   0   0   0   0   0   
1   0   1   0   0   0   0   0   0   0   1   0   255 255 0   0   0   0   1   0   255 255 255 255 0   0   0   0   0   0   0   0   
0   0   0   0   0   0   0   0   0   0   0   0   1   0   0   0   0   0   0   0   0   0   0   0   0   0   1   0   1   0   1   0   
0   0   1   0   1   0   0   0   0   0   2   0   1   0   0   0   1   0   3   0   2   0   0   0   1   0   3   0   1   0   1   0   
3   0   11  0   1   0   255 255 0   0   3   0   0   0   0   0   1   0   3   0   1   0   0   0   0   0   1   0   0   0   0   0   
0   0   1   0   0   0   255 255 0   0   0   0   255 255 0   0   0   0   1   0   255 255 255 255 0   0   0   0   0   0   0   0   
0   0   0   0   0   0   0   0   0   0   0   0   0   0   0   0   0   0   0   0   0   0   0   0   0   0   1   0   1   0   1   0   
0   0   1   0   1   0   1   0   0   0   2   0   1   0   0   0   1   0   3   0   2   0   0   0   0   0   3   0   1   0   1   0   
3   0   11  0   1   0   255 255 0   0   3   0   0   0   0   0   1   0   4   0   1   0   0   0   255 255 1   0   0   0   0   0   
0   0   1   0   0   0   0   0   0   0   0   0   255 255 0   0   0   0   1   0   255 255 255 255 0   0   0   0   0   0   0   0   
0   0   0   0   0   0   0   0   255 255 0   0   0   0   0   0   0   0   0   0   0   0   0   0   0   0   1   0   1   0   1   0   
0   0   1   0   1   0   0   0   0   0   2   0   1   0   0   0   1   0   3   0   2   0   0   0   0   0   3   0   1   0   1   0   
3   0   11  0   1   0   255 255 0   0   3   0   0   0   0   0   1   0   3   0   0   0   0   0   255 255 1   0   0   0   0   0   
0   0   1   0   0   0   0   0   0   0   0   0   255 255 0   0   0   0   1   0   255 255 255 255 0   0   0   0   0   0   0   0   
0   0   0   0   0   0   0   0   255 255 255 255 0   0   0   0   0   0   0   0   0   0   0   0   0   0   0   0   1   0   1   0   
0   0   1   0   1   0   0   0   0   0   2   0   1   0   1   0   1   0   3   0   2   0   255 255 0   0   3   0   1   0   1   0   
3   0   11  0   1   0   255 255 0   0   3   0   0   0   0   0   1   0   4   0   1   0   0   0   255 255 1   0   0   0   0   0   
0   0   1   0   0   0   0   0   0   0   1   0   255 255 0   0   0   0   1   0   255 255 0   0   0   0   0   0   0   0   0   0   
0   0   0   0   0   0   0   0   255 255 255 255 0   0   0   0   0   0   0   0   0   0   0   0   0   0   0   0   1   0   1   0   
0   0   1   0   1   0   0   0   0   0   2   0   1   0   1   0   1   0   3   0   2   0   255 255 0   0   3   0   1   0   1   0   
3   0   11  0   1   0   255 255 0   0   3   0   0   0   0   0   1   0   4   0   1   0   0   0   255 255 1   0   0   0   0   0   
0   0   1   0   0   0   0   0   0   0   1   0   255 255 0   0   0   0   1   0   255 255 0   0   0   0   0   0   0   0   0   0   
0   0   0   0   0   0   0   0   255 255 255 255 0   0   0   0   0   0   0   0   0   0   0   0   0   0   0   0   1   0   1   0   
0   0   1   0   1   0   1   0   0   0   2   0   1   0   1   0   1   0   3   0   2   0   255 255 0   0   3   0   1   0   1   0   
3   0   11  0   1   0   255 255 0   0   3   0   0   0   0   0   1   0   4   0   1   0   0   0   255 255 1   0   0   0   0   0   
0   0   1   0   0   0   255 255 0   0   1   0   255 255 0   0   0   0   1   0   255 255 255 255 0   0   0   0   0   0   255 255 
0   0   0   0   0   0   0   0   255 255 255 255 0   0   0   0   0   0   0   0   0   0   0   0   0   0   0   0   1   0   1   0   
0   0   1   0   1   0   0   0   0   0   2   0   1   0   1   0   1   0   3   0   2   0   255 255 0   0   3   0   1   0   1   0   
2   0   11  0   1   0   255 255 0   0   4   0   0   0   0   0   1   0   4   0   1   0   0   0   0   0   1   0   0   0   0   0   
0   0   1   0   0   0   0   0   0   0   1   0   0   0   0   0   0   0   1   0   255 255 255 255 0   0   0   0   0   0   255 255 
0   0   0   0   0   0   0   0   255 255 255 255 0   0   0   0   0   0   0   0   0   0   0   0   0   0   0   0   1   0   1   0   
0   0   1   0   1   0   0   0   0   0   2   0   2   0   1   0   1   0   3   0   2   0   0   0   0   0   3   0   1   0   1   0   
2   0   11  0   1   0   255 255 0   0   4   0   0   0   0   0   1   0   4   0   1   0   0   0   0   0   1   0   0   0   0   0   
0   0   1   0   0   0   0   0   0   0   1   0   0   0   0   0   0   0   1   0   255 255 255 255 0   0   0   0   0   0   255 255 
0   0   0   0   0   0   0   0   255 255 255 255 0   0   0   0   0   0   0   0   0   0   0   0   0   0   0   0   1   0   1   0   
0   0   1   0   1   0   0   0   0   0   2   0   2   0   1   0   1   0   3   0   2   0   0   0   0   0   3   0   1   0   1   0   
2   0   11  0   1   0   255 255 0   0   4   0   0   0   0   0   1   0   4   0   1   0   0   0   0   0   1   0   0   0   0   0   
0   0   1   0   0   0   0   0   0   0   1   0   0   0   0   0   0   0   0   0   255 255 255 255 0   0   255 255 255 255 255 255 
0   0   0   0   0   0   1   0   255 255 255 255 0   0   0   0   0   0   255 255 0   0   0   0   0   0   255 255 0   0   1   0   
0   0   1   0   1   0   0   0   0   0   2   0   2   0   1   0   1   0   3   0   2   0   0   0   0   0   3   0   1   0   1   0   
2   0   11  0   1   0   255 255 0   0   4   0   0   0   0   0   1   0   4   0   1   0   0   0   255 255 1   0   0   0   0   0   
0   0   1   0   0   0   0   0   0   0   1   0   0   0   0   0   0   0   0   0   255 255 255 255 0   0   255 255 255 255 255 255 
0   0   0   0   0   0   1   0   255 255 255 255 0   0   0   0   0   0   255 255 0   0   0   0   0   0   0   0   0   0   1   0   
0   0   1   0   1   0   0   0   0   0   2   0   2   0   1   0   1   0   3   0   2   0   0   0   0   0   3   0   1   0   1   0   
2   0   11  0   1   0   255 255 0   0   4   0   0   0   0   0   1   0   4   0   1   0   0   0   0   0   2   0   0   0   0   0   
0   0   1   0   0   0   0   0   0   0   1   0   0   0   0   0   0   0   0   0   255 255 255 255 0   0   255 255 255 255 255 255 
0   0   0   0   0   0   1   0   255 255 255 255 0   0   0   0   0   0   255 255 0   0   255 255 0   0   0   0   0   0   1   0   
0   0   1   0   1   0   0   0   0   0   2   0   2   0   1   0   1   0   3   0   2   0   0   0   0   0   3   0   0   0   0   0   
2   0   11  0   1   0   255 255 0   0   4   0   0   0   0   0   1   0   4   0   1   0   0   0   0   0   2   0   0   0   0   0   
0   0   1   0   0   0   0   0   0   0   1   0   0   0   0   0   0   0   1   0   255 255 0   0   0   0   0   0   0   0   0   0   
0   0   0   0   0   0   0   0   255 255 255 255 0   0   0   0   0   0   255 255 0   0   0   0   0   0   0   0   0   0   1   0   
0   0   1   0   1   0   1   0   0   0   2   0   2   0   1   0   1   0   3   0   2   0   0   0   0   0   3   0   0   0   0   0   
2   0   11  0   1   0   255 255 0   0   4   0   0   0   0   0   1   0   4   0   1   0   0   0   0   0   2   0   0   0   0   0   
0   0   1   0   0   0   0   0   0   0   1   0   0   0   0   0   0   0   1   0   255 255 0   0   0   0   0   0   0   0   0   0   
0   0   0   0   0   0   0   0   255 255 0   0   0   0   0   0   0   0   255 255 0   0   0   0   0   0   0   0   1   0   2   0   
0   0   1   0   1   0   1   0   0   0   2   0   2   0   1   0   1   0   3   0   2   0   0   0   0   0   3   0   0   0   1   0   
2   0   11  0   1   0   255 255 0   0   4   0   0   0   0   0   1   0   4   0   1   0   0   0   0   0   2   0   0   0   0   0   
0   0   1   0   0   0   0   0   0   0   1   0   0   0   0   0   0   0   1   0   255 255 255 255 0   0   0   0   0   0   255 255 
0   0   0   0   0   0   0   0   255 255 0   0   0   0   0   0   0   0   0   0   0   0   0   0   0   0   0   0   1   0   2   0   
0   0   1   0   1   0   1   0   0   0   2   0   2   0   1   0   1   0   3   0   2   0   0   0   0   0   3   0   1   0   1   0   
2   0   11  0   1   0   255 255 0   0   4   0   0   0   0   0   1   0   4   0   1   0   0   0   255 255 2   0   0   0   0   0   
0   0   2   0   0   0   0   0   0   0   1   0   0   0   0   0   0   0   1   0   255 255 255 255 0   0   0   0   0   0   255 255 
0   0   0   0   0   0   0   0   255 255 0   0   0   0   0   0   0   0   0   0   0   0   0   0   0   0   0   0   1   0   2   0   
0   0   1   0   1   0   1   0   0   0   2   0   2   0   1   0   1   0   3   0   2   0   0   0   0   0   3   0   1   0   1   0   
2   0   11  0   1   0   255 255 0   0   4   0   0   0   0   0   1   0   3   0   1   0   0   0   255 255 2   0   0   0   0   0   
0   0   2   0   0   0   0   0   0   0   1   0   0   0   0   0   0   0   1   0   255 255 255 255 0   0   0   0   0   0   255 255 
0   0   0   0   0   0   0   0   255 255 0   0   0   0   0   0   0   0   255 255 0   0   255 255 0   0   0   0   1   0   1   0   
0   0   1   0   1   0   1   0   0   0   2   0   2   0   1   0   1   0   3   0   2   0   0   0   0   0   3   0   1   0   1   0   
2   0   11  0   1   0   255 255 0   0   4   0   0   0   0   0   1   0   4   0   1   0   0   0   0   0   2   0   0   0   0   0   
0   0   2   0   0   0   0   0   0   0   1   0   0   0   0   0   0   0   1   0   255 255 255 255 0   0   0   0   0   0   255 255 
0   0   0   0   0   0   0   0   255 255 0   0   0   0   0   0   0   0   255 255 0   0   255 255 0   0   0   0   1   0   1   0   
0   0   1   0   1   0   1   0   0   0   1   0   2   0   1   0   1   0   3   0   2   0   0   0   0   0   3   0   1   0   1   0   
3   0   11  0   1   0   255 255 0   0   4   0   0   0   0   0   1   0   4   0   1   0   0   0   0   0   1   0   0   0   0   0   
0   0   1   0   0   0   0   0   0   0   1   0   0   0   0   0   0   0   1   0   255 255 0   0   0   0   0   0   0   0   255 255 
0   0   0   0   0   0   0   0   255 255 255 255 0   0   0   0   0   0   0   0   1   0   0   0   0   0   0   0   1   0   1   0   
0   0   1   0   1   0   1   0   0   0   1   0   2   0   1   0   1   0   3   0   2   0   0   0   0   0   3   0   1   0   1   0   
3   0   11  0   1   0   255 255 0   0   4   0   0   0   0   0   1   0   4   0   1   0   0   0   255 255 1   0   0   0   0   0   
0   0   1   0   0   0   0   0   0   0   1   0   0   0   0   0   0   0   1   0   255 255 0   0   0   0   0   0   0   0   255 255 
0   0   0   0   0   0   0   0   255 255 255 255 0   0   0   0   0   0   0   0   1   0   0   0   0   0   0   0   1   0   1   0   
0   0   1   0   1   0   1   0   0   0   1   0   2   0   1   0   1   0   3   0   2   0   0   0   0   0   3   0   1   0   1   0   
3   0   11  0   1   0   255 255 0   0   4   0   0   0   0   0   1   0   4   0   1   0   0   0   255 255 1   0   0   0   0   0   
0   0   1   0   0   0   0   0   0   0   1   0   0   0   0   0   0   0   1   0   255 255 255 255 0   0   255 255 0   0   255 255 
0   0   0   0   0   0   0   0   255 255 255 255 0   0   255 255 0   0   0   0   1   0   0   0   0   0   0   0   1   0   1   0   
0   0   1   0   1   0   1   0   0   0   1   0   2   0   1   0   1   0   3   0   2   0   0   0   0   0   3   0   1   0   1   0   
3   0   11  0   1   0   255 255 0   0   4   0   0   0   0   0   1   0   4   0   1   0   0   0   255 255 1   0   0   0   0   0   
0   0   1   0   0   0   0   0   0   0   1   0   0   0   0   0   0   0   1   0   255 255 255 255 0   0   0   0   0   0   255 255 
0   0   0   0   0   0   0   0   255 255 255 255 0   0   0   0   0   0   0   0   0   0   0   0   0   0   0   0   1   0   1   0   
0   0   1   0   1   0   1   0   0   0   1   0   1   0   1   0   1   0   3   0   2   0   0   0   0   0   3   0   1   0   1   0   
3   0   11  0   1   0   255 255 0   0   4   0   0   0   0   0   1   0   4   0   1   0   0   0   255 255 1   0   0   0   0   0   
0   0   1   0   0   0   0   0   0   0   1   0   0   0   0   0   0   0   1   0   255 255 0   0   0   0   0   0   0   0   255 255 
0   0   0   0   0   0   0   0   255 255 255 255 0   0   0   0   0   0   0   0   0   0   0   0   0   0   0   0   1   0   1   0   
0   0   1   0   1   0   1   0   0   0   1   0   1   0   1   0   1   0   3   0   2   0   0   0   0   0   3   0   1   0   1   0   
3   0   11  0   1   0   255 255 0   0   4   0   0   0   0   0   1   0   4   0   1   0   0   0   255 255 1   0   0   0   0   0   
0   0   1   0   0   0   0   0   0   0   1   0   0   0   0   0   0   0   1   0   255 255 0   0   0   0   0   0   0   0   255 255 
0   0   0   0   0   0   0   0   255 255 255 255 0   0   0   0   0   0   0   0   0   0   0   0   0   0   0   0   1   0   1   0   
0   0   0   0   1   0   1   0   0   0   1   0   1   0   1   0   1   0   3   0   2   0   0   0   0   0   2   0   1   0   1   0   
2   0   11  0   1   0   255 255 0   0   4   0   0   0   0   0   1   0   4   0   1   0   0   0   255 255 1   0   0   0   0   0   
0   0   1   0   0   0   0   0   0   0   1   0   0   0   0   0   0   0   1   0   255 255 0   0   0   0   0   0   0   0   255 255 
0   0   0   0   0   0   0   0   255 255 255 255 0   0   0   0   0   0   0   0   0   0   0   0   0   0   0   0   1   0   1   0   
0   0   0   0   1   0   1   0   0   0   1   0   1   0   1   0   1   0   3   0   2   0   0   0   0   0   2   0   1   0   1   0   
2   0   11  0   1   0   255 255 0   0   4   0   0   0   0   0   1   0   4   0   1   0   0   0   255 255 1   0   0   0   0   0   
0   0   1   0   0   0   0   0   0   0   1   0   0   0   0   0   0   0   1   0   255 255 0   0   0   0   0   0   0   0   255 255 
0   0   0   0   0   0   0   0   255 255 255 255 0   0   0   0   0   0   0   0   0   0   0   0   0   0   0   0   1   0   1   0   
0   0   0   0   1   0   1   0   0   0   1   0   1   0   1   0   1   0   3   0   2   0   255 255 0   0   2   0   1   0   1   0   
2   0   11  0   1   0   255 255 0   0   4   0   0   0   0   0   1   0   4   0   1   0   0   0   255 255 1   0   0   0   0   0   
1   0   1   0   0   0   0   0   0   0   1   0   0   0   0   0   0   0   1   0   255 255 0   0   0   0   0   0   0   0   255 255 
0   0   0   0   0   0   0   0   255 255 0   0   0   0   0   0   0   0   0   0   0   0   0   0   0   0   0   0   1   0   1   0   
0   0   0   0   1   0   1   0   0   0   1   0   1   0   1   0   1   0   3   0   2   0   0   0   0   0   2   0   1   0   1   0   
2   0   11  0   1   0   255 255 0   0   4   0   0   0   0   0   1   0   4   0   1   0   0   0   255 255 1   0   0   0   0   0   
1   0   1   0   0   0   0   0   0   0   1   0   0   0   0   0   0   0   1   0   255 255 0   0   0   0   0   0   0   0   255 255 
0   0   0   0   1   0   1   0   255 255 0   0   0   0   0   0   0   0   0   0   0   0   0   0   0   0   0   0   1   0   1   0   
0   0   0   0   1   0   1   0   0   0   1   0   1   0   1   0   1   0   3   0   2   0   0   0   0   0   2   0   0   0   0   0   
2   0   11  0   1   0   255 255 0   0   4   0   0   0   0   0   1   0   4   0   1   0   0   0   255 255 1   0   0   0   0   0   
1   0   1   0   0   0   0   0   0   0   1   0   0   0   0   0   0   0   1   0   255 255 0   0   0   0   0   0   0   0   255 255 
0   0   0   0   1   0   1   0   255 255 0   0   0   0   0   0   0   0   0   0   0   0   0   0   0   0   0   0   1   0   1   0   
0   0   0   0   1   0   1   0   0   0   1   0   1   0   1   0   1   0   3   0   2   0   0   0   0   0   2   0   0   0   0   0   
2   0   11  0   1   0   255 255 0   0   4   0   0   0   0   0   1   0   4   0   1   0   0   0   255 255 1   0   0   0   0   0   
1   0   1   0   0   0   0   0   0   0   1   0   0   0   0   0   0   0   1   0   255 255 0   0   0   0   0   0   0   0   255 255 
0   0   0   0   0   0   0   0   255 255 0   0   0   0   0   0   0   0   0   0   0   0   0   0   0   0   0   0   1   0   1   0   
0   0   0   0   1   0   1   0   0   0   1   0   1   0   1   0   1   0   3   0   2   0   0   0   0   0   2   0   0   0   0   0   
2   0   11  0   1   0   255 255 0   0   4   0   0   0   0   0   1   0   4   0   1   0   0   0   255 255 1   0   0   0   0   0   
1   0   1   0   0   0   0   0   0   0   1   0   0   0   0   0   0   0   1   0   255 255 0   0   0   0   0   0   0   0   255 255 
0   0   0   0   0   0   0   0   255 255 0   0   0   0   0   0   0   0   0   0   0   0   0   0   0   0   0   0   0   0   1   0   
0   0   0   0   1   0   1   0   0   0   1   0   2   0   1   0   1   0   3   0   2   0   0   0   0   0   2   0   0   0   0   0   
3   0   11  0   1   0   255 255 0   0   4   0   0   0   0   0   1   0   4   0   1   0   0   0   255 255 1   0   0   0   0   0   
1   0   1   0   0   0   0   0   0   0   1   0   0   0   0   0   0   0   1   0   255 255 255 255 0   0   0   0   0   0   255 255 
0   0   0   0   0   0   0   0   255 255 0   0   0   0   0   0   0   0   0   0   0   0   0   0   0   0   0   0   1   0   1   0   
0   0   0   0   1   0   1   0   0   0   2   0   2   0   1   0   1   0   3   0   2   0   255 255 0   0   2   0   0   0   0   0   
3   0   11  0   1   0   255 255 0   0   4   0   0   0   0   0   1   0   4   0   1   0   0   0   0   0   1   0   0   0   0   0   
1   0   2   0   1   0   0   0   0   0   1   0   0   0   0   0   0   0   1   0   255 255 255 255 0   0   0   0   0   0   255 255 
0   0   0   0   0   0   0   0   255 255 0   0   0   0   0   0   0   0   0   0   0   0   0   0   0   0   0   0   1   0   1   0   
0   0   0   0   1   0   1   0   0   0   2   0   2   0   1   0   1   0   3   0   2   0   0   0   0   0   2   0   0   0   0   0   
3   0   11  0   1   0   255 255 0   0   4   0   0   0   0   0   1   0   4   0   1   0   0   0   0   0   1   0   0   0   0   0   
1   0   2   0   1   0   0   0   0   0   0   0   255 255 0   0   0   0   1   0   255 255 255 255 0   0   0   0   0   0   255 255 
0   0   0   0   0   0   0   0   255 255 0   0   0   0   0   0   0   0   0   0   0   0   0   0   0   0   0   0   1   0   1   0   
0   0   0   0   1   0   1   0   0   0   2   0   2   0   1   0   1   0   3   0   2   0   0   0   0   0   2   0   0   0   0   0   
3   0   11  0   1   0   255 255 0   0   4   0   0   0   0   0   1   0   4   0   1   0   0   0   0   0   1   0   0   0   0   0   
1   0   2   0   1   0   0   0   0   0   1   0   0   0   0   0   0   0   1   0   0   0   255 255 0   0   0   0   0   0   255 255 
0   0   0   0   0   0   0   0   255 255 0   0   0   0   0   0   0   0   0   0   0   0   0   0   0   0   0   0   1   0   1   0   
0   0   0   0   1   0   1   0   0   0   2   0   1   0   1   0   1   0   2   0   2   0   255 255 0   0   2   0   0   0   0   0   
3   0   11  0   1   0   255 255 0   0   4   0   0   0   0   0   1   0   4   0   1   0   0   0   0   0   1   0   0   0   0   0   
1   0   2   0   1   0   0   0   0   0   0   0   255 255 0   0   0   0   1   0   0   0   255 255 0   0   0   0   0   0   255 255 
0   0   0   0   0   0   0   0   255 255 0   0   0   0   0   0   0   0   0   0   0   0   0   0   0   0   0   0   1   0   1   0   
0   0   0   0   1   0   1   0   0   0   2   0   1   0   1   0   1   0   3   0   2   0   255 255 0   0   2   0   0   0   0   0   
3   0   11  0   1   0   255 255 0   0   4   0   0   0   0   0   1   0   4   0   1   0   0   0   0   0   1   0   0   0   0   0   
1   0   2   0   0   0   0   0   0   0   1   0   0   0   0   0   0   0   1   0   0   0   0   0   0   0   0   0   0   0   255 255 
0   0   0   0   0   0   0   0   255 255 0   0   0   0   0   0   0   0   0   0   0   0   0   0   0   0   0   0   1   0   1   0   
0   0   0   0   1   0   1   0   0   0   1   0   1   0   0   0   1   0   3   0   2   0   255 255 0   0   2   0   0   0   0   0   
3   0   11  0   1   0   255 255 0   0   4   0   0   0   0   0   1   0   4   0   1   0   0   0   0   0   1   0   0   0   0   0   
1   0   2   0   0   0   0   0   0   0   1   0   0   0   0   0   0   0   1   0   0   0   0   0   0   0   0   0   0   0   255 255 
0   0   0   0   0   0   255 255 255 255 0   0   0   0   0   0   0   0   0   0   0   0   0   0   0   0   0   0   1   0   1   0   
0   0   0   0   1   0   1   0   0   0   1   0   1   0   0   0   1   0   3   0   2   0   255 255 0   0   2   0   0   0   1   0   
3   0   11  0   1   0   255 255 0   0   4   0   0   0   0   0   1   0   4   0   1   0   0   0   0   0   1   0   0   0   0   0   
1   0   2   0   0   0   0   0   0   0   1   0   0   0   0   0   0   0   1   0   0   0   0   0   0   0   0   0   0   0   255 255 
0   0   0   0   0   0   0   0   255 255 0   0   0   0   0   0   0   0   0   0   0   0   0   0   0   0   0   0   0   0   1   0   
0   0   0   0   1   0   1   0   0   0   1   0   1   0   0   0   1   0   3   0   2   0   255 255 0   0   2   0   0   0   1   0   
3   0   11  0   1   0   255 255 0   0   4   0   0   0   0   0   1   0   4   0   1   0   0   0   0   0   1   0   0   0   0   0   
1   0   2   0   0   0   0   0   0   0   1   0   0   0   0   0   0   0   1   0   0   0   0   0   0   0   255 255 255 255 255 255 
0   0   0   0   0   0   0   0   255 255 0   0   0   0   0   0   0   0   0   0   0   0   0   0   0   0   0   0   1   0   1   0   
0   0   0   0   1   0   1   0   0   0   1   0   1   0   1   0   1   0   3   0   2   0   255 255 0   0   2   0   0   0   1   0   
3   0   11  0   1   0   255 255 0   0   4   0   0   0   0   0   1   0   4   0   1   0   0   0   0   0   1   0   0   0   0   0   
1   0   2   0   0   0   0   0   0   0   1   0   0   0   0   0   0   0   1   0   0   0   0   0   0   0   0   0   0   0   255 255 
0   0   0   0   0   0   0   0   255 255 0   0   0   0   0   0   0   0   0   0   0   0   0   0   0   0   0   0   1   0   1   0   
0   0   0   0   1   0   1   0   0   0   1   0   1   0   1   0   1   0   3   0   2   0   255 255 0   0   2   0   0   0   1   0   
3   0   11  0   1   0   255 255 0   0   4   0   0   0   0   0   1   0   4   0   1   0   0   0   0   0   1   0   0   0   0   0   
1   0   2   0   0   0   0   0   0   0   1   0   0   0   0   0   0   0   1   0   0   0   0   0   0   0   0   0   0   0   255 255 
0   0   0   0   0   0   0   0   255 255 0   0   0   0   0   0   0   0   0   0   0   0   0   0   0   0   0   0   1   0   1   0   
0   0   0   0   1   0   1   0   0   0   1   0   1   0   1   0   1   0   3   0   2   0   255 255 0   0   2   0   0   0   1   0   
3   0   11  0   1   0   255 255 0   0   4   0   0   0   0   0   1   0   4   0   1   0   0   0   0   0   1   0   0   0   0   0   
1   0   2   0   0   0   0   0   0   0   1   0   0   0   0   0   0   0   1   0   0   0   0   0   0   0   0   0   0   0   255 255 
0   0   0   0   0   0   0   0   255 255 0   0   0   0   0   0   0   0   0   0   0   0   0   0   0   0   0   0   0   0   1   0   
0   0   0   0   0   0   0   0   0   0   1   0   1   0   1   0   1   0   3   0   2   0   0   0   0   0   2   0   0   0   1   0   
3   0   11  0   1   0   255 255 0   0   4   0   0   0   0   0   1   0   4   0   1   0   0   0   0   0   1   0   0   0   0   0   
1   0   2   0   0   0   0   0   0   0   1   0   0   0   0   0   0   0   1   0   0   0   0   0   0   0   0   0   0   0   255 255 
0   0   0   0   0   0   0   0   255 255 0   0   0   0   0   0   0   0   0   0   0   0   0   0   0   0   0   0   1   0   1   0   
0   0   0   0   0   0   0   0   0   0   1   0   1   0   1   0   1   0   3   0   1   0   255 255 1   0   3   0   1   0   1   0   
3   0   11  0   1   0   255 255 0   0   4   0   0   0   0   0   1   0   4   0   1   0   0   0   0   0   1   0   0   0   0   0   
1   0   2   0   0   0   0   0   0   0   1   0   0   0   0   0   0   0   1   0   0   0   0   0   0   0   0   0   0   0   255 255 
0   0   0   0   0   0   0   0   255 255 0   0   0   0   0   0   0   0   0   0   0   0   0   0   0   0   0   0   1   0   1   0   
0   0   0   0   1   0   1   0   0   0   1   0   1   0   1   0   1   0   3   0   1   0   0   0   1   0   3   0   1   0   1   0   
3   0   11  0   1   0   255 255 0   0   4   0   0   0   0   0   1   0   4   0   1   0   0   0   0   0   1   0   0   0   0   0   
1   0   2   0   0   0   0   0   0   0   1   0   0   0   0   0   0   0   1   0   0   0   0   0   0   0   0   0   0   0   255 255 
0   0   0   0   0   0   0   0   255 255 0   0   0   0   0   0   0   0   255 255 0   0   0   0   0   0   0   0   1   0   1   0   
0   0   0   0   0   0   1   0   0   0   1   0   1   0   1   0   1   0   3   0   1   0   0   0   1   0   3   0   0   0   1   0   
3   0   11  0   1   0   255 255 0   0   4   0   0   0   0   0   1   0   4   0   1   0   0   0   0   0   1   0   0   0   0   0   
1   0   2   0   0   0   0   0   0   0   1   0   0   0   0   0   0   0   1   0   0   0   0   0   0   0   0   0   0   0   255 255 
0   0   0   0   0   0   0   0   255 255 0   0   0   0   0   0   0   0   255 255 0   0   0   0   0   0   0   0   1   0   1   0   
0   0   0   0   0   0   1   0   0   0   1   0   1   0   1   0   1   0   3   0   1   0   0   0   1   0   2   0   0   0   1   0   
3   0   11  0   1   0   255 255 0   0   4   0   0   0   0   0   1   0   4   0   1   0   0   0   0   0   1   0   0   0   0   0   
1   0   2   0   0   0   0   0   1   0   1   0   0   0   0   0   0   0   1   0   0   0   255 255 0   0   0   0   0   0   255 255 
0   0   0   0   0   0   0   0   255 255 0   0   0   0   0   0   0   0   0   0   0   0   0   0   0   0   0   0   1   0   1   0   
1   0   1   0   1   0   1   0   0   0   2   0   1   0   1   0   1   0   3   0   1   0   0   0   1   0   2   0   0   0   1   0   
3   0   11  0   1   0   255 255 0   0   4   0   0   0   0   0   1   0   4   0   1   0   0   0   0   0   1   0   0   0   0   0   
1   0   2   0   0   0   0   0   0   0   1   0   0   0   0   0   0   0   1   0   0   0   255 255 0   0   0   0   0   0   255 255 
0   0   0   0   0   0   0   0   255 255 0   0   0   0   0   0   0   0   0   0   0   0   0   0   0   0   0   0   1   0   1   0   
1   0   1   0   1   0   1   0   0   0   1   0   1   0   1   0   1   0   3   0   1   0   255 255 1   0   2   0   0   0   1   0   
3   0   11  0   1   0   255 255 0   0   4   0   0   0   0   0   1   0   4   0   1   0   0   0   0   0   2   0   0   0   0   0   
1   0   2   0   0   0   0   0   0   0   1   0   0   0   0   0   0   0   1   0   0   0   255 255 0   0   0   0   0   0   255 255 
0   0   0   0   0   0   0   0   255 255 0   0   0   0   0   0   0   0   0   0   0   0   0   0   0   0   0   0   1   0   1   0   
1   0   1   0   1   0   1   0   0   0   1   0   1   0   1   0   1   0   3   0   1   0   255 255 1   0   2   0   0   0   1   0   
3   0   11  0   1   0   0   0   0   0   4   0   0   0   0   0   1   0   4   0   1   0   0   0   0   0   2   0   0   0   0   0   
1   0   2   0   0   0   0   0   0   0   1   0   0   0   0   0   0   0   1   0   0   0   0   0   0   0   0   0   0   0   255 255 
0   0   0   0   0   0   0   0   255 255 0   0   0   0   0   0   0   0   0   0   0   0   0   0   0   0   0   0   1   0   1   0   
1   0   1   0   1   0   1   0   0   0   1   0   1   0   1   0   1   0   3   0   1   0   255 255 1   0   2   0   0   0   1   0   
3   0   11  0   1   0   0   0   0   0   4   0   0   0   0   0   1   0   4   0   1   0   0   0   0   0   2   0   0   0   0   0   
1   0   2   0   0   0   0   0   0   0   1   0   0   0   0   0   0   0   1   0   0   0   0   0   0   0   0   0   0   0   255 255 
0   0   0   0   0   0   0   0   255 255 0   0   0   0   0   0   0   0   0   0   0   0   255 255 0   0   0   0   1   0   1   0   
1   0   1   0   1   0   1   0   0   0   2   0   1   0   1   0   1   0   3   0   1   0   0   0   1   0   2   0   0   0   1   0   
3   0   11  0   1   0   0   0   0   0   4   0   0   0   0   0   1   0   4   0   1   0   0   0   0   0   1   0   0   0   0   0   
1   0   2   0   0   0   0   0   0   0   1   0   0   0   0   0   0   0   1   0   0   0   255 255 0   0   0   0   0   0   255 255 
0   0   0   0   0   0   0   0   255 255 0   0   0   0   0   0   0   0   0   0   0   0   255 255 0   0   0   0   1   0   1   0   
1   0   1   0   1   0   1   0   0   0   1   0   1   0   0   0   1   0   3   0   1   0   0   0   0   0   2   0   0   0   1   0   
3   0   11  0   1   0   0   0   0   0   3   0   0   0   0   0   1   0   4   0   1   0   0   0   0   0   1   0   0   0   0   0   
1   0   2   0   0   0   0   0   0   0   1   0   0   0   0   0   0   0   1   0   0   0   255 255 0   0   0   0   0   0   255 255 
0   0   0   0   0   0   0   0   255 255 0   0   0   0   0   0   0   0   0   0   0   0   0   0   0   0   0   0   1   0   1   0   
1   0   1   0   1   0   1   0   0   0   1   0   1   0   0   0   1   0   3   0   2   0   0   0   0   0   2   0   0   0   1   0   
3   0   11  0   1   0   0   0   0   0   3   0   0   0   0   0   1   0   4   0   1   0   0   0   0   0   1   0   0   0   0   0   
1   0   2   0   0   0   0   0   0   0   1   0   0   0   0   0   0   0   1   0   0   0   255 255 0   0   0   0   0   0   255 255 
0   0   0   0   0   0   0   0   255 255 0   0   0   0   0   0   0   0   0   0   0   0   0   0   0   0   0   0   1   0   1   0   
1   0   1   0   1   0   1   0   0   0   1   0   1   0   0   0   1   0   3   0   2   0   0   0   0   0   2   0   0   0   1   0   
3   0   11  0   1   0   0   0   0   0   3   0   0   0   0   0   1   0   4   0   1   0   0   0   0   0   1   0   0   0   0   0   
1   0   2   0   0   0   0   0   0   0   1   0   0   0   0   0   0   0   1   0   0   0   255 255 0   0   0   0   0   0   255 255 
0   0   0   0   0   0   0   0   255 255 0   0   0   0   0   0   0   0   0   0   0   0   0   0   0   0   0   0   1   0   1   0   
1   0   1   0   1   0   1   0   0   0   1   0   1   0   0   0   1   0   3   0   2   0   0   0   0   0   2   0   0   0   1   0   
3   0   11  0   1   0   0   0   0   0   3   0   0   0   0   0   1   0   4   0   1   0   0   0   0   0   2   0   0   0   0   0   
1   0   2   0   0   0   0   0   0   0   1   0   0   0   0   0   0   0   1   0   0   0   255 255 0   0   0   0   0   0   255 255 
0   0   0   0   0   0   0   0   255 255 0   0   0   0   255 255 0   0   0   0   0   0   0   0   0   0   0   0   1   0   1   0   
1   0   1   0   1   0   1   0   0   0   1   0   1   0   1   0   1   0   3   0   2   0   0   0   0   0   2   0   0   0   1   0   
3   0   11  0   1   0   255 255 0   0   3   0   0   0   0   0   1   0   3   0   1   0   0   0   0   0   1   0   0   0   0   0   
1   0   2   0   0   0   0   0   0   0   1   0   0   0   0   0   0   0   1   0   0   0   255 255 0   0   0   0   0   0   255 255 
0   0   0   0   1   0   0   0   255 255 0   0   0   0   0   0   0   0   0   0   0   0   0   0   0   0   0   0   1   0   1   0   
1   0   1   0   1   0   1   0   0   0   1   0   1   0   1   0   1   0   3   0   2   0   0   0   0   0   2   0   0   0   1   0   
3   0   11  0   1   0   255 255 0   0   3   0   0   0   0   0   1   0   4   0   1   0   0   0   0   0   1   0   0   0   0   0   
1   0   2   0   0   0   0   0   0   0   1   0   0   0   0   0   0   0   1   0   0   0   255 255 0   0   0   0   0   0   0   0   
0   0   0   0   0   0   0   0   255 255 0   0   0   0   0   0   0   0   0   0   0   0   0   0   0   0   0   0   1   0   1   0   
1   0   1   0   1   0   1   0   0   0   1   0   1   0   1   0   1   0   3   0   2   0   0   0   0   0   2   0   0   0   1   0   
3   0   11  0   1   0   255 255 0   0   3   0   0   0   0   0   1   0   4   0   1   0   0   0   0   0   1   0   0   0   0   0   
1   0   2   0   0   0   0   0   0   0   1   0   0   0   0   0   0   0   1   0   0   0   255 255 0   0   0   0   0   0   0   0   
0   0   0   0   0   0   0   0   255 255 0   0   0   0   255 255 0   0   0   0   0   0   0   0   0   0   0   0   1   0   1   0   
1   0   1   0   1   0   0   0   0   0   2   0   1   0   1   0   1   0   3   0   2   0   0   0   0   0   2   0   0   0   1   0   
3   0   11  0   1   0   255 255 0   0   3   0   0   0   0   0   1   0   4   0   1   0   0   0   0   0   1   0   0   0   0   0   
1   0   2   0   0   0   0   0   0   0   1   0   0   0   0   0   0   0   1   0   0   0   255 255 0   0   0   0   0   0   0   0   
0   0   0   0   0   0   0   0   255 255 0   0   0   0   0   0   0   0   0   0   0   0   0   0   0   0   0   0   1   0   1   0   
1   0   1   0   1   0   0   0   0   0   2   0   1   0   1   0   1   0   3   0   2   0   0   0   0   0   2   0   0   0   1   0   
3   0   11  0   1   0   255 255 0   0   3   0   0   0   0   0   1   0   4   0   1   0   0   0   0   0   1   0   0   0   0   0   
1   0   1   0   0   0   0   0   0   0   1   0   0   0   0   0   0   0   1   0   0   0   255 255 0   0   0   0   0   0   0   0   
0   0   0   0   0   0   1   0   255 255 0   0   0   0   0   0   0   0   0   0   0   0   0   0   0   0   0   0   1   0   1   0   
1   0   1   0   1   0   0   0   0   0   2   0   1   0   1   0   1   0   3   0   2   0   0   0   0   0   2   0   0   0   1   0   
3   0   11  0   1   0   255 255 0   0   3   0   0   0   0   0   1   0   4   0   1   0   0   0   0   0   1   0   0   0   0   0   
1   0   1   0   0   0   0   0   0   0   1   0   0   0   0   0   0   0   1   0   0   0   255 255 0   0   0   0   0   0   0   0   
0   0   255 255 0   0   0   0   255 255 0   0   0   0   0   0   0   0   0   0   0   0   0   0   0   0   0   0   0   0   1   0   
1   0   1   0   1   0   0   0   0   0   2   0   1   0   1   0   1   0   3   0   2   0   0   0   0   0   2   0   0   0   1   0   
3   0   11  0   1   0   255 255 0   0   3   0   0   0   0   0   1   0   4   0   1   0   0   0   0   0   1   0   0   0   0   0   
1   0   1   0   0   0   0   0   0   0   1   0   0   0   0   0   0   0   1   0   0   0   255 255 0   0   0   0   0   0   0   0   
0   0   255 255 0   0   0   0   255 255 0   0   0   0   0   0   0   0   0   0   0   0   0   0   0   0   0   0   0   0   1   0   
1   0   1   0   1   0   0   0   0   0   2   0   1   0   1   0   1   0   3   0   2   0   0   0   0   0   2   0   0   0   1   0   
3   0   11  0   1   0   255 255 0   0   3   0   0   0   0   0   1   0   4   0   1   0   0   0   255 255 1   0   0   0   0   0   
1   0   1   0   0   0   0   0   0   0   1   0   0   0   0   0   0   0   1   0   0   0   255 255 0   0   255 255 0   0   255 255 
0   0   255 255 0   0   0   0   255 255 0   0   0   0   0   0   0   0   0   0   0   0   0   0   0   0   0   0   0   0   1   0   
1   0   1   0   1   0   1   0   0   0   2   0   1   0   1   0   1   0   3   0   2   0   0   0   0   0   2   0   0   0   1   0   
3   0   11  0   1   0   255 255 0   0   3   0   0   0   0   0   1   0   4   0   1   0   0   0   255 255 1   0   0   0   0   0   
1   0   1   0   0   0   0   0   0   0   1   0   0   0   0   0   0   0   1   0   0   0   255 255 0   0   255 255 0   0   255 255 
0   0   255 255 0   0   0   0   255 255 0   0   0   0   0   0   0   0   0   0   0   0   0   0   0   0   0   0   0   0   1   0   
1   0   1   0   1   0   1   0   0   0   2   0   1   0   1   0   1   0   3   0   1   0   255 255 0   0   2   0   0   0   1   0   
3   0   11  0   1   0   255 255 0   0   3   0   0   0   0   0   1   0   4   0   1   0   0   0   255 255 1   0   0   0   0   0   
1   0   1   0   0   0   0   0   0   0   1   0   0   0   0   0   0   0   1   0   0   0   255 255 0   0   255 255 0   0   255 255 
0   0   255 255 0   0   0   0   255 255 0   0   0   0   0   0   0   0   0   0   0   0   0   0   0   0   0   0   0   0   1   0   
1   0   1   0   1   0   1   0   0   0   2   0   1   0   1   0   1   0   3   0   1   0   255 255 0   0   2   0   0   0   1   0   
3   0   11  0   1   0   255 255 0   0   3   0   0   0   0   0   1   0   4   0   1   0   0   0   0   0   1   0   0   0   0   0   
1   0   1   0   0   0   0   0   0   0   1   0   0   0   0   0   0   0   1   0   0   0   255 255 0   0   0   0   0   0   255 255 
0   0   255 255 0   0   0   0   255 255 0   0   0   0   0   0   0   0   0   0   0   0   0   0   0   0   0   0   0   0   1   0   
1   0   1   0   1   0   0   0   0   0   2   0   1   0   1   0   1   0   2   0   1   0   255 255 0   0   2   0   0   0   1   0   
3   0   11  0   1   0   255 255 0   0   3   0   0   0   0   0   1   0   4   0   1   0   0   0   0   0   1   0   0   0   0   0   
1   0   1   0   0   0   0   0   0   0   1   0   0   0   0   0   0   0   1   0   0   0   255 255 0   0   0   0   0   0   255 255 
0   0   255 255 0   0   0   0   255 255 0   0   0   0   0   0   0   0   0   0   0   0   0   0   0   0   0   0   0   0   1   0   
1   0   1   0   1   0   0   0   0   0   2   0   1   0   1   0   1   0   2   0   2   0   0   0   0   0   2   0   0   0   1   0   
3   0   11  0   1   0   255 255 0   0   3   0   0   0   0   0   1   0   3   0   1   0   0   0   0   0   1   0   0   0   0   0   
1   0   2   0   0   0   0   0   0   0   1   0   0   0   0   0   0   0   1   0   0   0   255 255 0   0   0   0   0   0   255 255 
0   0   0   0   1   0   0   0   255 255 0   0   0   0   0   0   0   0   0   0   0   0   0   0   0   0   0   0   0   0   1   0   
0   0   0   0   0   0   0   0   0   0   2   0   1   0   1   0   1   0   2   0   2   0   0   0   0   0   2   0   0   0   0   0   
3   0   11  0   1   0   255 255 0   0   3   0   0   0   0   0   1   0   4   0   1   0   0   0   0   0   1   0   0   0   0   0   
1   0   2   0   0   0   0   0   0   0   1   0   0   0   0   0   0   0   1   0   0   0   255 255 0   0   0   0   0   0   255 255 
0   0   0   0   1   0   0   0   255 255 0   0   0   0   0   0   0   0   0   0   0   0   0   0   0   0   0   0   1   0   1   0   
0   0   0   0   0   0   0   0   0   0   2   0   1   0   1   0   1   0   2   0   2   0   0   0   0   0   2   0   0   0   1   0   
3   0   11  0   1   0   255 255 0   0   3   0   0   0   0   0   1   0   4   0   1   0   0   0   0   0   1   0   0   0   0   0   
1   0   2   0   0   0   0   0   0   0   1   0   0   0   0   0   0   0   1   0   0   0   255 255 0   0   0   0   0   0   255 255 
0   0   0   0   0   0   0   0   255 255 0   0   0   0   0   0   0   0   0   0   0   0   0   0   0   0   0   0   1   0   1   0   
0   0   0   0   0   0   0   0   0   0   2   0   1   0   1   0   1   0   2   0   2   0   0   0   0   0   2   0   0   0   1   0   
2   0   11  0   1   0   255 255 0   0   3   0   0   0   0   0   1   0   4   0   1   0   0   0   255 255 1   0   0   0   0   0   
1   0   2   0   0   0   0   0   0   0   1   0   0   0   0   0   0   0   1   0   0   0   255 255 0   0   0   0   0   0   255 255 
0   0   255 255 0   0   0   0   255 255 255 255 255 255 255 255 0   0   0   0   0   0   0   0   0   0   0   0   1   0   1   0   
0   0   0   0   0   0   0   0   0   0   1   0   1   0   0   0   1   0   2   0   2   0   255 255 0   0   2   0   0   0   1   0   
2   0   11  0   1   0   255 255 0   0   3   0   0   0   0   0   1   0   4   0   1   0   0   0   255 255 1   0   0   0   0   0   
1   0   2   0   0   0   0   0   0   0   1   0   0   0   0   0   0   0   1   0   0   0   255 255 0   0   0   0   0   0   255 255 
0   0   255 255 0   0   0   0   255 255 255 255 0   0   0   0   0   0   0   0   0   0   0   0   0   0   0   0   1   0   1   0   
0   0   0   0   1   0   1   0   0   0   1   0   1   0   0   0   1   0   2   0   2   0   255 255 0   0   2   0   0   0   1   0   
2   0   11  0   1   0   255 255 0   0   3   0   0   0   0   0   1   0   4   0   1   0   0   0   255 255 1   0   0   0   0   0   
0   0   1   0   0   0   0   0   0   0   1   0   0   0   0   0   0   0   1   0   0   0   0   0   0   0   0   0   0   0   255 255 
0   0   255 255 0   0   0   0   255 255 0   0   0   0   0   0   0   0   0   0   0   0   0   0   0   0   0   0   1   0   1   0   
0   0   0   0   1   0   0   0   0   0   1   0   1   0   0   0   1   0   2   0   2   0   255 255 0   0   2   0   0   0   0   0   
2   0   11  0   1   0   255 255 0   0   3   0   0   0   0   0   1   0   4   0   1   0   0   0   255 255 1   0   0   0   0   0   
0   0   1   0   0   0   255 255 0   0   1   0   0   0   0   0   0   0   1   0   0   0   0   0   0   0   0   0   0   0   255 255 
0   0   255 255 0   0   255 255 255 255 0   0   0   0   0   0   0   0   0   0   0   0   0   0   0   0   0   0   1   0   1   0   
0   0   0   0   1   0   0   0   0   0   1   0   1   0   1   0   1   0   2   0   2   0   255 255 0   0   2   0   0   0   0   0   
2   0   11  0   1   0   255 255 0   0   3   0   0   0   0   0   1   0   4   0   1   0   0   0   255 255 1   0   0   0   0   0   
0   0   2   0   0   0   0   0   0   0   1   0   0   0   0   0   0   0   1   0   0   0   0   0   0   0   0   0   0   0   255 255 
0   0   255 255 0   0   255 255 255 255 0   0   0   0   0   0   0   0   0   0   0   0   0   0   0   0   0   0   1   0   1   0   
0   0   0   0   1   0   0   0   0   0   1   0   1   0   1   0   1   0   2   0   2   0   255 255 0   0   2   0   0   0   0   0   
2   0   11  0   1   0   255 255 0   0   3   0   0   0   0   0   1   0   4   0   1   0   0   0   255 255 1   0   0   0   0   0   
0   0   1   0   0   0   255 255 0   0   1   0   0   0   0   0   0   0   1   0   0   0   255 255 0   0   0   0   0   0   255 255 
0   0   255 255 0   0   0   0   255 255 0   0   0   0   0   0   0   0   0   0   0   0   0   0   0   0   0   0   1   0   1   0   
0   0   0   0   1   0   1   0   0   0   1   0   1   0   1   0   1   0   2   0   2   0   255 255 0   0   2   0   0   0   0   0   
2   0   11  0   1   0   255 255 0   0   3   0   0   0   0   0   1   0   4   0   1   0   0   0   0   0   1   0   0   0   0   0   
0   0   1   0   0   0   255 255 0   0   1   0   0   0   0   0   0   0   1   0   0   0   255 255 0   0   0   0   0   0   255 255 
0   0   255 255 0   0   0   0   255 255 0   0   0   0   0   0   0   0   0   0   0   0   0   0   0   0   0   0   0   0   1   0   
0   0   0   0   1   0   1   0   0   0   1   0   1   0   1   0   1   0   2   0   2   0   255 255 0   0   2   0   0   0   0   0   
2   0   11  0   1   0   255 255 0   0   3   0   0   0   0   0   1   0   4   0   1   0   0   0   0   0   1   0   0   0   0   0   
0   0   1   0   0   0   0   0   0   0   1   0   0   0   0   0   0   0   1   0   0   0   255 255 0   0   0   0   0   0   255 255 
0   0   255 255 0   0   0   0   255 255 0   0   0   0   0   0   0   0   0   0   0   0   0   0   0   0   0   0   0   0   1   0   
0   0   0   0   1   0   1   0   0   0   1   0   1   0   1   0   1   0   2   0   2   0   255 255 0   0   2   0   0   0   0   0   
2   0   11  0   1   0   255 255 0   0   3   0   0   0   0   0   1   0   4   0   1   0   0   0   0   0   1   0   0   0   0   0   
0   0   1   0   0   0   0   0   0   0   1   0   0   0   0   0   0   0   1   0   0   0   255 255 0   0   0   0   0   0   255 255 
0   0   255 255 0   0   0   0   255 255 0   0   0   0   0   0   0   0   0   0   0   0   0   0   0   0   0   0   0   0   1   0   
0   0   0   0   1   0   1   0   0   0   1   0   1   0   1   0   1   0   2   0   2   0   0   0   0   0   2   0   0   0   1   0   
2   0   11  0   1   0   255 255 0   0   3   0   0   0   0   0   1   0   4   0   1   0   0   0   0   0   1   0   0   0   0   0   
0   0   1   0   0   0   0   0   0   0   1   0   0   0   0   0   0   0   1   0   255 255 255 255 0   0   0   0   0   0   255 255 
0   0   255 255 0   0   0   0   255 255 0   0   0   0   0   0   0   0   0   0   0   0   0   0   0   0   0   0   0   0   1   0   
0   0   0   0   1   0   1   0   0   0   1   0   1   0   1   0   1   0   2   0   2   0   255 255 0   0   2   0   0   0   1   0   
2   0   11  0   1   0   255 255 0   0   3   0   0   0   0   0   1   0   4   0   1   0   255 255 0   0   1   0   0   0   0   0   
1   0   2   0   0   0   0   0   0   0   1   0   0   0   0   0   0   0   1   0   255 255 255 255 0   0   0   0   0   0   255 255 
0   0   255 255 0   0   0   0   255 255 0   0   0   0   0   0   0   0   0   0   0   0   0   0   0   0   0   0   0   0   1   0   
0   0   0   0   1   0   1   0   0   0   1   0   1   0   1   0   1   0   2   0   2   0   255 255 0   0   2   0   0   0   1   0   
2   0   11  0   1   0   255 255 0   0   3   0   0   0   0   0   1   0   4   0   1   0   0   0   0   0   1   0   0   0   0   0   
1   0   2   0   0   0   0   0   0   0   1   0   0   0   0   0   0   0   1   0   255 255 255 255 0   0   0   0   0   0   255 255 
0   0   255 255 0   0   0   0   255 255 0   0   0   0   0   0   0   0   0   0   0   0   0   0   0   0   0   0   1   0   1   0   
0   0   0   0   1   0   1   0   0   0   1   0   1   0   1   0   1   0   2   0   2   0   255 255 0   0   2   0   0   0   0   0   
2   0   11  0   1   0   255 255 0   0   3   0   0   0   0   0   1   0   4   0   1   0   0   0   255 255 1   0   0   0   0   0   
1   0   2   0   0   0   0   0   0   0   1   0   0   0   0   0   0   0   1   0   255 255 255 255 0   0   0   0   0   0   255 255 
0   0   0   0   0   0   0   0   255 255 0   0   0   0   0   0   0   0   0   0   0   0   0   0   0   0   0   0   1   0   1   0   
0   0   0   0   1   0   0   0   0   0   1   0   1   0   1   0   1   0   2   0   1   0   255 255 0   0   2   0   0   0   0   0   
2   0   11  0   1   0   255 255 0   0   3   0   0   0   0   0   1   0   4   0   1   0   0   0   255 255 1   0   0   0   0   0   
1   0   2   0   0   0   0   0   0   0   1   0   0   0   0   0   0   0   1   0   255 255 255 255 0   0   0   0   0   0   255 255 
0   0   0   0   0   0   0   0   255 255 255 255 255 255 255 255 255 255 255 255 0   0   255 255 0   0   0   0   0   0   1   0   
0   0   0   0   1   0   0   0   0   0   1   0   1   0   1   0   1   0   2   0   1   0   255 255 0   0   2   0   0   0   1   0   
2   0   11  0   1   0   255 255 0   0   3   0   0   0   0   0   1   0   4   0   1   0   0   0   255 255 1   0   0   0   0   0   
1   0   2   0   0   0   0   0   0   0   1   0   0   0   0   0   0   0   1   0   255 255 255 255 0   0   0   0   0   0   255 255 
0   0   0   0   0   0   0   0   255 255 0   0   0   0   0   0   255 255 255 255 0   0   0   0   0   0   0   0   0   0   1   0   
0   0   0   0   1   0   0   0   0   0   1   0   1   0   1   0   1   0   2   0   1   0   255 255 0   0   2   0   0   0   1   0   
2   0   11  0   1   0   255 255 0   0   3   0   0   0   0   0   1   0   4   0   1   0   0   0   255 255 1   0   0   0   0   0   
0   0   2   0   0   0   0   0   0   0   1   0   0   0   0   0   0   0   1   0   255 255 255 255 0   0   0   0   0   0   255 255 
0   0   0   0   0   0   0   0   255 255 255 255 255 255 255 255 255 255 255 255 0   0   0   0   0   0   0   0   0   0   1   0   
0   0   0   0   1   0   0   0   0   0   1   0   1   0   1   0   1   0   3   0   2   0   0   0   0   0   2   0   0   0   1   0   
3   0   12  0   2   0   0   0   0   0   3   0   0   0   0   0   1   0   4   0   1   0   0   0   255 255 1   0   0   0   0   0   
1   0   1   0   0   0   0   0   0   0   1   0   0   0   0   0   0   0   1   0   0   0   0   0   0   0   0   0   0   0   0   0   
0   0   0   0   0   0   0   0   255 255 0   0   0   0   0   0   0   0   0   0   0   0   0   0   0   0   0   0   0   0   1   0   
0   0   0   0   1   0   1   0   0   0   1   0   1   0   1   0   1   0   3   0   2   0   0   0   0   0   2   0   0   0   1   0   
3   0   12  0   2   0   0   0   0   0   3   0   0   0   0   0   1   0   4   0   1   0   0   0   255 255 1   0   0   0   0   0   
1   0   1   0   0   0   0   0   0   0   1   0   0   0   0   0   0   0   1   0   0   0   0   0   0   0   0   0   0   0   0   0   
0   0   0   0   0   0   0   0   255 255 255 255 255 255 255 255 0   0   0   0   0   0   0   0   0   0   0   0   1   0   1   0   
0   0   0   0   1   0   1   0   0   0   1   0   1   0   1   0   1   0   2   0   1   0   0   0   0   0   2   0   0   0   1   0   
3   0   11  0   1   0   255 255 0   0   3   0   0   0   0   0   1   0   4   0   1   0   0   0   0   0   2   0   1   0   0   0   
1   0   1   0   0   0   0   0   0   0   1   0   0   0   0   0   0   0   1   0   0   0   0   0   0   0   0   0   0   0   0   0   
0   0   0   0   0   0   0   0   255 255 0   0   0   0   0   0   0   0   0   0   0   0   0   0   0   0   0   0   1   0   1   0   
0   0   0   0   0   0   0   0   0   0   1   0   1   0   1   0   1   0   2   0   1   0   0   0   0   0   2   0   0   0   0   0   
3   0   11  0   1   0   255 255 0   0   3   0   0   0   0   0   1   0   4   0   1   0   0   0   0   0   2   0   1   0   0   0   
1   0   1   0   0   0   0   0   0   0   1   0   0   0   0   0   0   0   1   0   0   0   255 255 0   0   0   0   0   0   0   0   
0   0   0   0   0   0   0   0   255 255 0   0   0   0   0   0   0   0   0   0   0   0   0   0   0   0   0   0   1   0   1   0   
0   0   0   0   0   0   1   0   0   0   1   0   1   0   1   0   1   0   2   0   1   0   0   0   0   0   2   0   0   0   1   0   
2   0   11  0   1   0   255 255 0   0   3   0   0   0   0   0   1   0   4   0   1   0   0   0   0   0   2   0   1   0   0   0   
1   0   2   0   0   0   0   0   0   0   1   0   0   0   0   0   0   0   1   0   0   0   255 255 0   0   0   0   0   0   0   0   
0   0   0   0   0   0   0   0   255 255 0   0   0   0   0   0   0   0   0   0   0   0   0   0   0   0   0   0   1   0   1   0   
0   0   0   0   0   0   1   0   0   0   1   0   1   0   1   0   1   0   2   0   1   0   0   0   0   0   2   0   0   0   1   0   
2   0   11  0   1   0   255 255 0   0   3   0   0   0   0   0   1   0   4   0   1   0   0   0   0   0   2   0   0   0   0   0   
1   0   2   0   0   0   0   0   0   0   1   0   0   0   0   0   0   0   1   0   0   0   255 255 0   0   0   0   0   0   255 255 
0   0   0   0   0   0   0   0   255 255 0   0   0   0   0   0   0   0   0   0   0   0   0   0   0   0   0   0   1   0   1   0   
0   0   0   0   0   0   1   0   0   0   1   0   1   0   1   0   1   0   3   0   2   0   0   0   0   0   2   0   0   0   1   0   
2   0   11  0   1   0   255 255 0   0   3   0   0   0   0   0   1   0   4   0   1   0   0   0   0   0   1   0   0   0   0   0   
1   0   2   0   0   0   0   0   0   0   1   0   0   0   0   0   0   0   1   0   0   0   255 255 0   0   0   0   0   0   255 255 
0   0   0   0   0   0   0   0   255 255 0   0   0   0   0   0   0   0   0   0   0   0   0   0   0   0   0   0   0   0   1   0   
0   0   0   0   0   0   0   0   0   0   1   0   1   0   1   0   1   0   3   0   2   0   0   0   0   0   2   0   0   0   1   0   
2   0   11  0   1   0   255 255 0   0   3   0   0   0   0   0   1   0   4   0   1   0   0   0   0   0   1   0   0   0   0   0   
1   0   2   0   0   0   0   0   0   0   1   0   0   0   0   0   0   0   1   0   0   0   255 255 0   0   0   0   0   0   255 255 
0   0   0   0   0   0   0   0   255 255 0   0   0   0   0   0   0   0   0   0   0   0   0   0   0   0   0   0   0   0   1   0   
0   0   0   0   0   0   0   0   0   0   2   0   1   0   1   0   1   0   3   0   2   0   0   0   0   0   2   0   0   0   1   0   
2   0   11  0   1   0   255 255 0   0   3   0   0   0   0   0   1   0   4   0   1   0   0   0   0   0   1   0   0   0   0   0   
1   0   2   0   0   0   0   0   0   0   1   0   0   0   0   0   0   0   1   0   0   0   255 255 0   0   0   0   0   0   255 255 
0   0   0   0   0   0   0   0   255 255 0   0   0   0   0   0   0   0   0   0   0   0   0   0   0   0   0   0   0   0   1   0   
0   0   0   0   0   0   0   0   0   0   2   0   1   0   1   0   1   0   3   0   2   0   0   0   0   0   2   0   0   0   1   0   
2   0   11  0   1   0   255 255 0   0   4   0   0   0   0   0   1   0   3   0   1   0   0   0   255 255 1   0   0   0   0   0   
0   0   1   0   0   0   0   0   1   0   1   0   0   0   0   0   0   0   0   0   255 255 255 255 0   0   0   0   0   0   255 255 
0   0   0   0   0   0   0   0   255 255 0   0   0   0   0   0   0   0   0   0   0   0   0   0   0   0   0   0   0   0   1   0   
1   0   0   0   0   0   0   0   0   0   2   0   1   0   1   0   1   0   3   0   1   0   255 255 0   0   2   0   0   0   0   0   
2   0   11  0   1   0   255 255 0   0   4   0   0   0   0   0   1   0   3   0   1   0   0   0   255 255 1   0   0   0   0   0   
0   0   1   0   0   0   0   0   0   0   1   0   0   0   0   0   0   0   1   0   255 255 255 255 0   0   0   0   0   0   255 255 
0   0   0   0   0   0   0   0   255 255 0   0   0   0   0   0   0   0   0   0   0   0   0   0   0   0   0   0   0   0   1   0   
1   0   0   0   0   0   0   0   0   0   1   0   1   0   1   0   1   0   3   0   2   0   255 255 0   0   2   0   0   0   0   0   
3   0   11  0   1   0   255 255 0   0   4   0   0   0   0   0   1   0   4   0   1   0   0   0   255 255 1   0   0   0   0   0   
0   0   1   0   0   0   0   0   0   0   1   0   0   0   0   0   0   0   1   0   255 255 0   0   0   0   0   0   0   0   255 255 
0   0   255 255 0   0   0   0   255 255 0   0   0   0   0   0   0   0   255 255 0   0   255 255 0   0   0   0   0   0   1   0   
1   0   0   0   0   0   0   0   0   0   1   0   1   0   1   0   1   0   2   0   1   0   255 255 0   0   2   0   0   0   0   0   
3   0   11  0   1   0   255 255 0   0   4   0   0   0   0   0   1   0   4   0   1   0   0   0   255 255 1   0   0   0   0   0   
1   0   2   0   0   0   0   0   0   0   1   0   255 255 0   0   0   0   1   0   255 255 0   0   0   0   0   0   0   0   255 255 
0   0   255 255 0   0   0   0   0   0   0   0   0   0   0   0   0   0   255 255 0   0   0   0   0   0   0   0   0   0   1   0   
1   0   1   0   1   0   1   0   0   0   1   0   1   0   1   0   1   0   2   0   2   0   255 255 0   0   3   0   1   0   1   0   
3   0   11  0   1   0   255 255 0   0   4   0   255 255 0   0   1   0   4   0   1   0   0   0   255 255 1   0   0   0   0   0   
1   0   2   0   0   0   0   0   0   0   1   0   255 255 0   0   0   0   1   0   255 255 0   0   0   0   0   0   0   0   255 255 
0   0   0   0   0   0   0   0   0   0   0   0   0   0   0   0   0   0   255 255 0   0   0   0   0   0   0   0   0   0   1   0   
1   0   1   0   1   0   1   0   0   0   1   0   1   0   0   0   1   0   2   0   2   0   255 255 0   0   3   0   1   0   1   0   
3   0   11  0   1   0   255 255 0   0   4   0   0   0   0   0   1   0   4   0   1   0   0   0   0   0   2   0   0   0   0   0   
1   0   2   0   0   0   0   0   1   0   1   0   0   0   0   0   0   0   1   0   255 255 0   0   0   0   0   0   0   0   255 255 
0   0   0   0   0   0   0   0   255 255 255 255 255 255 255 255 0   0   255 255 0   0   0   0   0   0   0   0   0   0   1   0   
1   0   1   0   1   0   1   0   0   0   1   0   1   0   0   0   1   0   2   0   1   0   255 255 0   0   3   0   1   0   1   0   
3   0   11  0   1   0   0   0   0   0   4   0   0   0   0   0   1   0   4   0   1   0   0   0   0   0   2   0   0   0   0   0   
1   0   2   0   0   0   0   0   1   0   1   0   0   0   0   0   0   0   1   0   255 255 0   0   0   0   0   0   0   0   255 255 
0   0   0   0   0   0   0   0   255 255 0   0   0   0   0   0   0   0   255 255 0   0   0   0   0   0   0   0   0   0   1   0   
1   0   1   0   0   0   1   0   0   0   1   0   1   0   0   0   1   0   3   0   2   0   0   0   0   0   3   0   1   0   1   0   
3   0   11  0   1   0   0   0   0   0   4   0   0   0   0   0   1   0   4   0   1   0   0   0   0   0   2   0   0   0   0   0   
1   0   2   0   0   0   0   0   1   0   1   0   0   0   0   0   0   0   1   0   255 255 0   0   0   0   0   0   0   0   255 255 
0   0   0   0   0   0   0   0   255 255 0   0   0   0   0   0   0   0   255 255 0   0   0   0   0   0   0   0   0   0   1   0   
0   0   0   0   0   0   0   0   0   0   1   0   1   0   0   0   1   0   3   0   2   0   0   0   0   0   3   0   1   0   1   0   
3   0   11  0   1   0   255 255 0   0   4   0   255 255 0   0   1   0   4   0   1   0   0   0   255 255 2   0   0   0   0   0   
1   0   2   0   0   0   0   0   1   0   1   0   0   0   0   0   0   0   1   0   255 255 255 255 0   0   0   0   0   0   255 255 
0   0   0   0   0   0   0   0   255 255 0   0   0   0   0   0   0   0   0   0   0   0   0   0   0   0   0   0   0   0   1   0   
0   0   0   0   0   0   0   0   0   0   1   0   1   0   0   0   1   0   3   0   2   0   0   0   0   0   3   0   0   0   1   0   
3   0   11  0   1   0   255 255 0   0   4   0   0   0   0   0   1   0   4   0   1   0   0   0   255 255 2   0   0   0   0   0   
1   0   2   0   0   0   0   0   1   0   1   0   0   0   0   0   0   0   1   0   255 255 255 255 0   0   0   0   0   0   255 255 
0   0   255 255 0   0   0   0   255 255 0   0   0   0   0   0   0   0   0   0   0   0   0   0   0   0   0   0   0   0   1   0   
0   0   0   0   0   0   0   0   0   0   1   0   1   0   0   0   1   0   3   0   2   0   0   0   0   0   3   0   0   0   1   0   
3   0   11  0   1   0   255 255 0   0   4   0   0   0   0   0   1   0   4   0   1   0   0   0   255 255 2   0   0   0   0   0   
1   0   2   0   0   0   0   0   1   0   1   0   0   0   0   0   0   0   1   0   255 255 255 255 0   0   0   0   0   0   0   0   
0   0   255 255 0   0   0   0   255 255 0   0   0   0   0   0   0   0   0   0   0   0   0   0   0   0   0   0   0   0   1   0   
0   0   0   0   0   0   0   0   0   0   1   0   1   0   0   0   1   0   3   0   2   0   0   0   0   0   3   0   0   0   1   0   
3   0   11  0   1   0   255 255 0   0   4   0   0   0   0   0   1   0   4   0   1   0   0   0   255 255 2   0   0   0   0   0   
1   0   2   0   0   0   0   0   0   0   1   0   0   0   0   0   0   0   1   0   255 255 255 255 0   0   0   0   0   0   0   0   
0   0   255 255 0   0   0   0   255 255 0   0   0   0   0   0   0   0   0   0   0   0   0   0   0   0   0   0   0   0   1   0   
0   0   0   0   0   0   0   0   0   0   2   0   1   0   1   0   1   0   3   0   2   0   255 255 0   0   3   0   0   0   1   0   
3   0   11  0   1   0   255 255 0   0   4   0   0   0   0   0   1   0   4   0   1   0   0   0   255 255 1   0   0   0   255 255 
1   0   2   0   0   0   0   0   0   0   1   0   0   0   0   0   0   0   1   0   255 255 255 255 0   0   0   0   0   0   0   0   
0   0   255 255 0   0   0   0   255 255 0   0   0   0   0   0   0   0   0   0   0   0   0   0   0   0   0   0   0   0   1   0   
0   0   0   0   0   0   0   0   0   0   2   0   1   0   1   0   1   0   3   0   2   0   255 255 0   0   3   0   0   0   1   0   
3   0   11  0   1   0   255 255 0   0   4   0   0   0   0   0   1   0   4   0   1   0   0   0   255 255 1   0   0   0   0   0   
1   0   2   0   0   0   0   0   0   0   1   0   0   0   0   0   0   0   1   0   255 255 255 255 0   0   0   0   0   0   255 255 
0   0   255 255 0   0   0   0   255 255 0   0   0   0   0   0   0   0   0   0   0   0   0   0   0   0   0   0   0   0   1   0   
0   0   0   0   0   0   0   0   0   0   2   0   1   0   1   0   1   0   3   0   2   0   255 255 0   0   3   0   0   0   1   0   
3   0   11  0   1   0   255 255 0   0   4   0   0   0   0   0   1   0   4   0   1   0   0   0   255 255 1   0   0   0   0   0   
1   0   2   0   0   0   0   0   0   0   1   0   0   0   0   0   0   0   1   0   255 255 255 255 0   0   0   0   0   0   255 255 
0   0   255 255 0   0   0   0   255 255 0   0   0   0   0   0   0   0   0   0   0   0   0   0   0   0   0   0   0   0   1   0   
0   0   0   0   0   0   0   0   0   0   2   0   2   0   1   0   1   0   2   0   1   0   255 255 0   0   2   0   0   0   0   0   
3   0   11  0   1   0   255 255 0   0   4   0   0   0   0   0   1   0   4   0   1   0   0   0   255 255 1   0   0   0   0   0   
1   0   2   0   0   0   0   0   0   0   1   0   0   0   0   0   0   0   1   0   255 255 255 255 0   0   0   0   0   0   255 255 
0   0   255 255 0   0   0   0   255 255 0   0   0   0   0   0   0   0   0   0   0   0   0   0   0   0   0   0   0   0   1   0   
0   0   0   0   0   0   0   0   0   0   2   0   2   0   1   0   1   0   2   0   1   0   255 255 0   0   3   0   0   0   1   0   
3   0   11  0   1   0   255 255 0   0   4   0   0   0   0   0   1   0   4   0   1   0   0   0   255 255 1   0   0   0   0   0   
1   0   2   0   0   0   0   0   0   0   1   0   0   0   0   0   0   0   1   0   255 255 255 255 0   0   0   0   0   0   255 255 
0   0   255 255 0   0   0   0   255 255 0   0   0   0   0   0   0   0   0   0   0   0   0   0   0   0   0   0   0   0   1   0   
0   0   0   0   0   0   0   0   0   0   2   0   2   0   1   0   1   0   2   0   1   0   255 255 0   0   3   0   0   0   1   0   
3   0   11  0   1   0   255 255 0   0   4   0   0   0   0   0   1   0   4   0   1   0   0   0   255 255 1   0   0   0   0   0   
1   0   2   0   0   0   0   0   0   0   1   0   0   0   0   0   0   0   1   0   255 255 255 255 0   0   0   0   0   0   255 255 
0   0   255 255 0   0   0   0   255 255 0   0   0   0   0   0   0   0   255 255 0   0   0   0   0   0   0   0   0   0   1   0   
0   0   0   0   0   0   0   0   0   0   2   0   2   0   1   0   1   0   3   0   2   0   0   0   0   0   3   0   0   0   1   0   
2   0   11  0   1   0   255 255 0   0   4   0   0   0   0   0   1   0   4   0   1   0   0   0   255 255 1   0   0   0   0   0   
0   0   1   0   0   0   0   0   0   0   1   0   0   0   0   0   0   0   1   0   255 255 255 255 0   0   0   0   0   0   255 255 
0   0   255 255 0   0   0   0   255 255 0   0   0   0   0   0   0   0   255 255 0   0   0   0   0   0   0   0   0   0   1   0   
0   0   0   0   1   0   0   0   0   0   2   0   1   0   1   0   1   0   3   0   2   0   0   0   0   0   3   0   0   0   1   0   
2   0   11  0   1   0   0   0   0   0   4   0   0   0   0   0   1   0   4   0   2   0   0   0   0   0   1   0   0   0   0   0   
0   0   1   0   0   0   0   0   0   0   1   0   0   0   0   0   0   0   1   0   255 255 255 255 0   0   0   0   0   0   255 255 
0   0   255 255 0   0   0   0   255 255 0   0   0   0   0   0   0   0   255 255 0   0   0   0   0   0   0   0   0   0   1   0   
0   0   0   0   1   0   0   0   0   0   2   0   1   0   1   0   1   0   3   0   2   0   0   0   1   0   3   0   1   0   1   0   
2   0   11  0   1   0   0   0   0   0   4   0   0   0   0   0   1   0   4   0   2   0   0   0   0   0   1   0   0   0   0   0   
0   0   1   0   0   0   0   0   0   0   1   0   0   0   0   0   0   0   1   0   255 255 255 255 0   0   0   0   0   0   255 255 
0   0   255 255 0   0   0   0   255 255 0   0   0   0   0   0   0   0   255 255 0   0   0   0   0   0   0   0   1   0   1   0   
0   0   0   0   1   0   0   0   0   0   2   0   1   0   1   0   1   0   3   0   2   0   0   0   1   0   3   0   1   0   1   0   
2   0   11  0   1   0   255 255 0   0   4   0   0   0   0   0   1   0   4   0   1   0   0   0   0   0   1   0   0   0   0   0   
0   0   1   0   0   0   0   0   0   0   1   0   0   0   0   0   0   0   1   0   255 255 255 255 0   0   0   0   0   0   255 255 
0   0   255 255 0   0   0   0   255 255 0   0   0   0   0   0   0   0   255 255 0   0   0   0   0   0   0   0   1   0   1   0   
0   0   0   0   1   0   0   0   0   0   1   0   1   0   0   0   1   0   3   0   2   0   0   0   1   0   3   0   1   0   1   0   
2   0   11  0   1   0   255 255 0   0   4   0   0   0   0   0   1   0   4   0   1   0   0   0   255 255 1   0   0   0   0   0   
0   0   1   0   0   0   0   0   0   0   1   0   0   0   0   0   0   0   1   0   255 255 255 255 0   0   0   0   0   0   255 255 
0   0   255 255 0   0   0   0   255 255 255 255 0   0   0   0   0   0   255 255 0   0   0   0   0   0   0   0   1   0   1   0   
0   0   0   0   1   0   0   0   0   0   1   0   1   0   1   0   1   0   3   0   2   0   0   0   1   0   3   0   1   0   1   0   
2   0   11  0   1   0   255 255 0   0   4   0   0   0   0   0   1   0   4   0   1   0   0   0   255 255 1   0   0   0   0   0   
0   0   1   0   0   0   0   0   0   0   1   0   0   0   0   0   0   0   1   0   255 255 255 255 0   0   0   0   0   0   255 255 
0   0   255 255 0   0   0   0   255 255 255 255 0   0   0   0   0   0   255 255 0   0   0   0   0   0   0   0   1   0   1   0   
0   0   0   0   1   0   1   0   0   0   1   0   1   0   0   0   1   0   3   0   2   0   0   0   0   0   3   0   1   0   1   0   
2   0   11  0   1   0   0   0   0   0   4   0   0   0   0   0   1   0   4   0   1   0   0   0   255 255 1   0   0   0   0   0   
0   0   1   0   0   0   0   0   0   0   1   0   0   0   0   0   0   0   1   0   255 255 255 255 0   0   0   0   0   0   255 255 
0   0   255 255 0   0   0   0   255 255 255 255 0   0   0   0   0   0   0   0   0   0   0   0   0   0   0   0   1   0   1   0   
0   0   0   0   1   0   1   0   0   0   1   0   1   0   0   0   1   0   3   0   2   0   0   0   0   0   3   0   1   0   1   0   
2   0   11  0   1   0   255 255 255 255 4   0   255 255 255 255 1   0   4   0   1   0   0   0   0   0   1   0   0   0   0   0   
0   0   1   0   0   0   0   0   0   0   1   0   0   0   0   0   0   0   1   0   255 255 255 255 0   0   0   0   0   0   255 255 
0   0   255 255 0   0   0   0   255 255 255 255 0   0   0   0   0   0   0   0   0   0   0   0   0   0   0   0   1   0   1   0   
0   0   0   0   1   0   1   0   0   0   1   0   1   0   0   0   1   0   3   0   2   0   0   0   0   0   3   0   1   0   1   0   
2   0   11  0   1   0   255 255 255 255 4   0   0   0   0   0   1   0   4   0   1   0   0   0   0   0   1   0   0   0   0   0   
0   0   1   0   0   0   0   0   0   0   1   0   0   0   0   0   0   0   1   0   255 255 255 255 0   0   0   0   0   0   255 255 
0   0   255 255 0   0   0   0   255 255 255 255 0   0   0   0   0   0   0   0   0   0   0   0   0   0   0   0   1   0   1   0   
0   0   0   0   1   0   1   0   0   0   1   0   1   0   0   0   1   0   3   0   2   0   0   0   0   0   3   0   1   0   1   0   
2   0   11  0   1   0   255 255 255 255 4   0   0   0   0   0   1   0   4   0   1   0   0   0   255 255 1   0   0   0   0   0   
0   0   2   0   0   0   0   0   0   0   1   0   0   0   0   0   0   0   1   0   255 255 255 255 0   0   0   0   0   0   0   0   
0   0   255 255 0   0   0   0   255 255 255 255 0   0   0   0   0   0   0   0   0   0   0   0   0   0   0   0   1   0   1   0   
0   0   0   0   1   0   1   0   0   0   1   0   1   0   1   0   1   0   3   0   2   0   0   0   0   0   3   0   1   0   1   0   
2   0   11  0   1   0   255 255 255 255 4   0   0   0   0   0   1   0   4   0   1   0   0   0   255 255 1   0   0   0   0   0   
0   0   2   0   0   0   0   0   0   0   1   0   0   0   0   0   0   0   1   0   255 255 255 255 0   0   0   0   0   0   0   0   
0   0   255 255 0   0   0   0   255 255 255 255 0   0   0   0   0   0   0   0   0   0   0   0   0   0   0   0   1   0   1   0   
0   0   0   0   1   0   1   0   0   0   1   0   1   0   1   0   1   0   3   0   2   0   0   0   0   0   3   0   1   0   1   0   
2   0   11  0   1   0   255 255 255 255 4   0   0   0   0   0   1   0   4   0   1   0   0   0   255 255 1   0   255 255 255 255 
0   0   1   0   0   0   0   0   0   0   1   0   0   0   0   0   0   0   1   0   255 255 255 255 0   0   0   0   0   0   0   0   
0   0   255 255 0   0   0   0   255 255 0   0   0   0   0   0   0   0   0   0   0   0   0   0   0   0   0   0   1   0   2   0   
0   0   0   0   1   0   1   0   0   0   1   0   1   0   1   0   1   0   3   0   2   0   0   0   0   0   3   0   0   0   0   0   
2   0   11  0   1   0   255 255 255 255 4   0   0   0   0   0   1   0   4   0   1   0   0   0   255 255 1   0   255 255 255 255 
0   0   1   0   0   0   0   0   0   0   1   0   0   0   0   0   0   0   1   0   255 255 0   0   0   0   0   0   0   0   255 255 
0   0   0   0   0   0   0   0   255 255 0   0   0   0   0   0   0   0   0   0   0   0   0   0   0   0   255 255 0   0   1   0   
0   0   0   0   1   0   0   0   0   0   1   0   1   0   1   0   1   0   3   0   2   0   255 255 0   0   3   0   0   0   0   0   
2   0   11  0   1   0   0   0   0   0   4   0   0   0   0   0   1   0   4   0   1   0   0   0   255 255 1   0   0   0   0   0   
0   0   1   0   0   0   0   0   0   0   1   0   0   0   0   0   0   0   1   0   255 255 0   0   0   0   0   0   0   0   255 255 
0   0   0   0   0   0   0   0   255 255 0   0   0   0   0   0   0   0   0   0   0   0   0   0   0   0   255 255 0   0   1   0   
0   0   0   0   1   0   0   0   0   0   1   0   1   0   1   0   1   0   3   0   2   0   255 255 0   0   3   0   0   0   0   0   
3   0   12  0   1   0   0   0   0   0   4   0   0   0   0   0   1   0   4   0   1   0   0   0   255 255 1   0   0   0   0   0   
0   0   1   0   0   0   0   0   0   0   1   0   0   0   0   0   0   0   1   0   255 255 0   0   0   0   0   0   0   0   255 255 
0   0   0   0   0   0   0   0   255 255 0   0   0   0   0   0   0   0   255 255 0   0   255 255 0   0   255 255 0   0   1   0   
1   0   0   0   1   0   1   0   0   0   1   0   1   0   1   0   1   0   3   0   2   0   255 255 0   0   3   0   0   0   1   0   
3   0   12  0   1   0   0   0   0   0   4   0   0   0   0   0   1   0   4   0   1   0   0   0   255 255 1   0   0   0   0   0   
0   0   1   0   0   0   0   0   0   0   1   0   0   0   0   0   0   0   1   0   255 255 0   0   0   0   0   0   0   0   255 255 
0   0   0   0   1   0   1   0   255 255 0   0   0   0   0   0   0   0   0   0   0   0   0   0   0   0   0   0   1   0   1   0   
1   0   0   0   1   0   1   0   0   0   2   0   1   0   1   0   1   0   3   0   2   0   0   0   0   0   3   0   0   0   1   0   
3   0   12  0   1   0   255 255 0   0   4   0   0   0   0   0   1   0   4   0   1   0   0   0   255 255 1   0   0   0   0   0   
1   0   2   0   0   0   0   0   0   0   1   0   0   0   0   0   0   0   1   0   255 255 0   0   0   0   0   0   0   0   0   0   
0   0   0   0   1   0   1   0   255 255 0   0   0   0   0   0   0   0   0   0   0   0   0   0   0   0   0   0   1   0   1   0   
1   0   0   0   1   0   1   0   0   0   2   0   1   0   1   0   1   0   3   0   2   0   0   0   0   0   3   0   0   0   1   0   
3   0   12  0   1   0   255 255 0   0   4   0   0   0   0   0   1   0   4   0   1   0   0   0   255 255 1   0   0   0   0   0   
1   0   2   0   0   0   0   0   0   0   1   0   0   0   0   0   0   0   1   0   255 255 255 255 0   0   0   0   0   0   0   0   
0   0   0   0   0   0   0   0   255 255 0   0   0   0   0   0   0   0   0   0   0   0   0   0   0   0   0   0   1   0   1   0   
1   0   0   0   1   0   1   0   0   0   2   0   1   0   0   0   1   0   3   0   2   0   0   0   0   0   3   0   0   0   1   0   
3   0   12  0   1   0   255 255 0   0   4   0   0   0   0   0   1   0   3   0   1   0   0   0   255 255 1   0   0   0   0   0   
1   0   2   0   0   0   0   0   0   0   1   0   0   0   0   0   0   0   1   0   255 255 255 255 0   0   0   0   0   0   0   0   
0   0   0   0   0   0   0   0   255 255 0   0   0   0   0   0   0   0   0   0   0   0   255 255 0   0   0   0   1   0   1   0   
1   0   0   0   1   0   1   0   0   0   2   0   1   0   0   0   1   0   3   0   2   0   0   0   0   0   3   0   0   0   1   0   
3   0   12  0   1   0   255 255 0   0   4   0   0   0   0   0   1   0   4   0   1   0   0   0   255 255 1   0   0   0   0   0   
1   0   2   0   0   0   0   0   0   0   1   0   0   0   0   0   0   0   1   0   255 255 255 255 0   0   0   0   0   0   0   0   
0   0   0   0   0   0   0   0   255 255 0   0   0   0   0   0   0   0   0   0   0   0   255 255 0   0   0   0   1   0   1   0   
1   0   0   0   1   0   1   0   0   0   2   0   1   0   1   0   1   0   3   0   2   0   0   0   0   0   3   0   0   0   1   0   
3   0   12  0   1   0   255 255 0   0   4   0   0   0   0   0   1   0   4   0   1   0   0   0   255 255 1   0   0   0   0   0   
1   0   2   0   0   0   0   0   0   0   1   0   0   0   0   0   0   0   1   0   255 255 255 255 0   0   0   0   0   0   0   0   
0   0   0   0   0   0   0   0   255 255 0   0   0   0   0   0   0   0   0   0   0   0   0   0   0   0   0   0   1   0   1   0   
1   0   0   0   1   0   1   0   0   0   2   0   1   0   1   0   1   0   3   0   1   0   255 255 0   0   3   0   0   0   1   0   
3   0   12  0   1   0   255 255 0   0   4   0   0   0   0   0   1   0   4   0   1   0   0   0   255 255 1   0   0   0   0   0   
1   0   2   0   0   0   0   0   0   0   1   0   255 255 0   0   0   0   1   0   255 255 255 255 0   0   0   0   0   0   0   0   
0   0   255 255 0   0   0   0   255 255 0   0   0   0   0   0   0   0   0   0   0   0   1   0   0   0   0   0   1   0   1   0   
1   0   0   0   1   0   1   0   0   0   2   0   2   0   1   0   1   0   3   0   1   0   255 255 0   0   3   0   0   0   1   0   
3   0   12  0   1   0   255 255 0   0   4   0   255 255 255 255 1   0   4   0   1   0   0   0   255 255 1   0   0   0   0   0   
1   0   2   0   0   0   0   0   0   0   1   0   255 255 0   0   0   0   1   0   255 255 255 255 0   0   0   0   0   0   0   0   
0   0   255 255 0   0   0   0   255 255 0   0   0   0   0   0   0   0   0   0   0   0   1   0   0   0   0   0   1   0   1   0   
1   0   0   0   1   0   0   0   0   0   2   0   1   0   1   0   1   0   3   0   1   0   255 255 0   0   3   0   0   0   1   0   
3   0   12  0   1   0   0   0   0   0   4   0   0   0   0   0   1   0   4   0   1   0   0   0   255 255 1   0   0   0   0   0   
1   0   2   0   0   0   0   0   0   0   1   0   255 255 0   0   0   0   1   0   255 255 255 255 0   0   0   0   0   0   0   0   
0   0   255 255 0   0   0   0   255 255 0   0   0   0   255 255 0   0   0   0   0   0   1   0   0   0   0   0   1   0   1   0   
1   0   0   0   1   0   1   0   0   0   2   0   1   0   1   0   1   0   3   0   1   0   255 255 0   0   3   0   0   0   1   0   
3   0   12  0   1   0   0   0   255 255 4   0   0   0   255 255 1   0   4   0   1   0   0   0   0   0   1   0   0   0   0   0   
1   0   1   0   0   0   0   0   0   0   1   0   255 255 0   0   0   0   1   0   255 255 255 255 0   0   0   0   0   0   0   0   
0   0   255 255 0   0   0   0   255 255 0   0   0   0   0   0   0   0   0   0   0   0   0   0   0   0   0   0   1   0   1   0   
1   0   0   0   1   0   1   0   0   0   2   0   1   0   1   0   1   0   3   0   1   0   255 255 0   0   3   0   0   0   1   0   
3   0   12  0   1   0   0   0   255 255 4   0   0   0   0   0   1   0   4   0   1   0   0   0   0   0   2   0   0   0   0   0   
1   0   1   0   0   0   0   0   0   0   1   0   255 255 0   0   0   0   1   0   255 255 255 255 0   0   0   0   0   0   0   0   
0   0   255 255 0   0   0   0   255 255 0   0   0   0   0   0   0   0   0   0   0   0   0   0   0   0   0   0   1   0   1   0   
1   0   0   0   1   0   1   0   0   0   2   0   1   0   1   0   1   0   3   0   2   0   255 255 0   0   3   0   0   0   1   0   
3   0   11  0   1   0   255 255 255 255 4   0   0   0   0   0   1   0   4   0   1   0   0   0   0   0   2   0   0   0   0   0   
1   0   1   0   0   0   0   0   0   0   0   0   255 255 0   0   0   0   1   0   255 255 0   0   0   0   0   0   0   0   0   0   
0   0   255 255 0   0   0   0   255 255 0   0   0   0   0   0   0   0   0   0   0   0   0   0   0   0   0   0   1   0   1   0   
1   0   0   0   1   0   1   0   0   0   2   0   1   0   1   0   1   0   3   0   2   0   255 255 0   0   3   0   0   0   1   0   
3   0   11  0   1   0   255 255 0   0   4   0   0   0   0   0   1   0   4   0   1   0   0   0   255 255 2   0   0   0   0   0   
1   0   1   0   0   0   0   0   0   0   1   0   255 255 0   0   0   0   1   0   255 255 0   0   0   0   0   0   0   0   0   0   
0   0   255 255 0   0   0   0   255 255 0   0   0   0   0   0   0   0   0   0   0   0   0   0   0   0   0   0   1   0   1   0   
1   0   0   0   1   0   1   0   0   0   2   0   1   0   1   0   1   0   3   0   2   0   0   0   0   0   3   0   0   0   1   0   
3   0   11  0   1   0   255 255 0   0   4   0   0   0   0   0   1   0   4   0   1   0   0   0   255 255 2   0   0   0   0   0   
1   0   2   0   0   0   0   0   0   0   1   0   255 255 0   0   0   0   1   0   255 255 0   0   0   0   0   0   0   0   0   0   
0   0   255 255 0   0   0   0   255 255 0   0   0   0   0   0   0   0   0   0   0   0   0   0   0   0   0   0   1   0   1   0   
1   0   0   0   1   0   1   0   0   0   2   0   1   0   1   0   1   0   3   0   2   0   0   0   0   0   3   0   0   0   1   0   
3   0   11  0   1   0   255 255 0   0   4   0   0   0   0   0   1   0   4   0   1   0   0   0   255 255 2   0   0   0   0   0   
1   0   2   0   0   0   0   0   0   0   1   0   255 255 0   0   0   0   1   0   255 255 0   0   0   0   255 255 255 255 255 255 
0   0   255 255 0   0   0   0   255 255 0   0   0   0   0   0   0   0   0   0   0   0   0   0   0   0   0   0   1   0   1   0   
1   0   0   0   1   0   1   0   0   0   2   0   1   0   1   0   1   0   3   0   2   0   0   0   0   0   3   0   0   0   1   0   
3   0   11  0   1   0   255 255 0   0   4   0   0   0   0   0   1   0   4   0   1   0   0   0   255 255 1   0   0   0   255 255 
1   0   2   0   0   0   0   0   0   0   1   0   255 255 0   0   0   0   1   0   255 255 0   0   0   0   0   0   255 255 255 255 
0   0   255 255 0   0   0   0   255 255 0   0   0   0   0   0   0   0   0   0   0   0   0   0   0   0   0   0   1   0   1   0   
1   0   0   0   1   0   1   0   0   0   2   0   1   0   1   0   1   0   3   0   2   0   0   0   0   0   2   0   0   0   0   0   
3   0   11  0   1   0   255 255 0   0   4   0   0   0   0   0   1   0   4   0   1   0   0   0   255 255 1   0   0   0   255 255 
1   0   2   0   0   0   0   0   0   0   1   0   255 255 0   0   0   0   1   0   255 255 0   0   0   0   255 255 255 255 255 255 
0   0   255 255 0   0   255 255 255 255 0   0   0   0   0   0   0   0   0   0   0   0   0   0   0   0   0   0   0   0   1   0   
1   0   0   0   1   0   1   0   0   0   2   0   1   0   1   0   1   0   3   0   2   0   0   0   0   0   2   0   0   0   1   0   
3   0   11  0   1   0   255 255 0   0   4   0   0   0   0   0   1   0   3   0   1   0   0   0   255 255 1   0   0   0   255 255 
1   0   2   0   0   0   0   0   0   0   1   0   255 255 0   0   0   0   1   0   255 255 0   0   0   0   255 255 255 255 255 255 
0   0   255 255 0   0   0   0   255 255 0   0   0   0   0   0   0   0   0   0   0   0   0   0   0   0   0   0   0   0   1   0   
1   0   0   0   1   0   1   0   0   0   2   0   1   0   1   0   1   0   3   0   2   0   255 255 0   0   2   0   0   0   1   0   
3   0   11  0   1   0   255 255 0   0   4   0   0   0   0   0   1   0   4   0   1   0   0   0   255 255 1   0   0   0   0   0   
1   0   2   0   0   0   0   0   0   0   1   0   255 255 0   0   0   0   1   0   255 255 0   0   1   0   0   0   0   0   0   0   
0   0   255 255 0   0   0   0   255 255 0   0   0   0   0   0   0   0   255 255 0   0   255 255 0   0   0   0   0   0   1   0   
1   0   0   0   1   0   1   0   0   0   2   0   1   0   1   0   1   0   3   0   2   0   255 255 0   0   2   0   0   0   1   0   
3   0   12  0   1   0   0   0   0   0   4   0   0   0   0   0   1   0   4   0   1   0   0   0   255 255 1   0   0   0   0   0   
1   0   2   0   0   0   0   0   0   0   1   0   255 255 0   0   0   0   1   0   255 255 255 255 1   0   0   0   0   0   0   0   
0   0   255 255 0   0   0   0   255 255 0   0   0   0   0   0   0   0   255 255 0   0   0   0   0   0   0   0   0   0   1   0   
1   0   0   0   1   0   1   0   0   0   2   0   1   0   1   0   1   0   3   0   1   0   255 255 0   0   2   0   0   0   1   0   
3   0   12  0   1   0   0   0   0   0   4   0   0   0   0   0   1   0   4   0   1   0   0   0   255 255 1   0   0   0   0   0   
1   0   2   0   0   0   0   0   0   0   1   0   255 255 0   0   0   0   1   0   255 255 255 255 1   0   0   0   0   0   0   0   
0   0   255 255 0   0   0   0   255 255 0   0   0   0   0   0   0   0   255 255 0   0   0   0   0   0   0   0   0   0   1   0   
1   0   0   0   1   0   1   0   0   0   2   0   1   0   1   0   1   0   3   0   1   0   255 255 0   0   2   0   0   0   1   0   
3   0   12  0   1   0   0   0   0   0   4   0   0   0   0   0   1   0   4   0   1   0   0   0   255 255 1   0   0   0   0   0   
1   0   2   0   0   0   0   0   0   0   1   0   255 255 0   0   0   0   1   0   255 255 255 255 0   0   0   0   0   0   0   0   
0   0   0   0   0   0   0   0   255 255 0   0   0   0   0   0   0   0   255 255 0   0   0   0   0   0   0   0   0   0   1   0   
1   0   0   0   1   0   1   0   0   0   2   0   1   0   1   0   1   0   3   0   2   0   255 255 0   0   2   0   0   0   0   0   
3   0   12  0   1   0   0   0   0   0   4   0   0   0   0   0   1   0   4   0   1   0   0   0   255 255 1   0   0   0   0   0   
1   0   2   0   0   0   0   0   0   0   1   0   255 255 0   0   0   0   1   0   255 255 255 255 0   0   0   0   0   0   0   0   
0   0   0   0   0   0   0   0   255 255 0   0   0   0   0   0   0   0   255 255 0   0   0   0   0   0   0   0   0   0   1   0   
1   0   0   0   1   0   1   0   0   0   2   0   1   0   1   0   1   0   3   0   2   0   255 255 0   0   2   0   0   0   0   0   
3   0   12  0   1   0   0   0   0   0   4   0   0   0   0   0   1   0   4   0   1   0   0   0   255 255 1   0   0   0   0   0   
1   0   2   0   1   0   0   0   0   0   1   0   255 255 0   0   0   0   1   0   255 255 255 255 0   0   0   0   0   0   0   0   
0   0   0   0   0   0   0   0   255 255 0   0   0   0   0   0   0   0   255 255 0   0   0   0   0   0   0   0   0   0   1   0   
0   0   0   0   1   0   1   0   0   0   2   0   2   0   1   0   1   0   3   0   2   0   255 255 0   0   2   0   1   0   1   0   
3   0   12  0   2   0   0   0   255 255 4   0   0   0   0   0   1   0   4   0   1   0   0   0   255 255 1   0   0   0   0   0   
1   0   2   0   1   0   0   0   0   0   1   0   255 255 0   0   0   0   1   0   255 255 255 255 0   0   0   0   0   0   0   0   
0   0   0   0   0   0   0   0   255 255 255 255 0   0   0   0   0   0   255 255 0   0   0   0   0   0   0   0   0   0   1   0   
0   0   0   0   1   0   1   0   0   0   2   0   2   0   1   0   1   0   3   0   2   0   255 255 0   0   2   0   1   0   1   0   
3   0   12  0   2   0   0   0   255 255 4   0   0   0   0   0   1   0   4   0   1   0   0   0   255 255 1   0   0   0   0   0   
1   0   1   0   1   0   0   0   0   0   0   0   255 255 0   0   0   0   0   0   255 255 255 255 0   0   0   0   0   0   0   0   
0   0   0   0   0   0   0   0   255 255 255 255 0   0   0   0   0   0   0   0   0   0   0   0   0   0   0   0   1   0   1   0   
0   0   0   0   1   0   1   0   0   0   2   0   2   0   1   0   1   0   3   0   2   0   255 255 0   0   3   0   1   0   1   0   
3   0   11  0   1   0   255 255 255 255 4   0   0   0   0   0   1   0   4   0   1   0   0   0   255 255 1   0   0   0   0   0   
1   0   1   0   1   0   0   0   0   0   0   0   255 255 0   0   0   0   1   0   255 255 255 255 0   0   0   0   0   0   0   0   
0   0   0   0   0   0   0   0   255 255 0   0   0   0   0   0   0   0   0   0   0   0   0   0   0   0   0   0   0   0   1   0   
0   0   0   0   1   0   1   0   0   0   2   0   2   0   1   0   1   0   3   0   2   0   255 255 0   0   3   0   1   0   1   0   
3   0   12  0   1   0   255 255 255 255 4   0   0   0   0   0   1   0   4   0   1   0   0   0   0   0   2   0   0   0   0   0   
0   0   1   0   0   0   0   0   0   0   1   0   255 255 0   0   0   0   1   0   255 255 255 255 0   0   0   0   0   0   0   0   
0   0   0   0   0   0   0   0   255 255 0   0   0   0   0   0   0   0   0   0   0   0   0   0   0   0   0   0   1   0   1   0   
0   0   0   0   1   0   1   0   0   0   2   0   2   0   1   0   1   0   3   0   2   0   255 255 0   0   3   0   1   0   1   0   
3   0   12  0   1   0   255 255 0   0   4   0   0   0   0   0   1   0   4   0   1   0   0   0   0   0   2   0   0   0   0   0   
0   0   1   0   0   0   0   0   0   0   1   0   255 255 0   0   0   0   1   0   255 255 255 255 0   0   0   0   0   0   0   0   
0   0   0   0   0   0   0   0   255 255 0   0   0   0   0   0   0   0   0   0   0   0   0   0   0   0   0   0   1   0   1   0   
0   0   0   0   1   0   1   0   0   0   2   0   2   0   1   0   1   0   3   0   2   0   0   0   0   0   3   0   1   0   1   0   
3   0   12  0   1   0   255 255 0   0   4   0   0   0   0   0   1   0   4   0   1   0   0   0   0   0   2   0   0   0   0   0   
0   0   1   0   0   0   0   0   0   0   1   0   255 255 0   0   0   0   1   0   255 255 255 255 0   0   255 255 0   0   255 255 
0   0   0   0   0   0   0   0   255 255 0   0   0   0   0   0   0   0   255 255 0   0   0   0   0   0   0   0   1   0   1   0   
0   0   0   0   1   0   1   0   0   0   2   0   2   0   1   0   1   0   3   0   2   0   0   0   0   0   3   0   0   0   1   0   
3   0   11  0   1   0   255 255 0   0   4   0   0   0   0   0   1   0   4   0   1   0   0   0   255 255 2   0   0   0   0   0   
0   0   2   0   1   0   0   0   0   0   1   0   255 255 0   0   0   0   1   0   255 255 255 255 0   0   0   0   0   0   255 255 
0   0   0   0   0   0   0   0   255 255 0   0   0   0   0   0   0   0   255 255 0   0   0   0   0   0   0   0   1   0   1   0   
0   0   0   0   0   0   0   0   0   0   2   0   2   0   1   0   1   0   3   0   2   0   0   0   0   0   3   0   0   0   1   0   
3   0   11  0   1   0   255 255 0   0   4   0   0   0   0   0   1   0   4   0   1   0   0   0   255 255 2   0   0   0   0   0   
0   0   2   0   1   0   0   0   0   0   1   0   0   0   0   0   0   0   1   0   255 255 255 255 0   0   0   0   0   0   255 255 
0   0   0   0   0   0   0   0   255 255 255 255 0   0   0   0   0   0   255 255 0   0   0   0   0   0   0   0   1   0   1   0   
0   0   0   0   0   0   0   0   0   0   2   0   2   0   1   0   1   0   3   0   2   0   0   0   0   0   3   0   0   0   1   0   
2   0   11  0   1   0   255 255 0   0   4   0   0   0   0   0   1   0   4   0   1   0   0   0   255 255 2   0   0   0   0   0   
0   0   1   0   0   0   0   0   0   0   1   0   0   0   0   0   0   0   1   0   255 255 255 255 0   0   0   0   0   0   0   0   
0   0   0   0   0   0   0   0   255 255 255 255 0   0   0   0   0   0   255 255 0   0   0   0   0   0   0   0   1   0   1   0   
0   0   0   0   0   0   0   0   0   0   2   0   2   0   1   0   1   0   2   0   2   0   0   0   0   0   3   0   0   0   1   0   
2   0   11  0   1   0   255 255 0   0   4   0   0   0   0   0   1   0   4   0   1   0   0   0   255 255 2   0   0   0   0   0   
0   0   1   0   0   0   0   0   255 255 1   0   0   0   0   0   0   0   1   0   255 255 255 255 0   0   0   0   0   0   255 255 
0   0   255 255 0   0   0   0   255 255 255 255 0   0   0   0   0   0   255 255 0   0   0   0   0   0   0   0   1   0   1   0   
0   0   0   0   0   0   0   0   0   0   2   0   2   0   1   0   1   0   2   0   2   0   0   0   0   0   3   0   0   0   1   0   
2   0   11  0   1   0   255 255 0   0   4   0   0   0   0   0   1   0   4   0   1   0   0   0   255 255 2   0   0   0   0   0   
0   0   1   0   0   0   0   0   255 255 1   0   0   0   0   0   0   0   1   0   255 255 255 255 0   0   0   0   0   0   255 255 
0   0   255 255 0   0   0   0   255 255 255 255 0   0   0   0   0   0   255 255 0   0   0   0   0   0   0   0   1   0   1   0   
0   0   0   0   1   0   0   0   0   0   2   0   2   0   1   0   1   0   2   0   2   0   0   0   0   0   3   0   0   0   1   0   
2   0   11  0   1   0   255 255 0   0   4   0   0   0   0   0   1   0   4   0   1   0   0   0   255 255 2   0   0   0   0   0   
0   0   1   0   0   0   0   0   0   0   1   0   0   0   0   0   0   0   1   0   255 255 255 255 0   0   0   0   0   0   255 255 
0   0   255 255 0   0   0   0   255 255 0   0   0   0   0   0   0   0   255 255 0   0   0   0   0   0   0   0   1   0   1   0   
1   0   0   0   1   0   1   0   0   0   2   0   2   0   1   0   1   0   2   0   2   0   0   0   0   0   3   0   0   0   1   0   
2   0   11  0   1   0   255 255 0   0   4   0   0   0   0   0   1   0   4   0   1   0   0   0   0   0   2   0   0   0   0   0   
0   0   1   0   0   0   0   0   0   0   1   0   0   0   0   0   0   0   1   0   255 255 255 255 0   0   0   0   0   0   255 255 
0   0   255 255 0   0   0   0   255 255 0   0   0   0   0   0   0   0   255 255 0   0   0   0   0   0   0   0   1   0   1   0   
1   0   0   0   1   0   1   0   0   0   2   0   2   0   1   0   1   0   2   0   2   0   0   0   0   0   3   0   0   0   1   0   
2   0   11  0   1   0   255 255 0   0   4   0   0   0   0   0   1   0   4   0   1   0   0   0   0   0   2   0   0   0   0   0   
0   0   1   0   0   0   0   0   0   0   1   0   0   0   0   0   0   0   1   0   0   0   0   0   0   0   255 255 255 255 255 255 
0   0   255 255 0   0   0   0   255 255 0   0   0   0   0   0   0   0   255 255 0   0   0   0   0   0   0   0   1   0   1   0   
0   0   0   0   1   0   1   0   0   0   2   0   2   0   1   0   1   0   3   0   2   0   0   0   0   0   3   0   0   0   1   0   
2   0   11  0   1   0   255 255 0   0   4   0   0   0   0   0   1   0   4   0   1   0   0   0   0   0   2   0   0   0   0   0   
0   0   1   0   0   0   0   0   0   0   1   0   0   0   0   0   0   0   1   0   0   0   0   0   0   0   255 255 255 255 255 255 
0   0   255 255 0   0   0   0   255 255 0   0   0   0   0   0   0   0   255 255 0   0   0   0   0   0   0   0   1   0   1   0   
0   0   0   0   1   0   0   0   0   0   2   0   1   0   0   0   1   0   3   0   2   0   255 255 0   0   3   0   0   0   1   0   
2   0   11  0   1   0   255 255 0   0   4   0   0   0   1   0   1   0   4   0   1   0   0   0   0   0   2   0   0   0   0   0   
0   0   1   0   0   0   0   0   0   0   1   0   0   0   0   0   0   0   1   0   0   0   255 255 0   0   255 255 255 255 255 255 
0   0   255 255 0   0   0   0   255 255 0   0   0   0   0   0   0   0   255 255 0   0   0   0   0   0   0   0   0   0   1   0   
0   0   0   0   1   0   0   0   0   0   2   0   1   0   1   0   1   0   3   0   2   0   255 255 0   0   3   0   0   0   1   0   
2   0   11  0   1   0   255 255 0   0   4   0   0   0   1   0   1   0   4   0   1   0   0   0   0   0   2   0   0   0   0   0   
0   0   1   0   0   0   0   0   0   0   1   0   0   0   0   0   0   0   1   0   0   0   255 255 0   0   0   0   255 255 255 255 
0   0   255 255 0   0   0   0   255 255 0   0   0   0   0   0   0   0   0   0   1   0   0   0   0   0   0   0   0   0   1   0   
0   0   0   0   1   0   1   0   0   0   2   0   1   0   1   0   1   0   3   0   2   0   255 255 0   0   3   0   0   0   1   0   
2   0   11  0   1   0   255 255 0   0   4   0   0   0   0   0   1   0   4   0   1   0   0   0   0   0   2   0   0   0   0   0   
0   0   1   0   0   0   0   0   0   0   1   0   0   0   0   0   0   0   1   0   0   0   255 255 0   0   0   0   255 255 255 255 
0   0   255 255 0   0   0   0   255 255 0   0   0   0   0   0   0   0   0   0   1   0   0   0   0   0   0   0   0   0   1   0   
0   0   0   0   1   0   1   0   0   0   2   0   1   0   1   0   1   0   3   0   2   0   255 255 0   0   3   0   0   0   1   0   
2   0   11  0   1   0   255 255 0   0   4   0   0   0   0   0   1   0   4   0   1   0   0   0   0   0   2   0   0   0   0   0   
0   0   1   0   0   0   0   0   0   0   1   0   0   0   0   0   0   0   1   0   0   0   255 255 0   0   0   0   255 255 255 255 
0   0   0   0   0   0   0   0   255 255 0   0   0   0   0   0   0   0   0   0   1   0   0   0   0   0   0   0   1   0   1   0   
